 0.000             4890270             4547786             5726684
 0.050              376331              261991              337914
 0.100              338407              313693              283303
 0.150              337969              341103              244859
 0.200              347300              345601              210004
 0.250              363331              349007              179328
 0.300              381207              357509              150452
 0.350              403658              375061              123830
 0.400              428550              401785              102373
 0.450              457317              430557               83925
 0.500              489430              462834               69413
 0.550              520574              502259               58827
 0.600              560058              540374               49853
 0.650              605542              587431               43743
 0.700              656348              642664               40850
 0.750              710957              704290               38767
 0.800              767453              781856               38273
 0.850              840234              881332               39443
 0.900              923190             1013269               41055
 0.950             1023052             1169392               44511
 1.000             1183476             1457435             3758647
 1.050             6039303             5963056             4235301
 1.100            12268430            10399656             3919725
 1.150             8111044             8155089             3828148
 1.200             3127605             4043873             3630420
 1.250              487362             1257892             3292047
 1.300               25062              284954             2923848
 1.350                  79               63838             2498380
 1.400                   0               18222             2105430
 1.450                   0                6192             1756126
 1.500                   0                2225             1450737
 1.550                   0                 851             1181345
 1.600                   0                 285              954349
 1.650                   0                 109              763116
 1.700                   0                  44              603953
 1.750                   0                  15              474082
 1.800                   0                   4              367358
 1.850                   0                   3              279417
 1.900                   0                   2              209355
 1.950                   0                   0              155374
 2.000                   0                   0              112966
 2.050                   0                   0               81535
 2.100                   0                   0               57200
 2.150                   0                   0               39258
 2.200                   0                   0               27078
 2.250                   0                   0               18020
 2.300                   0                   0               11989
 2.350                   0                   0                7609
 2.400                   0                   0                5016
 2.450                   0                   0                3157
 2.500                   0                   0                2011
 2.550                   0                   0                1291
 2.600                   0                   0                 724
 2.650                   0                   0                 460
 2.700                   0                   0                 274
 2.750                   0                   0                 167
 2.800                   0                   0                  93
 2.850                   0                   0                  51
 2.900                   0                   0                  31
 2.950                   0                   0                  22
 3.000                   0                   0                   8
 3.050                   0                   0                   5
 3.100                   0                   0                   5
 3.150                   0                   0                   4
 3.200                   0                   0                   0
 3.250                   0                   0                   0
 3.300                   0                   0                   0
 3.350                   0                   0                   0
 3.400                   0                   0                   0
 3.450                   0                   0                   0
 3.500                   0                   0                   0
 3.550                   0                   0                   0
 3.600                   0                   0                   0
 3.650                   0                   0                   0
 3.700                   0                   0                   0
 3.750                   0                   0                   0
 3.800                   0                   0                   0
 3.850                   0                   0                   0
 3.900                   0                   0                   0
 3.950                   0                   0                   0
 4.000                   0                   0                   0
 4.050                   0                   0                   0
 4.100                   0                   0                   0
 4.150                   0                   0                   0
 4.200                   0                   0                   0
 4.250                   0                   0                   0
 4.300                   0                   0                   0
 4.350                   0                   0                   0
 4.400                   0                   0                   0
 4.450                   0                   0                   0
 4.500                   0                   0                   0
 4.550                   0                   0                   0
 4.600                   0                   0                   0
 4.650                   0                   0                   0
 4.700                   0                   0                   0
 4.750                   0                   0                   0
 4.800                   0                   0                   0
 4.850                   0                   0                   0
 4.900                   0                   0                   0
 4.950                   0                   0                   0
