 0.000             4200024             3867728             4880737
 0.050              347995              246866              330341
 0.100              315489              291979              289810
 0.150              315689              311795              258796
 0.200              325249              318444              235027
 0.250              339414              323174              217695
 0.300              356731              335055              199957
 0.350              378193              351184              176796
 0.400              400592              372398              155041
 0.450              426072              398574              133370
 0.500              453790              427564              112846
 0.550              484229              459550               95730
 0.600              521414              498032               81794
 0.650              563170              539837               69631
 0.700              612038              587373               61043
 0.750              662567              649497               54345
 0.800              723911              724247               50408
 0.850              793644              827001               48299
 0.900              874964              965273               47386
 0.950              984949             1149021               48744
 1.000             1125338             1413366             2193000
 1.050             1701296             3202313             2897381
 1.100            13768550             9844434             3115692
 1.150            11403769            10555008             3472521
 1.200             6762221             7450788             3728047
 1.250             2021844             3483980             3761690
 1.300              214877             1089918             3583198
 1.350                6772              282090             3276741
 1.400                 773               78569             2938784
 1.450                   0               25486             2590875
 1.500                   0                9308             2236660
 1.550                   0                3542             1900192
 1.600                   0                1352             1591151
 1.650                   0                 514             1315616
 1.700                   0                 186             1076678
 1.750                   0                  72              869635
 1.800                   0                  30              694787
 1.850                   0                  11              550933
 1.900                   0                   2              431169
 1.950                   0                   2              334671
 2.000                   0                   0              257421
 2.050                   0                   0              194389
 2.100                   0                   0              145828
 2.150                   0                   0              107729
 2.200                   0                   0               79952
 2.250                   0                   2               57971
 2.300                   0                   0               41588
 2.350                   0                   0               29286
 2.400                   0                   0               20463
 2.450                   0                   0               14296
 2.500                   0                   0                9911
 2.550                   0                   0                6704
 2.600                   0                   0                4449
 2.650                   0                   0                2861
 2.700                   0                   0                1942
 2.750                   0                   0                1280
 2.800                   0                   0                 806
 2.850                   0                   0                 493
 2.900                   0                   0                 302
 2.950                   0                   0                 188
 3.000                   0                   0                 114
 3.050                   0                   0                  59
 3.100                   0                   0                  33
 3.150                   0                   0                  22
 3.200                   0                   0                  16
 3.250                   0                   0                   8
 3.300                   0                   0                   6
 3.350                   0                   0                   1
 3.400                   0                   0                   1
 3.450                   0                   0                   0
 3.500                   0                   0                   0
 3.550                   0                   0                   1
 3.600                   0                   0                   0
 3.650                   0                   1                   0
 3.700                   0                   0                   0
 3.750                   0                   2                   0
 3.800                   0                   0                   0
 3.850                   0                   0                   0
 3.900                   0                   0                   0
 3.950                   0                   1                   0
 4.000                   0                   1                   0
 4.050                   0                   1                   0
 4.100                   0                   1                   0
 4.150                   0                   0                   0
 4.200                   0                   2                   0
 4.250                   0                   0                   0
 4.300                   0                   0                   0
 4.350                   0                   2                   0
 4.400                   0                   2                   0
 4.450                   0                   0                   0
 4.500                   0                   3                   0
 4.550                   0                   4                   0
 4.600                   0                   3                   0
 4.650                   0                   6                   0
 4.700                   0                  10                   0
 4.750                   0                   8                   0
 4.800                   0                  10                   0
 4.850                   0                  16                   0
 4.900                   0                  42                   0
 4.950                   0                 111                   0
