 0.000             3546786             3240432             4116435
 0.050              302142              200932              282438
 0.100              276192              241036              276687
 0.150              276191              266161              266772
 0.200              286587              276927              252940
 0.250              299755              284026              239099
 0.300              313881              292961              227064
 0.350              332546              305364              211591
 0.400              351162              320540              193066
 0.450              374787              344210              174465
 0.500              400735              369676              154654
 0.550              429188              399315              136772
 0.600              459968              435178              119652
 0.650              499028              475103              105692
 0.700              545634              522708               91632
 0.750              598380              578816               81325
 0.800              662108              654197               71813
 0.850              737160              755376               64745
 0.900              835457              899684               59601
 0.950              953765             1101236               56446
 1.000             1102453             1383950             1330146
 1.050             1333644             1911122             1919059
 1.100             7801777             6341367             2329771
 1.150            15222401            11727749             2820707
 1.200            11548312            11153520             3254032
 1.250             6019675             7479510             3537202
 1.300             1256440             3356831             3645527
 1.350               83860             1087703             3634057
 1.400                2388              306745             3514003
 1.450                 201               91838             3311257
 1.500                   0               30689             3050964
 1.550                   0               11100             2754563
 1.600                   0                4155             2444083
 1.650                   0                1518             2132587
 1.700                   0                 571             1834625
 1.750                   0                 219             1561853
 1.800                   0                  77             1308967
 1.850                   0                  36             1086462
 1.900                   0                  13              892380
 1.950                   0                   7              727756
 2.000                   0                   3              584018
 2.050                   0                   1              464672
 2.100                   0                   1              365823
 2.150                   0                   0              286549
 2.200                   0                   0              221439
 2.250                   0                   0              169448
 2.300                   0                   0              128231
 2.350                   0                   0               97201
 2.400                   0                   0               72713
 2.450                   0                   0               53315
 2.500                   0                   0               39350
 2.550                   0                   0               28442
 2.600                   0                   0               20610
 2.650                   0                   0               14633
 2.700                   0                   0               10275
 2.750                   0                   0                7131
 2.800                   0                   0                5148
 2.850                   0                   0                3451
 2.900                   0                   1                2415
 2.950                   0                   0                1476
 3.000                   0                   1                1078
 3.050                   0                   0                 686
 3.100                   0                   1                 456
 3.150                   0                   0                 268
 3.200                   0                   0                 217
 3.250                   0                   0                 140
 3.300                   0                   1                  90
 3.350                   0                   1                  49
 3.400                   0                   0                  43
 3.450                   0                   2                  20
 3.500                   0                   1                  18
 3.550                   0                   0                   5
 3.600                   0                   0                   4
 3.650                   0                   0                   4
 3.700                   0                   1                   1
 3.750                   0                   0                   2
 3.800                   0                   0                   1
 3.850                   0                   0                   1
 3.900                   0                   0                   0
 3.950                   0                   0                   0
 4.000                   0                   2                   0
 4.050                   0                   0                   0
 4.100                   0                   2                   0
 4.150                   0                   1                   0
 4.200                   0                   1                   0
 4.250                   0                   1                   0
 4.300                   0                   3                   0
 4.350                   0                   1                   0
 4.400                   0                   2                   0
 4.450                   0                   2                   0
 4.500                   0                   1                   0
 4.550                   0                  11                   0
 4.600                   0                   8                   0
 4.650                   0                   7                   0
 4.700                   0                  19                   0
 4.750                   0                  10                   0
 4.800                   0                  19                   0
 4.850                   0                  29                   0
 4.900                   0                  49                   0
 4.950                   0                 113                   0
