 0.000             5836238             5345342             6913825
 0.050              460318              269766              403291
 0.100              415560              346231              290362
 0.150              412612              398981              217355
 0.200              424526              423661              161214
 0.250              440716              435727              121833
 0.300              463330              447106               94525
 0.350              487588              465649               75403
 0.400              515781              491202               61482
 0.450              547522              523799               51838
 0.500              582596              563380               46955
 0.550              623384              606029               43721
 0.600              666963              654178               42647
 0.650              713459              708370               43178
 0.700              760415              770123               44666
 0.750              805419              839393               47418
 0.800              847687              911507               50676
 0.850              906102              998522               55945
 0.900              972354             1099784               62969
 0.950             1099686             1240191               73120
 1.000             3595206             4024463             6338072
 1.050             9041191             8450236             6024602
 1.100             7695142             7110665             4703602
 1.150             2803650             3294792             3483683
 1.200              413693              910545             2599041
 1.250               12406              170590             2023810
 1.300                   7               30952             1614774
 1.350                   0                8002             1293078
 1.400                   0                2773             1031378
 1.450                   0                1034              820484
 1.500                   0                 347              646457
 1.550                   0                 143              509583
 1.600                   0                  43              400596
 1.650                   0                  13              309957
 1.700                   0                   7              238918
 1.750                   0                   2              179632
 1.800                   0                   2              132960
 1.850                   0                   0               96024
 1.900                   0                   1               68417
 1.950                   0                   0               47016
 2.000                   0                   0               31304
 2.050                   0                   0               19878
 2.100                   0                   0               12341
 2.150                   0                   0                7308
 2.200                   0                   0                4065
 2.250                   0                   0                2120
 2.300                   0                   0                1130
 2.350                   0                   0                 516
 2.400                   0                   0                 229
 2.450                   0                   0                  96
 2.500                   0                   0                  38
 2.550                   0                   0                   9
 2.600                   0                   0                   7
 2.650                   0                   0                   2
 2.700                   0                   0                   1
 2.750                   0                   0                   0
 2.800                   0                   0                   0
 2.850                   0                   0                   0
 2.900                   0                   0                   0
 2.950                   0                   0                   0
 3.000                   0                   0                   0
 3.050                   0                   0                   0
 3.100                   0                   0                   0
 3.150                   0                   0                   0
 3.200                   0                   0                   0
 3.250                   0                   0                   0
 3.300                   0                   0                   0
 3.350                   0                   0                   0
 3.400                   0                   0                   0
 3.450                   0                   0                   0
 3.500                   0                   0                   0
 3.550                   0                   0                   0
 3.600                   0                   0                   0
 3.650                   0                   0                   0
 3.700                   0                   0                   0
 3.750                   0                   0                   0
 3.800                   0                   0                   0
 3.850                   0                   0                   0
 3.900                   0                   0                   0
 3.950                   0                   0                   0
 4.000                   0                   0                   0
 4.050                   0                   0                   0
 4.100                   0                   0                   0
 4.150                   0                   0                   0
 4.200                   0                   0                   0
 4.250                   0                   0                   0
 4.300                   0                   0                   0
 4.350                   0                   0                   0
 4.400                   0                   0                   0
 4.450                   0                   0                   0
 4.500                   0                   0                   0
 4.550                   0                   0                   0
 4.600                   0                   0                   0
 4.650                   0                   0                   0
 4.700                   0                   0                   0
 4.750                   0                   0                   0
 4.800                   0                   0                   0
 4.850                   0                   0                   0
 4.900                   0                   0                   0
 4.950                   0                   0                   0
