 0.000             3667119             3386968             4291548
 0.050              308565              210547              290481
 0.100              282423              250854              263680
 0.150              284204              274915              249517
 0.200              293082              283417              240125
 0.250              307327              289237              228287
 0.300              322217              298839              212637
 0.350              342669              313676              194999
 0.400              365329              334824              176194
 0.450              388507              358638              154441
 0.500              414932              388809              134486
 0.550              445787              419828              116521
 0.600              476429              455124              100490
 0.650              515184              494759               86801
 0.700              563826              540891               74550
 0.750              622113              594490               66356
 0.800              681040              666526               59339
 0.850              745876              759761               53898
 0.900              829757              892363               50359
 0.950              932354             1076052               49322
 1.000             1072172             1333137             1609115
 1.050             1300332             1910244             2338993
 1.100             9314083             7369846             2705490
 1.150            14305811            11914111             3187738
 1.200            10528870            10383749             3549070
 1.250             4507361             6116384             3735437
 1.300              767623             2367686             3743477
 1.350               29605              670193             3608269
 1.400                1441              178355             3379039
 1.450                   0               53342             3090097
 1.500                   0               17853             2760902
 1.550                   0                6642             2426076
 1.600                   0                2539             2095495
 1.650                   0                 907             1783459
 1.700                   0                 339             1496855
 1.750                   0                 108             1244203
 1.800                   0                  50             1020361
 1.850                   0                  20              828287
 1.900                   0                  10              664999
 1.950                   0                   1              531285
 2.000                   0                   2              417641
 2.050                   0                   0              325710
 2.100                   0                   0              250988
 2.150                   0                   1              192171
 2.200                   0                   0              145047
 2.250                   0                   0              108430
 2.300                   0                   0               80410
 2.350                   0                   0               58732
 2.400                   0                   0               42806
 2.450                   0                   1               30668
 2.500                   0                   0               21775
 2.550                   0                   0               15313
 2.600                   0                   0               10811
 2.650                   0                   0                7415
 2.700                   0                   0                4892
 2.750                   0                   0                3508
 2.800                   0                   1                2284
 2.850                   0                   0                1520
 2.900                   0                   0                1019
 2.950                   0                   0                 651
 3.000                   0                   0                 415
 3.050                   0                   0                 296
 3.100                   0                   0                 180
 3.150                   0                   1                 116
 3.200                   0                   1                  64
 3.250                   0                   1                  45
 3.300                   0                   0                  26
 3.350                   0                   0                  18
 3.400                   0                   0                   9
 3.450                   0                   0                   7
 3.500                   0                   0                   3
 3.550                   0                   1                   3
 3.600                   0                   0                   1
 3.650                   0                   0                   0
 3.700                   0                   0                   2
 3.750                   0                   0                   0
 3.800                   0                   2                   0
 3.850                   0                   0                   0
 3.900                   0                   1                   0
 3.950                   0                   0                   0
 4.000                   0                   0                   0
 4.050                   0                   1                   0
 4.100                   0                   1                   0
 4.150                   0                   1                   0
 4.200                   0                   3                   0
 4.250                   0                   0                   0
 4.300                   0                   2                   0
 4.350                   0                   2                   0
 4.400                   0                   2                   0
 4.450                   0                   6                   0
 4.500                   0                   8                   0
 4.550                   0                   7                   0
 4.600                   0                   8                   0
 4.650                   0                  14                   0
 4.700                   0                  21                   0
 4.750                   0                  18                   0
 4.800                   0                  28                   0
 4.850                   0                  39                   0
 4.900                   0                  68                   0
 4.950                   0                 147                   0
