 0.000             5834558             5325020             6908897
 0.050              470238              272038              425683
 0.100              423257              351204              299785
 0.150              418221              411144              226866
 0.200              430371              437793              174044
 0.250              449049              448537              132649
 0.300              473161              457672              101432
 0.350              502275              474489               80202
 0.400              535032              499077               66236
 0.450              566582              535711               56028
 0.500              603543              576479               49838
 0.550              643058              624606               46755
 0.600              684853              675371               45205
 0.650              735897              732623               45957
 0.700              783906              795224               47465
 0.750              827485              864384               50507
 0.800              877926              940391               54063
 0.850              926827             1025035               59729
 0.900             1002139             1125412               66850
 0.950             1140128             1275685               77321
 1.000             3134259             3623388             6141804
 1.050             9583504             8832653             5914218
 1.100             7713867             7246730             4691074
 1.150             2820798             3341631             3658277
 1.200              501909              966778             2824880
 1.250               31407              201399             2140360
 1.300                 218               38941             1671397
 1.350                   0                9918             1331636
 1.400                   0                3283             1058637
 1.450                   0                1173              841663
 1.500                   0                 406              667600
 1.550                   0                 189              528844
 1.600                   0                  49              413706
 1.650                   0                  21              321971
 1.700                   0                   6              246227
 1.750                   0                   7              186992
 1.800                   0                   1              139738
 1.850                   0                   0              101764
 1.900                   0                   0               73198
 1.950                   0                   0               50878
 2.000                   0                   0               35120
 2.050                   0                   0               23126
 2.100                   0                   0               14766
 2.150                   0                   0                9051
 2.200                   0                   0                5566
 2.250                   0                   0                3058
 2.300                   0                   0                1678
 2.350                   0                   0                 914
 2.400                   0                   0                 473
 2.450                   0                   0                 221
 2.500                   0                   0                  69
 2.550                   0                   0                  28
 2.600                   0                   0                  16
 2.650                   0                   0                   1
 2.700                   0                   0                   3
 2.750                   0                   0                   1
 2.800                   0                   0                   1
 2.850                   0                   0                   0
 2.900                   0                   0                   0
 2.950                   0                   0                   0
 3.000                   0                   0                   0
 3.050                   0                   0                   0
 3.100                   0                   0                   0
 3.150                   0                   0                   0
 3.200                   0                   0                   0
 3.250                   0                   0                   0
 3.300                   0                   0                   0
 3.350                   0                   0                   0
 3.400                   0                   0                   0
 3.450                   0                   0                   0
 3.500                   0                   0                   0
 3.550                   0                   0                   0
 3.600                   0                   0                   0
 3.650                   0                   0                   0
 3.700                   0                   0                   0
 3.750                   0                   0                   0
 3.800                   0                   0                   0
 3.850                   0                   0                   0
 3.900                   0                   0                   0
 3.950                   0                   0                   0
 4.000                   0                   0                   0
 4.050                   0                   0                   0
 4.100                   0                   0                   0
 4.150                   0                   0                   0
 4.200                   0                   0                   0
 4.250                   0                   0                   0
 4.300                   0                   0                   0
 4.350                   0                   0                   0
 4.400                   0                   0                   0
 4.450                   0                   0                   0
 4.500                   0                   0                   0
 4.550                   0                   0                   0
 4.600                   0                   0                   0
 4.650                   0                   0                   0
 4.700                   0                   0                   0
 4.750                   0                   0                   0
 4.800                   0                   0                   0
 4.850                   0                   0                   0
 4.900                   0                   0                   0
 4.950                   0                   0                   0
