 0.000             4247496             3906224             4966290
 0.050              355782              248087              327030
 0.100              325888              297387              288127
 0.150              323758              323426              267385
 0.200              332371              329677              244355
 0.250              346236              333396              216793
 0.300              364527              343442              194408
 0.350              385140              358317              170743
 0.400              408349              380320              147960
 0.450              438117              408084              125978
 0.500              470829              439496              105977
 0.550              506030              476298               90139
 0.600              548134              520511               76160
 0.650              593700              567397               65110
 0.700              649446              622383               57336
 0.750              701780              686932               51873
 0.800              762825              766868               48806
 0.850              837348              869073               47328
 0.900              923388             1011070               47451
 0.950             1033953             1201939               49341
 1.000             1186867             1476440             2327207
 1.050             2470958             3667397             3015693
 1.100            13711154            10075199             3262953
 1.150            10935012            10249669             3621234
 1.200             5857402             6746131             3739283
 1.250             1479707             2875016             3688531
 1.300              141600              849993             3490235
 1.350                9318              221387             3203837
 1.400                  73               62466             2852349
 1.450                   0               20876             2479171
 1.500                   0                7629             2119180
 1.550                   0                2904             1785678
 1.600                   0                1103             1485399
 1.650                   0                 422             1219901
 1.700                   0                 144              992282
 1.750                   0                  53              796265
 1.800                   0                  14              632849
 1.850                   0                  10              498348
 1.900                   0                   5              389012
 1.950                   0                   1              300000
 2.000                   0                   0              229144
 2.050                   0                   2              173032
 2.100                   0                   0              129268
 2.150                   0                   0               94954
 2.200                   0                   0               69415
 2.250                   0                   0               49886
 2.300                   0                   0               35588
 2.350                   0                   0               25090
 2.400                   0                   0               17561
 2.450                   0                   0               11839
 2.500                   0                   0                8067
 2.550                   0                   0                5465
 2.600                   0                   0                3555
 2.650                   0                   0                2332
 2.700                   0                   0                1391
 2.750                   0                   0                 963
 2.800                   0                   0                 553
 2.850                   0                   0                 355
 2.900                   0                   0                 191
 2.950                   0                   0                 142
 3.000                   0                   0                  84
 3.050                   0                   0                  57
 3.100                   0                   0                  27
 3.150                   0                   0                  17
 3.200                   0                   0                   3
 3.250                   0                   0                   4
 3.300                   0                   0                   3
 3.350                   0                   0                   2
 3.400                   0                   0                   1
 3.450                   0                   0                   0
 3.500                   0                   0                   0
 3.550                   0                   1                   1
 3.600                   0                   0                   0
 3.650                   0                   0                   0
 3.700                   0                   1                   0
 3.750                   0                   0                   0
 3.800                   0                   0                   0
 3.850                   0                   0                   0
 3.900                   0                   0                   0
 3.950                   0                   0                   0
 4.000                   0                   0                   0
 4.050                   0                   0                   0
 4.100                   0                   0                   0
 4.150                   0                   1                   0
 4.200                   0                   3                   0
 4.250                   0                   0                   0
 4.300                   0                   0                   0
 4.350                   0                   0                   0
 4.400                   0                   0                   0
 4.450                   0                   4                   0
 4.500                   0                   1                   0
 4.550                   0                   2                   0
 4.600                   0                   4                   0
 4.650                   0                   8                   0
 4.700                   0                   4                   0
 4.750                   0                   5                   0
 4.800                   0                  19                   0
 4.850                   0                  22                   0
 4.900                   0                  35                   0
 4.950                   0                  91                   0
