 0.000             5882658             5408092             6928710
 0.050              454292              270165              409267
 0.100              403306              343911              281092
 0.150              401440              392020              213124
 0.200              411045              414969              164422
 0.250              428007              427774              120442
 0.300              449468              439907               90580
 0.350              475125              455224               71111
 0.400              505824              481953               57567
 0.450              540038              516100               48960
 0.500              580420              554742               43263
 0.550              621628              598985               39711
 0.600              664180              646896               38614
 0.650              704109              698720               38980
 0.700              741411              755714               40353
 0.750              779649              818251               42776
 0.800              821965              880345               46613
 0.850              860777              951668               51209
 0.900              919980             1041352               57585
 0.950             1042091             1177384               66733
 1.000             2704483             3116812             5751162
 1.050             7972528             7739854             5720238
 1.100             8461764             7583877             4589124
 1.150             3473750             3850951             3621217
 1.200              448318              995610             2742660
 1.250               20217              170728             2087568
 1.300                  38               27271             1632821
 1.350                   1                6201             1275078
 1.400                   0                1952             1004406
 1.450                   0                 687              806001
 1.500                   0                 274              649363
 1.550                   0                  81              518201
 1.600                   0                  34              406237
 1.650                   0                   4              315136
 1.700                   0                   1              238263
 1.750                   0                   2              177239
 1.800                   0                   1              129047
 1.850                   0                   0               91218
 1.900                   0                   0               62078
 1.950                   0                   0               41114
 2.000                   0                   0               25737
 2.050                   0                   0               15615
 2.100                   0                   0                8834
 2.150                   0                   0                4792
 2.200                   0                   0                2349
 2.250                   0                   0                1129
 2.300                   0                   0                 478
 2.350                   0                   0                 208
 2.400                   0                   0                  62
 2.450                   0                   0                  18
 2.500                   0                   0                   6
 2.550                   0                   0                   1
 2.600                   0                   0                   0
 2.650                   0                   0                   0
 2.700                   0                   0                   0
 2.750                   0                   0                   0
 2.800                   0                   0                   0
 2.850                   0                   0                   0
 2.900                   0                   0                   0
 2.950                   0                   0                   0
 3.000                   0                   0                   0
 3.050                   0                   0                   0
 3.100                   0                   0                   0
 3.150                   0                   0                   0
 3.200                   0                   0                   0
 3.250                   0                   0                   0
 3.300                   0                   0                   0
 3.350                   0                   0                   0
 3.400                   0                   0                   0
 3.450                   0                   0                   0
 3.500                   0                   0                   0
 3.550                   0                   0                   0
 3.600                   0                   0                   0
 3.650                   0                   0                   0
 3.700                   0                   0                   0
 3.750                   0                   0                   0
 3.800                   0                   0                   0
 3.850                   0                   0                   0
 3.900                   0                   0                   0
 3.950                   0                   0                   0
 4.000                   0                   0                   0
 4.050                   0                   0                   0
 4.100                   0                   0                   0
 4.150                   0                   0                   0
 4.200                   0                   0                   0
 4.250                   0                   0                   0
 4.300                   0                   0                   0
 4.350                   0                   0                   0
 4.400                   0                   0                   0
 4.450                   0                   0                   0
 4.500                   0                   0                   0
 4.550                   0                   0                   0
 4.600                   0                   0                   0
 4.650                   0                   0                   0
 4.700                   0                   0                   0
 4.750                   0                   0                   0
 4.800                   0                   0                   0
 4.850                   0                   0                   0
 4.900                   0                   0                   0
 4.950                   0                   0                   0
