 0.000             4634439             4299587             5432123
 0.050              371221              254407              349590
 0.100              335287              308849              297131
 0.150              332975              336136              257522
 0.200              342113              339146              221206
 0.250              356552              341514              189004
 0.300              374326              352100              160390
 0.350              394731              367546              132535
 0.400              418745              390897              110615
 0.450              449451              417312               92062
 0.500              480986              452019               77301
 0.550              516939              492676               64794
 0.600              558135              534016               55480
 0.650              606494              582222               48964
 0.700              658403              638538               44386
 0.750              712651              707196               41961
 0.800              776881              786923               40937
 0.850              853357              887617               41314
 0.900              941232             1020732               43440
 0.950             1036961             1194018               46135
 1.000             1183386             1482988             3401912
 1.050             5443836             5457209             3819076
 1.100            12270138            10288376             3710479
 1.150             9252520             8888466             3844063
 1.200             3708318             4754064             3754556
 1.250              597684             1565531             3455923
 1.300               36219              378155             3102523
 1.350                 551               88003             2700289
 1.400                   0               24958             2312376
 1.450                   0                8479             1951728
 1.500                   0                3087             1624953
 1.550                   0                1136             1336758
 1.600                   0                 391             1085658
 1.650                   0                 157              872610
 1.700                   0                  47              696470
 1.750                   0                  18              550243
 1.800                   0                  10              429531
 1.850                   0                   4              330645
 1.900                   0                   1              252419
 1.950                   0                   0              189571
 2.000                   0                   0              140048
 2.050                   0                   0              101853
 2.100                   0                   0               73428
 2.150                   0                   0               51961
 2.200                   0                   0               36460
 2.250                   0                   0               24792
 2.300                   0                   0               16564
 2.350                   0                   0               11215
 2.400                   0                   0                7193
 2.450                   0                   0                4613
 2.500                   0                   0                2959
 2.550                   0                   0                1906
 2.600                   0                   0                1157
 2.650                   0                   0                 679
 2.700                   0                   0                 407
 2.750                   0                   0                 276
 2.800                   0                   0                 147
 2.850                   0                   0                  72
 2.900                   0                   0                  58
 2.950                   0                   0                  27
 3.000                   0                   0                  23
 3.050                   0                   0                  10
 3.100                   0                   0                   4
 3.150                   0                   0                   3
 3.200                   0                   0                   0
 3.250                   0                   0                   1
 3.300                   0                   0                   2
 3.350                   0                   0                   0
 3.400                   0                   0                   0
 3.450                   0                   0                   0
 3.500                   0                   0                   0
 3.550                   0                   0                   0
 3.600                   0                   0                   0
 3.650                   0                   0                   0
 3.700                   0                   0                   0
 3.750                   0                   0                   0
 3.800                   0                   0                   0
 3.850                   0                   0                   0
 3.900                   0                   0                   0
 3.950                   0                   0                   0
 4.000                   0                   0                   0
 4.050                   0                   0                   0
 4.100                   0                   0                   0
 4.150                   0                   0                   0
 4.200                   0                   0                   0
 4.250                   0                   0                   0
 4.300                   0                   0                   0
 4.350                   0                   0                   0
 4.400                   0                   0                   0
 4.450                   0                   0                   0
 4.500                   0                   0                   0
 4.550                   0                   0                   0
 4.600                   0                   0                   0
 4.650                   0                   0                   0
 4.700                   0                   0                   0
 4.750                   0                   0                   0
 4.800                   0                   0                   0
 4.850                   0                   0                   0
 4.900                   0                   0                   0
 4.950                   0                   0                   0
