 0.000             3543895             3227300             4104662
 0.050              300819              200474              286860
 0.100              274780              239025              268907
 0.150              274758              265567              260280
 0.200              283741              275959              256836
 0.250              297727              283373              248784
 0.300              314092              291292              235278
 0.350              331774              304816              219126
 0.400              349204              322894              200415
 0.450              371383              346341              180857
 0.500              395083              371858              162522
 0.550              426260              401217              143589
 0.600              457906              432270              125800
 0.650              496542              470617              110313
 0.700              542638              516417               95633
 0.750              595958              573514               84949
 0.800              661230              646335               74478
 0.850              739759              748235               68196
 0.900              834699              889019               62085
 0.950              946928             1095630               59177
 1.000             1097225             1383634             1259883
 1.050             1327602             1898602             1872469
 1.100             7025161             6068737             2283710
 1.150            16312781            11988419             2773170
 1.200            11785926            11452160             3196850
 1.250             5864484             7537053             3494756
 1.300             1309556             3419922             3630332
 1.350              110782             1143862             3637418
 1.400                2165              330082             3531785
 1.450                   0               98199             3335873
 1.500                   0               32982             3088607
 1.550                   0               11943             2801398
 1.600                   0                4422             2496080
 1.650                   0                1671             2187614
 1.700                   0                 622             1890588
 1.750                   0                 234             1614832
 1.800                   0                  90             1358586
 1.850                   0                  42             1131951
 1.900                   0                  16              933521
 1.950                   0                   7              760220
 2.000                   0                   2              614756
 2.050                   0                   2              491166
 2.100                   0                   1              389041
 2.150                   0                   1              304946
 2.200                   0                   0              235486
 2.250                   0                   0              181519
 2.300                   0                   0              138289
 2.350                   0                   0              105020
 2.400                   0                   0               78092
 2.450                   0                   0               58002
 2.500                   0                   0               42789
 2.550                   0                   0               30849
 2.600                   0                   0               22783
 2.650                   0                   0               16194
 2.700                   0                   1               11535
 2.750                   0                   0                8067
 2.800                   0                   0                5498
 2.850                   0                   0                3946
 2.900                   0                   0                2705
 2.950                   0                   0                1861
 3.000                   0                   0                1282
 3.050                   0                   0                 776
 3.100                   0                   0                 531
 3.150                   0                   0                 353
 3.200                   0                   1                 241
 3.250                   0                   1                 153
 3.300                   0                   0                 101
 3.350                   0                   0                  56
 3.400                   0                   1                  42
 3.450                   0                   0                  36
 3.500                   0                   0                  24
 3.550                   0                   0                  15
 3.600                   0                   1                   8
 3.650                   0                   1                   2
 3.700                   0                   0                   3
 3.750                   0                   0                   2
 3.800                   0                   0                   0
 3.850                   0                   1                   0
 3.900                   0                   1                   2
 3.950                   0                   1                   0
 4.000                   0                   3                   0
 4.050                   0                   0                   0
 4.100                   0                   1                   0
 4.150                   0                   1                   0
 4.200                   0                   1                   0
 4.250                   0                   2                   0
 4.300                   0                   2                   0
 4.350                   0                   1                   0
 4.400                   0                   2                   0
 4.450                   0                   4                   0
 4.500                   0                   9                   0
 4.550                   0                   2                   0
 4.600                   0                   4                   0
 4.650                   0                   2                   0
 4.700                   0                   4                   0
 4.750                   0                   9                   0
 4.800                   0                  18                   0
 4.850                   0                  33                   0
 4.900                   0                  54                   0
 4.950                   1                 135                   0
