 0.000             4394222             4053651             5133435
 0.050              357952              250483              330974
 0.100              327018              301463              284771
 0.150              323990              325664              260819
 0.200              334277              329948              232809
 0.250              347414              333383              205915
 0.300              366016              344053              176571
 0.350              384593              357585              149577
 0.400              405150              378773              123819
 0.450              430650              405191              101155
 0.500              458128              433287               84812
 0.550              489382              468867               71220
 0.600              527608              506990               61421
 0.650              571089              553576               53621
 0.700              625261              605032               48291
 0.750              680432              669585               44698
 0.800              740479              749059               42578
 0.850              809881              853694               42501
 0.900              889066              989032               43357
 0.950              996304             1170512               46229
 1.000             1161459             1465469             2989994
 1.050             5329916             5224916             3498961
 1.100            12702375            10376628             3599207
 1.150             9615227             9330861             3805545
 1.200             4570401             5550471             3835934
 1.250             1058568             2163175             3651914
 1.300               80991              584832             3332789
 1.350                2260              142901             2950409
 1.400                   0               39846             2553741
 1.450                   0               13494             2169156
 1.500                   0                4840             1818088
 1.550                   0                1798             1505618
 1.600                   0                 665             1234945
 1.650                   0                 242             1001435
 1.700                   0                  94              804250
 1.750                   0                  31              641469
 1.800                   0                  12              504592
 1.850                   0                   4              394054
 1.900                   0                   2              302284
 1.950                   0                   0              230019
 2.000                   0                   0              172999
 2.050                   0                   0              128394
 2.100                   0                   0               94814
 2.150                   0                   0               67963
 2.200                   0                   0               48649
 2.250                   0                   0               33937
 2.300                   0                   0               23701
 2.350                   0                   0               15972
 2.400                   0                   0               10814
 2.450                   0                   0                7030
 2.500                   0                   0                4620
 2.550                   0                   0                3135
 2.600                   0                   0                2017
 2.650                   0                   0                1160
 2.700                   0                   0                 740
 2.750                   0                   0                 496
 2.800                   0                   0                 282
 2.850                   0                   0                 180
 2.900                   0                   0                  89
 2.950                   0                   0                  73
 3.000                   0                   0                  29
 3.050                   0                   0                   8
 3.100                   0                   0                  11
 3.150                   0                   0                   6
 3.200                   0                   0                   5
 3.250                   0                   0                   4
 3.300                   0                   0                   1
 3.350                   0                   0                   0
 3.400                   0                   0                   1
 3.450                   0                   0                   1
 3.500                   0                   0                   1
 3.550                   0                   0                   0
 3.600                   0                   0                   0
 3.650                   0                   0                   0
 3.700                   0                   0                   0
 3.750                   0                   0                   0
 3.800                   0                   0                   0
 3.850                   0                   0                   0
 3.900                   0                   0                   0
 3.950                   0                   0                   0
 4.000                   0                   0                   0
 4.050                   0                   0                   0
 4.100                   0                   0                   0
 4.150                   0                   0                   0
 4.200                   0                   0                   0
 4.250                   0                   0                   0
 4.300                   0                   0                   0
 4.350                   0                   0                   0
 4.400                   0                   0                   0
 4.450                   0                   0                   0
 4.500                   0                   0                   0
 4.550                   0                   0                   0
 4.600                   0                   0                   0
 4.650                   0                   0                   0
 4.700                   0                   0                   0
 4.750                   0                   0                   0
 4.800                   0                   0                   0
 4.850                   0                   0                   0
 4.900                   0                   0                   0
 4.950                   0                   0                   0
