 0.000             4273031             3938278             4992773
 0.050              354581              247145              331426
 0.100              324913              294588              294535
 0.150              321685              318687              262863
 0.200              332414              325906              235419
 0.250              348260              332387              213136
 0.300              368286              345098              189138
 0.350              388520              362165              167235
 0.400              416496              386656              142630
 0.450              444676              413894              121937
 0.500              479887              444922              101882
 0.550              511585              483283               86132
 0.600              546951              523988               72843
 0.650              589712              572659               62621
 0.700              640427              623591               55127
 0.750              697789              687829               50235
 0.800              769528              770286               47517
 0.850              846504              874364               46485
 0.900              926803             1018200               46976
 0.950             1029709             1204800               49225
 1.000             1187970             1484641             2429728
 1.050             3342276             4063720             3166504
 1.100            13189433            10052202             3330242
 1.150            10669404            10053271             3631986
 1.200             5571576             6484113             3767322
 1.250             1324905             2665156             3718305
 1.300              100503              754770             3486739
 1.350                 386              188233             3159247
 1.400                   0               53982             2784415
 1.450                   0               18350             2408394
 1.500                   0                6881             2048433
 1.550                   0                2611             1716992
 1.600                   0                 989             1420614
 1.650                   0                 368             1162292
 1.700                   0                 126              940171
 1.750                   0                  47              753008
 1.800                   0                  12              597305
 1.850                   0                   6              468689
 1.900                   0                   2              364893
 1.950                   0                   3              281595
 2.000                   0                   0              213709
 2.050                   0                   1              160460
 2.100                   0                   0              118922
 2.150                   0                   0               87935
 2.200                   0                   0               63809
 2.250                   0                   0               45554
 2.300                   0                   0               32195
 2.350                   0                   0               22618
 2.400                   0                   0               15388
 2.450                   0                   0               10430
 2.500                   0                   0                7191
 2.550                   0                   0                4714
 2.600                   0                   0                2939
 2.650                   0                   0                1949
 2.700                   0                   0                1262
 2.750                   0                   0                 787
 2.800                   0                   0                 450
 2.850                   0                   0                 270
 2.900                   0                   0                 190
 2.950                   0                   0                 121
 3.000                   0                   0                  66
 3.050                   0                   0                  39
 3.100                   0                   0                  24
 3.150                   0                   0                  13
 3.200                   0                   0                   5
 3.250                   0                   0                   7
 3.300                   0                   0                   1
 3.350                   0                   0                   2
 3.400                   0                   0                   1
 3.450                   0                   0                   0
 3.500                   0                   0                   1
 3.550                   0                   0                   0
 3.600                   0                   0                   0
 3.650                   0                   0                   0
 3.700                   0                   0                   0
 3.750                   0                   0                   0
 3.800                   0                   0                   0
 3.850                   0                   0                   0
 3.900                   0                   0                   0
 3.950                   0                   0                   0
 4.000                   0                   0                   0
 4.050                   0                   0                   0
 4.100                   0                   0                   0
 4.150                   0                   0                   0
 4.200                   0                   0                   0
 4.250                   0                   1                   0
 4.300                   0                   1                   0
 4.350                   0                   2                   0
 4.400                   0                   0                   0
 4.450                   0                   1                   0
 4.500                   0                   4                   0
 4.550                   0                   1                   0
 4.600                   0                   1                   0
 4.650                   0                   3                   0
 4.700                   0                   5                   0
 4.750                   0                   4                   0
 4.800                   0                   5                   0
 4.850                   0                  14                   0
 4.900                   0                  20                   0
 4.950                   0                  87                   0
