 0.000             6041814             5702833             7042276
 0.050              431596              268434              366816
 0.100              379338              315643              264993
 0.150              372762              352730              205553
 0.200              378834              373528              154420
 0.250              394759              385575              110630
 0.300              413140              396933               77841
 0.350              434679              412912               52992
 0.400              461552              435194               38771
 0.450              493859              464098               32037
 0.500              529250              500596               30111
 0.550              568779              544836               30551
 0.600              611840              594178               31390
 0.650              655104              648383               32634
 0.700              702635              705472               34739
 0.750              752108              772513               36178
 0.800              797823              847866               39376
 0.850              843665              921479               42754
 0.900              912028             1003787               48655
 0.950             1016860             1118109               57005
 1.000             2436802             2705133             4884415
 1.050             5800736             5967351             5591491
 1.100             7776239             7104404             4504518
 1.150             4835196             4716701             3424829
 1.200             1272792             1760026             2534528
 1.250              110280              358095             1988753
 1.300                1835               42118             1625206
 1.350                   0                5296             1344803
 1.400                   0                1413             1115216
 1.450                   0                 456              906111
 1.500                   0                 141              725767
 1.550                   0                  43              572412
 1.600                   0                  19              445309
 1.650                   0                   7              340069
 1.700                   0                   2              251264
 1.750                   0                   1              177030
 1.800                   0                   0              118506
 1.850                   0                   0               72361
 1.900                   0                   0               40323
 1.950                   0                   0               19911
 2.000                   0                   0                8799
 2.050                   0                   0                3377
 2.100                   0                   0                1215
 2.150                   0                   0                 292
 2.200                   0                   0                  71
 2.250                   0                   0                   7
 2.300                   0                   0                   0
 2.350                   0                   0                   0
 2.400                   0                   0                   0
 2.450                   0                   0                   0
 2.500                   0                   0                   0
 2.550                   0                   0                   0
 2.600                   0                   0                   0
 2.650                   0                   0                   0
 2.700                   0                   0                   0
 2.750                   0                   0                   0
 2.800                   0                   0                   0
 2.850                   0                   0                   0
 2.900                   0                   0                   0
 2.950                   0                   0                   0
 3.000                   0                   0                   0
 3.050                   0                   0                   0
 3.100                   0                   0                   0
 3.150                   0                   0                   0
 3.200                   0                   0                   0
 3.250                   0                   0                   0
 3.300                   0                   0                   0
 3.350                   0                   0                   0
 3.400                   0                   0                   0
 3.450                   0                   0                   0
 3.500                   0                   0                   0
 3.550                   0                   0                   0
 3.600                   0                   0                   0
 3.650                   0                   0                   0
 3.700                   0                   0                   0
 3.750                   0                   0                   0
 3.800                   0                   0                   0
 3.850                   0                   0                   0
 3.900                   0                   0                   0
 3.950                   0                   0                   0
 4.000                   0                   0                   0
 4.050                   0                   0                   0
 4.100                   0                   0                   0
 4.150                   0                   0                   0
 4.200                   0                   0                   0
 4.250                   0                   0                   0
 4.300                   0                   0                   0
 4.350                   0                   0                   0
 4.400                   0                   0                   0
 4.450                   0                   0                   0
 4.500                   0                   0                   0
 4.550                   0                   0                   0
 4.600                   0                   0                   0
 4.650                   0                   0                   0
 4.700                   0                   0                   0
 4.750                   0                   0                   0
 4.800                   0                   0                   0
 4.850                   0                   0                   0
 4.900                   0                   0                   0
 4.950                   0                   0                   0
