 0.000             5814043             5291537             6899399
 0.050              483264              283072              438528
 0.100              435467              357266              311750
 0.150              433398              417788              230485
 0.200              444812              448077              176566
 0.250              467432              462727              134059
 0.300              491960              476371              105922
 0.350              519683              496495               84813
 0.400              554363              524671               68999
 0.450              593528              558691               59433
 0.500              634466              599854               54000
 0.550              674556              644596               50414
 0.600              713687              694604               49476
 0.650              749322              746967               50021
 0.700              777840              802763               51685
 0.750              806512              860283               54405
 0.800              829238              921308               58536
 0.850              855287              989294               64176
 0.900              916733             1075364               70852
 0.950             1050454             1214693               80228
 1.000             2006685             2529046             5516515
 1.050            10045353             9093702             5844365
 1.100             9161311             8453324             4903000
 1.150             3175636             3872781             3852701
 1.200              359634              958733             3034797
 1.250                5174              173289             2383670
 1.300                   1               36173             1849005
 1.350                   0               10349             1452082
 1.400                   0                3762             1140428
 1.450                   0                1411              902653
 1.500                   0                 555              715369
 1.550                   0                 199              564227
 1.600                   0                  55              442886
 1.650                   0                  26              344089
 1.700                   0                   7              264366
 1.750                   0                   2              200006
 1.800                   0                   2              148764
 1.850                   0                   1              108821
 1.900                   0                   1               78110
 1.950                   0                   0               54566
 2.000                   0                   0               37783
 2.050                   0                   0               25414
 2.100                   0                   0               16684
 2.150                   0                   0               10382
 2.200                   0                   0                6502
 2.250                   0                   0                3993
 2.300                   0                   0                2230
 2.350                   0                   0                1286
 2.400                   0                   0                 708
 2.450                   0                   0                 358
 2.500                   0                   0                 195
 2.550                   0                   0                  81
 2.600                   0                   0                  32
 2.650                   0                   0                  14
 2.700                   0                   0                   6
 2.750                   0                   0                   3
 2.800                   0                   0                   1
 2.850                   0                   0                   0
 2.900                   0                   0                   0
 2.950                   0                   0                   0
 3.000                   0                   0                   0
 3.050                   0                   0                   0
 3.100                   0                   0                   0
 3.150                   0                   0                   0
 3.200                   0                   0                   0
 3.250                   0                   0                   0
 3.300                   0                   0                   0
 3.350                   0                   0                   0
 3.400                   0                   0                   0
 3.450                   0                   0                   0
 3.500                   0                   0                   0
 3.550                   0                   0                   0
 3.600                   0                   0                   0
 3.650                   0                   0                   0
 3.700                   0                   0                   0
 3.750                   0                   0                   0
 3.800                   0                   0                   0
 3.850                   0                   0                   0
 3.900                   0                   0                   0
 3.950                   0                   0                   0
 4.000                   0                   0                   0
 4.050                   0                   0                   0
 4.100                   0                   0                   0
 4.150                   0                   0                   0
 4.200                   0                   0                   0
 4.250                   0                   0                   0
 4.300                   0                   0                   0
 4.350                   0                   0                   0
 4.400                   0                   0                   0
 4.450                   0                   0                   0
 4.500                   0                   0                   0
 4.550                   0                   0                   0
 4.600                   0                   0                   0
 4.650                   0                   0                   0
 4.700                   0                   0                   0
 4.750                   0                   0                   0
 4.800                   0                   0                   0
 4.850                   0                   0                   0
 4.900                   0                   0                   0
 4.950                   0                   0                   0
