 0.000             3549007             3243657             4116108
 0.050              302334              201590              288013
 0.100              275829              241906              279717
 0.150              276028              266877              265201
 0.200              285021              275813              249474
 0.250              296963              282495              237702
 0.300              312709              290309              224958
 0.350              331065              303231              208424
 0.400              350999              321145              191134
 0.450              373841              343529              172478
 0.500              401264              369360              152554
 0.550              431367              401918              135459
 0.600              466286              437416              118998
 0.650              504297              480336              103718
 0.700              548062              527129               91054
 0.750              598048              582879               80173
 0.800              664346              658354               70848
 0.850              746603              759152               63930
 0.900              852588              904276               58930
 0.950              966246             1110012               55617
 1.000             1107755             1388895             1354033
 1.050             1307374             1909574             1932080
 1.100             8022785             6416717             2350304
 1.150            14898268            11660690             2840137
 1.200            11655310            11147553             3281695
 1.250             5921515             7431541             3544029
 1.300             1216002             3301443             3648199
 1.350               78409             1053830             3632619
 1.400                2643              296299             3509154
 1.450                   0               88406             3304525
 1.500                   0               29583             3036389
 1.550                   0               10681             2739808
 1.600                   0                3948             2426155
 1.650                   0                1511             2114528
 1.700                   0                 572             1820494
 1.750                   0                 209             1544222
 1.800                   0                  74             1294849
 1.850                   0                  33             1073465
 1.900                   0                  12              880207
 1.950                   0                   7              716814
 2.000                   0                   2              576535
 2.050                   0                   1              456252
 2.100                   0                   0              360966
 2.150                   0                   0              281020
 2.200                   0                   0              217358
 2.250                   0                   0              165931
 2.300                   0                   0              126305
 2.350                   0                   0               94827
 2.400                   0                   0               71207
 2.450                   0                   0               51877
 2.500                   0                   0               38406
 2.550                   0                   0               27658
 2.600                   0                   1               19826
 2.650                   0                   0               14331
 2.700                   0                   0                9928
 2.750                   0                   0                7066
 2.800                   0                   0                4933
 2.850                   0                   0                3356
 2.900                   0                   1                2236
 2.950                   0                   0                1480
 3.000                   0                   0                1018
 3.050                   0                   0                 657
 3.100                   0                   0                 423
 3.150                   0                   0                 290
 3.200                   0                   0                 194
 3.250                   0                   0                 143
 3.300                   0                   0                  67
 3.350                   0                   1                  55
 3.400                   0                   1                  42
 3.450                   0                   0                  25
 3.500                   0                   0                  13
 3.550                   0                   1                   4
 3.600                   0                   2                   6
 3.650                   0                   0                   3
 3.700                   0                   2                   0
 3.750                   0                   1                   3
 3.800                   0                   1                   0
 3.850                   0                   3                   2
 3.900                   0                   1                   0
 3.950                   0                   2                   0
 4.000                   0                   1                   0
 4.050                   0                   0                   0
 4.100                   0                   1                   0
 4.150                   0                   2                   0
 4.200                   0                   3                   0
 4.250                   0                   0                   0
 4.300                   0                   4                   0
 4.350                   0                   3                   0
 4.400                   0                   3                   0
 4.450                   0                   3                   0
 4.500                   0                   1                   0
 4.550                   0                   2                   0
 4.600                   0                   6                   0
 4.650                   0                  10                   0
 4.700                   0                  12                   0
 4.750                   0                  12                   0
 4.800                   0                  24                   0
 4.850                   0                  29                   0
 4.900                   0                  49                   0
 4.950                   0                 142                   0
