 0.000             3615089             3316016             4230683
 0.050              312730              214576              286992
 0.100              284592              257631              266690
 0.150              283203              282014              249315
 0.200              291732              286017              233725
 0.250              304548              287428              222634
 0.300              319440              295953              207784
 0.350              337595              310080              194505
 0.400              358641              329945              176492
 0.450              382868              353756              156906
 0.500              410433              380642              138692
 0.550              438905              413069              121331
 0.600              471103              448181              104940
 0.650              511854              486329               90936
 0.700              553904              532360               78485
 0.750              599861              585546               68899
 0.800              657975              653416               61693
 0.850              728499              743071               55958
 0.900              813770              874807               53014
 0.950              922016             1059487               50992
 1.000             1070494             1321055             1547592
 1.050             1279542             1867660             2208429
 1.100             8640000             6932591             2610493
 1.150            14161594            11669828             3085841
 1.200            11269149            10765925             3482756
 1.250             5226401             6733085             3686593
 1.300              873747             2685978             3733268
 1.350               59840              787942             3636384
 1.400                3786              213152             3436926
 1.450                 453               62890             3163821
 1.500                   0               20884             2851143
 1.550                   0                7875             2519210
 1.600                   0                2933             2191227
 1.650                   0                1018             1877382
 1.700                   0                 399             1586624
 1.750                   0                 143             1324547
 1.800                   0                  45             1091996
 1.850                   0                  25              891397
 1.900                   0                   5              720473
 1.950                   0                   5              575886
 2.000                   0                   1              455497
 2.050                   0                   0              357302
 2.100                   0                   0              277196
 2.150                   0                   0              213230
 2.200                   0                   0              161123
 2.250                   0                   1              121937
 2.300                   0                   0               90810
 2.350                   0                   0               66782
 2.400                   0                   0               48614
 2.450                   0                   0               35262
 2.500                   0                   0               25446
 2.550                   0                   0               17956
 2.600                   0                   0               12576
 2.650                   0                   0                8832
 2.700                   0                   0                5935
 2.750                   0                   0                4128
 2.800                   0                   0                2736
 2.850                   0                   0                1862
 2.900                   0                   0                1222
 2.950                   0                   0                 840
 3.000                   0                   0                 510
 3.050                   0                   0                 340
 3.100                   0                   0                 248
 3.150                   0                   0                 136
 3.200                   0                   0                  91
 3.250                   0                   0                  48
 3.300                   0                   0                  43
 3.350                   0                   1                  17
 3.400                   0                   0                  19
 3.450                   0                   0                  14
 3.500                   0                   0                   5
 3.550                   0                   0                   4
 3.600                   0                   0                   2
 3.650                   0                   0                   1
 3.700                   0                   0                   1
 3.750                   0                   1                   0
 3.800                   0                   1                   2
 3.850                   0                   0                   0
 3.900                   0                   0                   0
 3.950                   0                   0                   0
 4.000                   0                   1                   0
 4.050                   0                   0                   0
 4.100                   0                   2                   0
 4.150                   0                   1                   0
 4.200                   0                   1                   0
 4.250                   0                   1                   0
 4.300                   0                   2                   0
 4.350                   0                   0                   0
 4.400                   0                   0                   0
 4.450                   0                   4                   0
 4.500                   0                   4                   0
 4.550                   0                   5                   0
 4.600                   0                   6                   0
 4.650                   0                   4                   0
 4.700                   0                   9                   0
 4.750                   0                   8                   0
 4.800                   0                  22                   0
 4.850                   0                  34                   0
 4.900                   0                  73                   0
 4.950                   0                 163                   0
