 0.000             5236350             4851559             6058975
 0.050              391789              278243              341133
 0.100              353493              335228              273468
 0.150              349846              359518              238015
 0.200              356932              362149              206466
 0.250              370520              362264              174030
 0.300              387752              370056              142722
 0.350              409987              386411              114082
 0.400              436064              411018               91460
 0.450              463006              439680               73513
 0.500              494853              470723               59891
 0.550              533178              506769               50723
 0.600              569814              547784               44595
 0.650              611843              591228               40462
 0.700              653326              640092               38349
 0.750              695053              698516               38248
 0.800              742262              770678               38101
 0.850              798377              857492               39545
 0.900              863748              962435               42438
 0.950              948203             1098153               46436
 1.000             1098879             1379283             4349611
 1.050             7156753             6862242             4714450
 1.100            10959137             9857815             4170994
 1.150             7719334             7524290             3896355
 1.200             2448425             3331890             3524612
 1.250              347448              911462             3087905
 1.300               13877              185172             2620455
 1.350                 167               40224             2185059
 1.400                   0               11519             1812816
 1.450                   0                4079             1485830
 1.500                   0                1572             1209445
 1.550                   0                 570              976395
 1.600                   0                 185              778818
 1.650                   0                  75              612400
 1.700                   0                  22              475815
 1.750                   0                  11              365838
 1.800                   0                   5              277824
 1.850                   0                   3              207601
 1.900                   0                   0              152493
 1.950                   0                   0              110264
 2.000                   0                   1               78554
 2.050                   0                   0               54738
 2.100                   0                   0               37452
 2.150                   0                   0               25529
 2.200                   0                   0               16826
 2.250                   0                   0               10922
 2.300                   0                   0                7178
 2.350                   0                   0                4424
 2.400                   0                   0                2862
 2.450                   0                   0                1744
 2.500                   0                   0                1065
 2.550                   0                   0                 630
 2.600                   0                   0                 351
 2.650                   0                   0                 237
 2.700                   0                   0                 120
 2.750                   0                   0                  79
 2.800                   0                   0                  36
 2.850                   0                   0                  18
 2.900                   0                   0                  12
 2.950                   0                   0                   5
 3.000                   0                   0                   1
 3.050                   0                   0                   0
 3.100                   0                   0                   1
 3.150                   0                   0                   0
 3.200                   0                   0                   0
 3.250                   0                   0                   0
 3.300                   0                   0                   0
 3.350                   0                   0                   0
 3.400                   0                   0                   0
 3.450                   0                   0                   0
 3.500                   0                   0                   0
 3.550                   0                   0                   0
 3.600                   0                   0                   0
 3.650                   0                   0                   0
 3.700                   0                   0                   0
 3.750                   0                   0                   0
 3.800                   0                   0                   0
 3.850                   0                   0                   0
 3.900                   0                   0                   0
 3.950                   0                   0                   0
 4.000                   0                   0                   0
 4.050                   0                   0                   0
 4.100                   0                   0                   0
 4.150                   0                   0                   0
 4.200                   0                   0                   0
 4.250                   0                   0                   0
 4.300                   0                   0                   0
 4.350                   0                   0                   0
 4.400                   0                   0                   0
 4.450                   0                   0                   0
 4.500                   0                   0                   0
 4.550                   0                   0                   0
 4.600                   0                   0                   0
 4.650                   0                   0                   0
 4.700                   0                   0                   0
 4.750                   0                   0                   0
 4.800                   0                   0                   0
 4.850                   0                   0                   0
 4.900                   0                   0                   0
 4.950                   0                   0                   0
