 0.000             5121381             4758275             5953748
 0.050              386851              279279              344906
 0.100              349089              332334              285309
 0.150              346421              354170              238109
 0.200              354617              355542              199979
 0.250              367883              355157              173891
 0.300              384778              365613              146339
 0.350              403507              380593              120093
 0.400              427113              403288               96565
 0.450              453124              430932               78026
 0.500              481992              463488               63791
 0.550              520695              499545               53139
 0.600              563485              539536               45823
 0.650              604806              585373               41426
 0.700              656495              637568               38455
 0.750              709123              701252               37225
 0.800              766405              778760               37395
 0.850              828762              875173               38573
 0.900              906443              989728               40878
 0.950             1001716             1141998               44449
 1.000             1136508             1434620             4165916
 1.050             7068676             6666107             4494349
 1.100            10966207             9835011             4061538
 1.150             7625719             7613095             3801976
 1.200             2964159             3702579             3576296
 1.250              426491             1072893             3188535
 1.300               22814              225669             2737489
 1.350                  64               47449             2308292
 1.400                   0               13225             1927659
 1.450                   0                4493             1588302
 1.500                   0                1582             1295335
 1.550                   0                 621             1050313
 1.600                   0                 251              843566
 1.650                   0                  81              670244
 1.700                   0                  30              526892
 1.750                   0                   8              406229
 1.800                   0                   4              309911
 1.850                   0                   1              232982
 1.900                   0                   0              172428
 1.950                   0                   0              125737
 2.000                   0                   0               90343
 2.050                   0                   1               63287
 2.100                   0                   0               43788
 2.150                   0                   0               30042
 2.200                   0                   0               19748
 2.250                   0                   0               13113
 2.300                   0                   0                8638
 2.350                   0                   0                5371
 2.400                   0                   0                3460
 2.450                   0                   0                2107
 2.500                   0                   0                1318
 2.550                   0                   0                 828
 2.600                   0                   0                 490
 2.650                   0                   0                 292
 2.700                   0                   0                 172
 2.750                   0                   0                 102
 2.800                   0                   0                  52
 2.850                   0                   0                  36
 2.900                   0                   0                  11
 2.950                   0                   0                   8
 3.000                   0                   0                   6
 3.050                   0                   0                   2
 3.100                   0                   0                   1
 3.150                   0                   0                   0
 3.200                   0                   0                   1
 3.250                   0                   0                   0
 3.300                   0                   0                   0
 3.350                   0                   0                   0
 3.400                   0                   0                   0
 3.450                   0                   0                   0
 3.500                   0                   0                   0
 3.550                   0                   0                   0
 3.600                   0                   0                   0
 3.650                   0                   0                   0
 3.700                   0                   0                   0
 3.750                   0                   0                   0
 3.800                   0                   0                   0
 3.850                   0                   0                   0
 3.900                   0                   0                   0
 3.950                   0                   0                   0
 4.000                   0                   0                   0
 4.050                   0                   0                   0
 4.100                   0                   0                   0
 4.150                   0                   0                   0
 4.200                   0                   0                   0
 4.250                   0                   0                   0
 4.300                   0                   0                   0
 4.350                   0                   0                   0
 4.400                   0                   0                   0
 4.450                   0                   0                   0
 4.500                   0                   0                   0
 4.550                   0                   0                   0
 4.600                   0                   0                   0
 4.650                   0                   0                   0
 4.700                   0                   0                   0
 4.750                   0                   0                   0
 4.800                   0                   0                   0
 4.850                   0                   0                   0
 4.900                   0                   0                   0
 4.950                   0                   0                   0
