 0.000             4817143             4473668             5655653
 0.050              375979              260109              345368
 0.100              340647              314161              280630
 0.150              338906              340712              243904
 0.200              348389              346388              210890
 0.250              362724              348096              179048
 0.300              381719              358676              152036
 0.350              403346              375818              126480
 0.400              430161              401463              103877
 0.450              456115              431164               85637
 0.500              490683              466139               70797
 0.550              530297              505313               59654
 0.600              572741              548504               51320
 0.650              619876              595873               45001
 0.700              670331              652292               41053
 0.750              724658              717215               39074
 0.800              776319              791912               38745
 0.850              837119              884438               39409
 0.900              896700             1004860               41774
 0.950              981571             1151287               44883
 1.000             1142763             1424217             3676777
 1.050             5902913             5807505             4095493
 1.100            12063716            10259533             3923435
 1.150             8612510             8439247             3860463
 1.200             3269631             4246041             3659348
 1.250              545012             1356495             3344740
 1.300               30763              318123             2953375
 1.350                 114               72900             2556598
 1.400                   0               19995             2162324
 1.450                   0                6792             1801112
 1.500                   0                2444             1486089
 1.550                   0                 933             1216143
 1.600                   0                 355              983954
 1.650                   0                 108              788051
 1.700                   0                  41              625540
 1.750                   0                  21              489709
 1.800                   0                   5              379749
 1.850                   0                   1              291493
 1.900                   0                   2              218842
 1.950                   0                   0              162664
 2.000                   0                   0              119424
 2.050                   0                   0               85608
 2.100                   0                   0               60490
 2.150                   0                   0               42556
 2.200                   0                   0               28615
 2.250                   0                   0               19307
 2.300                   0                   0               12734
 2.350                   0                   0                8644
 2.400                   0                   0                5353
 2.450                   0                   0                3380
 2.500                   0                   0                2192
 2.550                   0                   0                1342
 2.600                   0                   0                 831
 2.650                   0                   0                 503
 2.700                   0                   0                 298
 2.750                   0                   0                 192
 2.800                   0                   0                 115
 2.850                   0                   0                  56
 2.900                   0                   0                  36
 2.950                   0                   0                  20
 3.000                   0                   0                   9
 3.050                   0                   0                   2
 3.100                   0                   0                   3
 3.150                   0                   0                   1
 3.200                   0                   0                   3
 3.250                   0                   0                   0
 3.300                   0                   0                   0
 3.350                   0                   0                   0
 3.400                   0                   0                   0
 3.450                   0                   0                   0
 3.500                   0                   0                   0
 3.550                   0                   0                   0
 3.600                   0                   0                   0
 3.650                   0                   0                   0
 3.700                   0                   0                   0
 3.750                   0                   0                   0
 3.800                   0                   0                   0
 3.850                   0                   0                   0
 3.900                   0                   0                   0
 3.950                   0                   0                   0
 4.000                   0                   0                   0
 4.050                   0                   0                   0
 4.100                   0                   0                   0
 4.150                   0                   0                   0
 4.200                   0                   0                   0
 4.250                   0                   0                   0
 4.300                   0                   0                   0
 4.350                   0                   0                   0
 4.400                   0                   0                   0
 4.450                   0                   0                   0
 4.500                   0                   0                   0
 4.550                   0                   0                   0
 4.600                   0                   0                   0
 4.650                   0                   0                   0
 4.700                   0                   0                   0
 4.750                   0                   0                   0
 4.800                   0                   0                   0
 4.850                   0                   0                   0
 4.900                   0                   0                   0
 4.950                   0                   0                   0
