 0.000             5087160             4728356             5924860
 0.050              382492              277053              344089
 0.100              345409              330286              285064
 0.150              343027              351544              239587
 0.200              351937              353614              203666
 0.250              365793              353953              172538
 0.300              384196              362759              147305
 0.350              404174              378747              122523
 0.400              427696              403594               98583
 0.450              453940              429708               79216
 0.500              482118              461512               65060
 0.550              518778              498916               53780
 0.600              558194              538926               46099
 0.650              603238              584062               41867
 0.700              651792              634521               38899
 0.750              707140              697857               37114
 0.800              770768              778373               37323
 0.850              838040              877736               38517
 0.900              923004              999256               40356
 0.950             1023927             1157756               44187
 1.000             1162971             1454308             4165053
 1.050             7035839             6668171             4375385
 1.100            10982418             9802816             4053110
 1.150             7726379             7685441             3843496
 1.200             2947883             3743750             3550276
 1.250              458957             1103561             3202216
 1.300               21159              231802             2764920
 1.350                 118               49163             2336042
 1.400                   0               13639             1949370
 1.450                   0                4654             1613119
 1.500                   0                1731             1317271
 1.550                   0                 628             1068150
 1.600                   0                 219              859185
 1.650                   0                  86              685170
 1.700                   0                  30              538134
 1.750                   0                  13              417238
 1.800                   0                   2              318432
 1.850                   0                   2              239341
 1.900                   0                   1              177540
 1.950                   0                   0              129928
 2.000                   0                   0               93232
 2.050                   0                   0               65748
 2.100                   0                   1               45671
 2.150                   0                   0               31173
 2.200                   0                   0               20854
 2.250                   0                   0               13766
 2.300                   0                   0                8930
 2.350                   0                   0                5810
 2.400                   0                   0                3602
 2.450                   0                   0                2257
 2.500                   0                   0                1353
 2.550                   0                   0                 838
 2.600                   0                   0                 546
 2.650                   0                   0                 310
 2.700                   0                   0                 202
 2.750                   0                   0                 103
 2.800                   0                   0                  74
 2.850                   0                   0                  32
 2.900                   0                   0                  17
 2.950                   0                   0                  12
 3.000                   0                   0                   5
 3.050                   0                   0                   1
 3.100                   0                   0                   1
 3.150                   0                   0                   1
 3.200                   0                   0                   0
 3.250                   0                   0                   0
 3.300                   0                   0                   0
 3.350                   0                   0                   0
 3.400                   0                   0                   0
 3.450                   0                   0                   0
 3.500                   0                   0                   0
 3.550                   0                   0                   0
 3.600                   0                   0                   0
 3.650                   0                   0                   0
 3.700                   0                   0                   0
 3.750                   0                   0                   0
 3.800                   0                   0                   0
 3.850                   0                   0                   0
 3.900                   0                   0                   0
 3.950                   0                   0                   0
 4.000                   0                   0                   0
 4.050                   0                   0                   0
 4.100                   0                   0                   0
 4.150                   0                   0                   0
 4.200                   0                   0                   0
 4.250                   0                   0                   0
 4.300                   0                   0                   0
 4.350                   0                   0                   0
 4.400                   0                   0                   0
 4.450                   0                   0                   0
 4.500                   0                   0                   0
 4.550                   0                   0                   0
 4.600                   0                   0                   0
 4.650                   0                   0                   0
 4.700                   0                   0                   0
 4.750                   0                   0                   0
 4.800                   0                   0                   0
 4.850                   0                   0                   0
 4.900                   0                   0                   0
 4.950                   0                   0                   0
