 0.000             4227162             3886225             4937687
 0.050              351469              248279              327221
 0.100              321877              299591              283487
 0.150              322235              321664              261344
 0.200              331395              324818              245995
 0.250              345631              328312              223610
 0.300              361435              338635              198087
 0.350              380420              355182              174749
 0.400              403500              377313              150129
 0.450              428490              403102              129166
 0.500              460059              435252              108912
 0.550              499033              470633               92182
 0.600              542926              512108               78492
 0.650              587474              559373               66947
 0.700              641992              613863               58800
 0.750              702488              678134               53091
 0.800              768583              759749               49343
 0.850              829220              863639               47845
 0.900              899747             1000252               47732
 0.950             1002639             1177825               49135
 1.000             1145746             1442853             2257659
 1.050             2077492             3444534             2951398
 1.100            13893411             9993919             3209482
 1.150            11003943            10369369             3579495
 1.200             6264973             7046090             3780216
 1.250             1633011             3077753             3703352
 1.300              151181              916728             3496248
 1.350                5652              235783             3216060
 1.400                   0               66774             2884309
 1.450                   0               22285             2521578
 1.500                   0                8217             2160896
 1.550                   0                3016             1825852
 1.600                   0                1189             1521934
 1.650                   0                 465             1255165
 1.700                   0                 163             1020149
 1.750                   0                  66              824336
 1.800                   0                  18              656072
 1.850                   0                   4              517226
 1.900                   0                   5              403909
 1.950                   0                   1              312271
 2.000                   0                   1              238845
 2.050                   0                   0              180423
 2.100                   0                   1              134754
 2.150                   0                   0              100296
 2.200                   0                   0               72836
 2.250                   0                   1               52937
 2.300                   0                   0               37759
 2.350                   0                   0               26511
 2.400                   0                   0               18750
 2.450                   0                   0               12972
 2.500                   0                   0                8717
 2.550                   0                   0                5827
 2.600                   0                   0                3864
 2.650                   0                   0                2621
 2.700                   0                   0                1592
 2.750                   0                   0                1013
 2.800                   0                   0                 657
 2.850                   0                   0                 386
 2.900                   0                   0                 252
 2.950                   0                   0                 140
 3.000                   0                   0                  96
 3.050                   0                   0                  56
 3.100                   0                   0                  38
 3.150                   0                   0                  18
 3.200                   0                   0                   8
 3.250                   0                   0                   5
 3.300                   0                   0                   0
 3.350                   0                   0                   4
 3.400                   0                   1                   0
 3.450                   0                   0                   1
 3.500                   0                   0                   0
 3.550                   0                   0                   0
 3.600                   0                   0                   0
 3.650                   0                   0                   1
 3.700                   0                   1                   0
 3.750                   0                   0                   0
 3.800                   0                   1                   0
 3.850                   0                   0                   0
 3.900                   0                   0                   0
 3.950                   0                   0                   0
 4.000                   0                   2                   0
 4.050                   0                   0                   0
 4.100                   0                   1                   0
 4.150                   0                   0                   0
 4.200                   0                   1                   0
 4.250                   0                   1                   0
 4.300                   0                   5                   0
 4.350                   0                   0                   0
 4.400                   0                   4                   0
 4.450                   0                   2                   0
 4.500                   0                   1                   0
 4.550                   0                   5                   0
 4.600                   0                   5                   0
 4.650                   0                   9                   0
 4.700                   0                   5                   0
 4.750                   0                  12                   0
 4.800                   0                   8                   0
 4.850                   0                  27                   0
 4.900                   0                  47                   0
 4.950                   0                 106                   0
