 0.000             3548484             3237647             4114282
 0.050              303716              201626              281768
 0.100              276431              241625              269111
 0.150              275528              266353              266347
 0.200              284630              276562              254636
 0.250              297463              282540              241600
 0.300              313594              290792              227571
 0.350              329690              303878              212716
 0.400              349575              320873              194970
 0.450              370151              343449              176074
 0.500              396800              367129              157109
 0.550              424981              396972              138231
 0.600              457780              431710              121484
 0.650              497960              472242              106890
 0.700              544981              518872               93063
 0.750              598446              577710               81990
 0.800              662310              652886               72914
 0.850              741434              754049               65582
 0.900              835115              896064               60331
 0.950              947621             1100737               56728
 1.000             1102221             1382732             1309723
 1.050             1335948             1911595             1905397
 1.100             7678125             6281917             2314920
 1.150            15504612            11809936             2806375
 1.200            11475004            11179969             3234219
 1.250             6004456             7490758             3521742
 1.300             1317972             3403150             3649313
 1.350               94052             1116623             3634491
 1.400                1820              317179             3517586
 1.450                 156               93956             3322373
 1.500                   0               31304             3065780
 1.550                   0               11467             2768240
 1.600                   0                4276             2461516
 1.650                   0                1544             2149445
 1.700                   0                 547             1852467
 1.750                   0                 239             1576498
 1.800                   0                  89             1323486
 1.850                   0                  36             1099865
 1.900                   0                  11              902444
 1.950                   0                   9              736975
 2.000                   0                   0              593384
 2.050                   0                   3              471970
 2.100                   0                   0              371878
 2.150                   0                   0              290567
 2.200                   0                   0              225492
 2.250                   0                   0              173353
 2.300                   0                   0              130500
 2.350                   0                   0               98869
 2.400                   0                   0               73941
 2.450                   0                   0               54847
 2.500                   0                   0               40005
 2.550                   0                   0               29356
 2.600                   0                   0               21112
 2.650                   0                   0               15046
 2.700                   0                   0               10674
 2.750                   0                   0                7364
 2.800                   0                   0                5300
 2.850                   0                   0                3601
 2.900                   0                   0                2454
 2.950                   0                   0                1621
 3.000                   0                   0                1097
 3.050                   0                   0                 712
 3.100                   0                   0                 468
 3.150                   0                   0                 293
 3.200                   0                   0                 216
 3.250                   0                   0                 155
 3.300                   0                   0                  95
 3.350                   0                   0                  52
 3.400                   0                   0                  37
 3.450                   0                   0                  26
 3.500                   0                   0                  18
 3.550                   0                   0                   7
 3.600                   0                   0                   4
 3.650                   0                   1                   5
 3.700                   0                   0                   1
 3.750                   0                   0                   1
 3.800                   0                   0                   2
 3.850                   0                   0                   0
 3.900                   0                   0                   1
 3.950                   0                   0                   0
 4.000                   0                   1                   0
 4.050                   0                   0                   0
 4.100                   0                   1                   0
 4.150                   0                   1                   0
 4.200                   0                   0                   0
 4.250                   0                   1                   0
 4.300                   0                   1                   0
 4.350                   0                   1                   0
 4.400                   0                   2                   0
 4.450                   0                   5                   0
 4.500                   0                   4                   0
 4.550                   0                   5                   0
 4.600                   0                   5                   0
 4.650                   0                   8                   0
 4.700                   0                   7                   0
 4.750                   0                   8                   0
 4.800                   0                  23                   0
 4.850                   0                  25                   0
 4.900                   0                  49                   0
 4.950                   0                 132                   0
