 0.000             3399970             3098752             3981300
 0.050              306727              202502              286279
 0.100              279196              245315              268958
 0.150              278744              272152              264483
 0.200              285866              281659              262569
 0.250              298334              284097              253407
 0.300              313581              292551              245633
 0.350              331014              305306              235625
 0.400              349955              320823              222511
 0.450              371589              342420              206619
 0.500              396672              368187              187077
 0.550              427969              397016              166654
 0.600              459727              432255              147970
 0.650              498798              472365              129808
 0.700              546415              513210              113467
 0.750              598473              566115              100114
 0.800              651116              631445               88057
 0.850              714553              714808               79265
 0.900              794423              836894               71306
 0.950              894897             1017868               66631
 1.000             1026211             1275043             1013337
 1.050             1204017             1668450             1586392
 1.100             1882568             3901835             2001121
 1.150            17773127            10968209             2497949
 1.200            13643149            12501665             2968440
 1.250             8449521             9479255             3327584
 1.300             2758337             5093450             3543255
 1.350              341620             1944456             3630715
 1.400               18059              598894             3607941
 1.450                 693              178371             3480677
 1.500                   0               57705             3286009
 1.550                   0               20397             3033790
 1.600                   0                7287             2751808
 1.650                   0                2825             2452957
 1.700                   0                1067             2158745
 1.750                   0                 423             1870076
 1.800                   0                 143             1601575
 1.850                   0                  67             1356986
 1.900                   0                  22             1137534
 1.950                   0                  11              942409
 2.000                   0                   3              772379
 2.050                   0                   0              629645
 2.100                   0                   0              507599
 2.150                   0                   1              403308
 2.200                   0                   0              318606
 2.250                   0                   0              250776
 2.300                   0                   1              193855
 2.350                   0                   0              148928
 2.400                   0                   0              114227
 2.450                   0                   1               87031
 2.500                   0                   0               64898
 2.550                   0                   0               48231
 2.600                   0                   0               35852
 2.650                   0                   0               26529
 2.700                   0                   0               19282
 2.750                   0                   0               13557
 2.800                   0                   0                9939
 2.850                   0                   0                7301
 2.900                   0                   0                4985
 2.950                   0                   0                3468
 3.000                   0                   0                2397
 3.050                   0                   0                1689
 3.100                   0                   1                1137
 3.150                   0                   0                 817
 3.200                   0                   0                 547
 3.250                   0                   0                 333
 3.300                   0                   0                 233
 3.350                   0                   0                 152
 3.400                   0                   0                  95
 3.450                   0                   0                  65
 3.500                   0                   0                  47
 3.550                   0                   0                  23
 3.600                   0                   0                  20
 3.650                   0                   1                  15
 3.700                   0                   0                   7
 3.750                   0                   0                   8
 3.800                   0                   1                   0
 3.850                   0                   0                   4
 3.900                   0                   0                   2
 3.950                   0                   1                   0
 4.000                   0                   0                   1
 4.050                   0                   0                   0
 4.100                   0                   3                   0
 4.150                   0                   1                   0
 4.200                   0                   0                   0
 4.250                   0                   1                   0
 4.300                   0                   1                   0
 4.350                   0                   0                   0
 4.400                   0                   1                   0
 4.450                   0                   2                   0
 4.500                   0                   3                   0
 4.550                   0                   2                   0
 4.600                   0                   5                   0
 4.650                   0                   5                   0
 4.700                   0                  10                   0
 4.750                   0                  13                   0
 4.800                   0                  15                   0
 4.850                   0                  23                   0
 4.900                   0                  56                   0
 4.950                   0                 155                   0
