 0.000             3442014             3130211             4018928
 0.050              308557              203301              284378
 0.100              281404              250205              273767
 0.150              281228              275132              264589
 0.200              288856              284140              255565
 0.250              302730              286311              251866
 0.300              318456              294761              244815
 0.350              337082              309203              235821
 0.400              356331              326634              219681
 0.450              376900              347974              202724
 0.500              401774              373262              182353
 0.550              430714              403262              163432
 0.600              465336              434784              143799
 0.650              499609              472252              126337
 0.700              544355              516763              111057
 0.750              591050              569472               97886
 0.800              647248              634009               86816
 0.850              710104              718734               77461
 0.900              786469              839055               70988
 0.950              880995             1013363               65621
 1.000              998926             1264958             1046109
 1.050             1179428             1667625             1629162
 1.100             2442228             4184016             2063276
 1.150            18137287            11300220             2557492
 1.200            13159043            12369721             3014805
 1.250             8114827             9176111             3361200
 1.300             2417759             4785969             3561128
 1.350              285857             1781042             3635475
 1.400               23541              548869             3597724
 1.450                  76              164912             3457670
 1.500                   0               53777             3251615
 1.550                   0               18821             2995292
 1.600                   0                7055             2709186
 1.650                   0                2643             2409388
 1.700                   0                 963             2111447
 1.750                   0                 410             1827361
 1.800                   0                 147             1562700
 1.850                   0                  60             1319048
 1.900                   0                  24             1103314
 1.950                   0                   4              910553
 2.000                   0                   2              747221
 2.050                   0                   4              606562
 2.100                   0                   1              485536
 2.150                   0                   0              386081
 2.200                   0                   0              304231
 2.250                   0                   0              237545
 2.300                   0                   1              184448
 2.350                   0                   0              141494
 2.400                   0                   0              108926
 2.450                   0                   0               81168
 2.500                   0                   1               60846
 2.550                   0                   0               45471
 2.600                   0                   0               33752
 2.650                   0                   0               24295
 2.700                   0                   0               17607
 2.750                   0                   0               12838
 2.800                   0                   0                9202
 2.850                   0                   0                6428
 2.900                   0                   0                4479
 2.950                   0                   0                3137
 3.000                   0                   0                2247
 3.050                   0                   0                1471
 3.100                   0                   0                1025
 3.150                   0                   0                 715
 3.200                   0                   0                 446
 3.250                   0                   0                 301
 3.300                   0                   0                 196
 3.350                   0                   0                 120
 3.400                   0                   0                  97
 3.450                   0                   0                  52
 3.500                   0                   0                  34
 3.550                   0                   0                  31
 3.600                   0                   0                  11
 3.650                   0                   0                  12
 3.700                   0                   0                   8
 3.750                   0                   0                   2
 3.800                   0                   0                   4
 3.850                   0                   0                   2
 3.900                   0                   0                   0
 3.950                   0                   0                   2
 4.000                   0                   1                   0
 4.050                   0                   1                   0
 4.100                   0                   0                   1
 4.150                   0                   0                   0
 4.200                   0                   0                   0
 4.250                   0                   0                   0
 4.300                   0                   0                   0
 4.350                   0                   2                   0
 4.400                   0                   4                   0
 4.450                   0                   3                   0
 4.500                   0                   3                   0
 4.550                   0                   2                   0
 4.600                   0                   5                   0
 4.650                   0                   5                   0
 4.700                   0                  12                   0
 4.750                   0                  13                   0
 4.800                   0                  19                   0
 4.850                   0                  27                   0
 4.900                   0                  57                   0
 4.950                   0                 157                   0
