 0.000             3646724             3361839             4266031
 0.050              311194              210290              290433
 0.100              284151              251508              264230
 0.150              283695              277474              247618
 0.200              291573              284312              236657
 0.250              303787              290176              225770
 0.300              319685              299394              212740
 0.350              338697              312598              194557
 0.400              361195              331608              175993
 0.450              386501              357230              156719
 0.500              413910              384307              136284
 0.550              444474              417047              118132
 0.600              478398              451783              102239
 0.650              513575              489682               88162
 0.700              556216              536166               76403
 0.750              602131              589253               66432
 0.800              658484              656271               60239
 0.850              730164              746473               55022
 0.900              818285              876493               50969
 0.950              929051             1061451               49194
 1.000             1069010             1324696             1589235
 1.050             1290665             1894342             2277678
 1.100             9099801             7214093             2677723
 1.150            14211049            11828239             3146934
 1.200            10961860            10588715             3522937
 1.250             4663269             6321624             3720823
 1.300              815657             2478313             3737948
 1.350               52436              720812             3621024
 1.400                2217              193889             3404733
 1.450                  88               57379             3119570
 1.500                   0               19303             2795702
 1.550                   0                6974             2463338
 1.600                   0                2642             2134293
 1.650                   0                 995             1819457
 1.700                   0                 343             1531160
 1.750                   0                 141             1273623
 1.800                   0                  47             1048616
 1.850                   0                  22              852236
 1.900                   0                  11              686968
 1.950                   0                   3              546511
 2.000                   0                   2              432189
 2.050                   0                   1              337572
 2.100                   0                   1              260788
 2.150                   0                   0              200206
 2.200                   0                   1              151339
 2.250                   0                   0              113813
 2.300                   0                   0               83616
 2.350                   0                   0               61687
 2.400                   0                   0               44783
 2.450                   0                   0               32632
 2.500                   0                   0               23035
 2.550                   0                   1               16199
 2.600                   0                   0               11265
 2.650                   0                   0                7959
 2.700                   0                   0                5359
 2.750                   0                   0                3605
 2.800                   0                   0                2520
 2.850                   0                   0                1634
 2.900                   0                   0                1055
 2.950                   0                   0                 719
 3.000                   0                   0                 456
 3.050                   0                   0                 303
 3.100                   0                   0                 191
 3.150                   0                   0                 123
 3.200                   0                   0                  86
 3.250                   0                   1                  45
 3.300                   0                   0                  33
 3.350                   0                   0                  20
 3.400                   0                   1                   8
 3.450                   0                   0                   6
 3.500                   0                   1                   5
 3.550                   0                   0                   3
 3.600                   0                   1                   2
 3.650                   0                   0                   1
 3.700                   0                   3                   0
 3.750                   0                   0                   2
 3.800                   0                   0                   0
 3.850                   0                   2                   0
 3.900                   0                   0                   0
 3.950                   0                   0                   0
 4.000                   0                   1                   0
 4.050                   0                   1                   0
 4.100                   0                   1                   0
 4.150                   0                   2                   0
 4.200                   0                   1                   0
 4.250                   0                   2                   0
 4.300                   0                   2                   0
 4.350                   0                   4                   0
 4.400                   0                   3                   0
 4.450                   0                   2                   0
 4.500                   0                   2                   0
 4.550                   0                   4                   0
 4.600                   0                  16                   0
 4.650                   0                  12                   0
 4.700                   0                  12                   0
 4.750                   0                  16                   0
 4.800                   0                  20                   0
 4.850                   0                  35                   0
 4.900                   0                  58                   0
 4.950                   0                 145                   0
