 0.000             3593020             3289327             4198813
 0.050              312901              216426              293018
 0.100              282032              257756              261310
 0.150              282147              280538              251024
 0.200              292053              284421              237333
 0.250              304784              286230              222049
 0.300              319793              294233              208211
 0.350              338321              308329              193667
 0.400              359471              327808              177664
 0.450              380261              349818              159834
 0.500              403852              378094              141244
 0.550              432359              408643              124159
 0.600              466024              443062              107967
 0.650              502883              480638               93905
 0.700              548951              528012               81172
 0.750              602602              583819               71300
 0.800              659740              652335               63564
 0.850              733416              745090               58022
 0.900              817184              875333               54299
 0.950              916477             1062179               52030
 1.000             1057304             1319113             1490267
 1.050             1282521             1845794             2179359
 1.100             8214071             6693793             2564878
 1.150            14511055            11714671             3035227
 1.200            11450132            10938390             3419874
 1.250             5424152             6924860             3655657
 1.300              933034             2829191             3717360
 1.350               73804              844914             3634642
 1.400                4454              231884             3452100
 1.450                   0               68197             3197092
 1.500                   0               22699             2888455
 1.550                   0                8208             2568578
 1.600                   0                3122             2244231
 1.650                   0                1181             1928132
 1.700                   0                 423             1636084
 1.750                   0                 171             1372659
 1.800                   0                  51             1136427
 1.850                   0                  27              929690
 1.900                   0                  10              755353
 1.950                   0                   4              604327
 2.000                   0                   3              481490
 2.050                   0                   0              376684
 2.100                   0                   0              294085
 2.150                   0                   0              227193
 2.200                   0                   0              173299
 2.250                   0                   1              130278
 2.300                   0                   0               98048
 2.350                   0                   0               72682
 2.400                   0                   0               53065
 2.450                   0                   0               38417
 2.500                   0                   1               27822
 2.550                   0                   0               19861
 2.600                   0                   0               14136
 2.650                   0                   0                9756
 2.700                   0                   0                6855
 2.750                   0                   0                4591
 2.800                   0                   0                3079
 2.850                   0                   0                2126
 2.900                   0                   0                1442
 2.950                   0                   0                 951
 3.000                   0                   0                 612
 3.050                   0                   0                 424
 3.100                   0                   0                 255
 3.150                   0                   0                 181
 3.200                   0                   0                 106
 3.250                   0                   0                  65
 3.300                   0                   0                  41
 3.350                   0                   0                  23
 3.400                   0                   0                  15
 3.450                   0                   0                  11
 3.500                   0                   0                  10
 3.550                   0                   0                   5
 3.600                   0                   0                   1
 3.650                   0                   0                   4
 3.700                   0                   1                   1
 3.750                   0                   1                   0
 3.800                   0                   0                   0
 3.850                   0                   0                   1
 3.900                   0                   0                   0
 3.950                   0                   0                   0
 4.000                   0                   1                   0
 4.050                   0                   0                   0
 4.100                   0                   0                   0
 4.150                   0                   0                   0
 4.200                   0                   0                   0
 4.250                   0                   1                   0
 4.300                   0                   0                   0
 4.350                   0                   2                   0
 4.400                   0                   4                   0
 4.450                   0                   1                   0
 4.500                   0                   1                   0
 4.550                   0                   3                   0
 4.600                   0                   1                   0
 4.650                   0                   2                   0
 4.700                   0                   9                   0
 4.750                   0                   9                   0
 4.800                   0                  19                   0
 4.850                   0                  22                   0
 4.900                   0                  27                   0
 4.950                   0                 101                   0
