 0.000             3658126             3375662             4278871
 0.050              309173              210173              289393
 0.100              283537              251041              264014
 0.150              283537              275781              248408
 0.200              291859              283628              238005
 0.250              305084              289933              227697
 0.300              321107              299054              213046
 0.350              341250              313986              195144
 0.400              363345              332404              176279
 0.450              388274              357777              155303
 0.500              415508              387094              135733
 0.550              444836              417777              117158
 0.600              476526              453695              101215
 0.650              511470              492545               87225
 0.700              555255              537469               75470
 0.750              610334              590288               66545
 0.800              670384              657908               59505
 0.850              738941              752788               54624
 0.900              828377              885848               50557
 0.950              932132             1069171               49074
 1.000             1067239             1328037             1600106
 1.050             1292159             1898052             2311874
 1.100             9235050             7300835             2698285
 1.150            14207293            11864404             3168751
 1.200            10797564            10506123             3539416
 1.250             4567971             6216343             3727958
 1.300              787538             2416058             3740790
 1.350               37436              690330             3615391
 1.400                1758              184756             3389411
 1.450                   0               54734             3102346
 1.500                   0               18402             2776130
 1.550                   0                6848             2443118
 1.600                   0                2608             2113260
 1.650                   0                 960             1800305
 1.700                   0                 349             1511562
 1.750                   0                 122             1259020
 1.800                   0                  44             1033538
 1.850                   0                  22              839251
 1.900                   0                  10              674628
 1.950                   0                   0              538182
 2.000                   0                   3              424557
 2.050                   0                   0              331582
 2.100                   0                   0              255345
 2.150                   0                   0              196044
 2.200                   0                   1              148033
 2.250                   0                   0              110703
 2.300                   0                   0               82122
 2.350                   0                   0               60323
 2.400                   0                   0               43653
 2.450                   0                   0               31376
 2.500                   0                   0               22488
 2.550                   0                   0               15654
 2.600                   0                   0               11074
 2.650                   0                   0                7572
 2.700                   0                   0                5219
 2.750                   0                   0                3550
 2.800                   0                   0                2331
 2.850                   0                   0                1582
 2.900                   0                   1                1029
 2.950                   0                   0                 664
 3.000                   0                   0                 457
 3.050                   0                   0                 289
 3.100                   0                   0                 183
 3.150                   0                   0                 122
 3.200                   0                   0                  71
 3.250                   0                   0                  41
 3.300                   0                   0                  36
 3.350                   0                   0                  15
 3.400                   0                   0                  11
 3.450                   0                   0                   5
 3.500                   0                   0                   4
 3.550                   0                   0                   3
 3.600                   0                   1                   3
 3.650                   0                   0                   0
 3.700                   0                   0                   2
 3.750                   0                   0                   0
 3.800                   0                   1                   0
 3.850                   0                   1                   0
 3.900                   0                   0                   0
 3.950                   0                   2                   0
 4.000                   0                   1                   0
 4.050                   0                   1                   0
 4.100                   0                   1                   0
 4.150                   0                   2                   0
 4.200                   0                   1                   0
 4.250                   0                   0                   0
 4.300                   0                   2                   0
 4.350                   0                   2                   0
 4.400                   0                   2                   0
 4.450                   0                   3                   0
 4.500                   0                   1                   0
 4.550                   0                   3                   0
 4.600                   0                   5                   0
 4.650                   0                  17                   0
 4.700                   0                  10                   0
 4.750                   0                  15                   0
 4.800                   0                  24                   0
 4.850                   0                  31                   0
 4.900                   0                  68                   0
 4.950                   0                 137                   0
