 0.000             4923518             4581054             5754978
 0.050              376640              264756              341332
 0.100              338947              314957              283850
 0.150              337923              340505              244587
 0.200              348190              344977              209193
 0.250              360082              347946              177385
 0.300              379201              357819              149194
 0.350              400313              374801              123046
 0.400              424758              399933              101211
 0.450              452352              427212               83094
 0.500              479806              458883               68972
 0.550              515408              495042               58189
 0.600              557120              536377               49304
 0.650              602401              581561               43592
 0.700              653023              635833               40557
 0.750              708805              702246               38518
 0.800              768288              779853               38322
 0.850              839946              880263               38974
 0.900              924364             1009466               40943
 0.950             1021924             1173909               44813
 1.000             1191319             1461262             3831999
 1.050             6288117             6121207             4221494
 1.100            11908950            10258682             3913242
 1.150             8165117             8104261             3853952
 1.200             3057444             3987794             3609752
 1.250              493141             1237407             3301541
 1.300               29697              279503             2891063
 1.350                   5               62569             2473611
 1.400                   0               17356             2083106
 1.450                   0                5925             1738235
 1.500                   0                2182             1431203
 1.550                   0                 818             1165684
 1.600                   0                 284              940718
 1.650                   0                 101              751328
 1.700                   0                  39              595308
 1.750                   0                   9              466326
 1.800                   0                   3              359793
 1.850                   0                   4              273810
 1.900                   0                   0              205285
 1.950                   0                   0              151803
 2.000                   0                   0              110236
 2.050                   0                   0               79030
 2.100                   0                   0               54980
 2.150                   0                   0               38379
 2.200                   0                   0               25838
 2.250                   0                   0               17573
 2.300                   0                   0               11379
 2.350                   0                   0                7371
 2.400                   0                   0                4749
 2.450                   0                   0                3050
 2.500                   0                   0                1962
 2.550                   0                   0                1187
 2.600                   0                   0                 700
 2.650                   0                   0                 426
 2.700                   0                   0                 267
 2.750                   0                   0                 154
 2.800                   0                   0                  96
 2.850                   0                   0                  45
 2.900                   0                   0                  28
 2.950                   0                   0                  21
 3.000                   0                   0                  10
 3.050                   0                   0                   3
 3.100                   0                   0                   5
 3.150                   0                   0                   3
 3.200                   0                   0                   0
 3.250                   0                   0                   0
 3.300                   0                   0                   0
 3.350                   0                   0                   0
 3.400                   0                   0                   0
 3.450                   0                   0                   0
 3.500                   0                   0                   0
 3.550                   0                   0                   0
 3.600                   0                   0                   0
 3.650                   0                   0                   0
 3.700                   0                   0                   0
 3.750                   0                   0                   0
 3.800                   0                   0                   0
 3.850                   0                   0                   0
 3.900                   0                   0                   0
 3.950                   0                   0                   0
 4.000                   0                   0                   0
 4.050                   0                   0                   0
 4.100                   0                   0                   0
 4.150                   0                   0                   0
 4.200                   0                   0                   0
 4.250                   0                   0                   0
 4.300                   0                   0                   0
 4.350                   0                   0                   0
 4.400                   0                   0                   0
 4.450                   0                   0                   0
 4.500                   0                   0                   0
 4.550                   0                   0                   0
 4.600                   0                   0                   0
 4.650                   0                   0                   0
 4.700                   0                   0                   0
 4.750                   0                   0                   0
 4.800                   0                   0                   0
 4.850                   0                   0                   0
 4.900                   0                   0                   0
 4.950                   0                   0                   0
