 0.000             5266577             4877073             6086824
 0.050              395153              277202              341699
 0.100              353626              335166              279852
 0.150              349351              361396              243921
 0.200              357851              365257              210591
 0.250              372071              365238              175433
 0.300              388182              371432              141832
 0.350              410110              386583              114260
 0.400              437276              409288               89996
 0.450              462751              437941               71849
 0.500              496161              471649               58882
 0.550              532002              508608               50106
 0.600              570198              549679               44188
 0.650              614268              595000               40011
 0.700              660781              646534               38869
 0.750              708619              704932               38238
 0.800              754102              776973               38615
 0.850              802537              864012               40286
 0.900              862517              967940               42729
 0.950              945888             1102693               46898
 1.000             1104588             1394314             4380610
 1.050             7271280             6955425             4763719
 1.100            11192754             9968886             4211273
 1.150             7348061             7336817             3909010
 1.200             2311050             3182151             3513805
 1.250              303217              846001             3054339
 1.300               12095              170658             2585500
 1.350                 186               37361             2156796
 1.400                   0               10951             1779339
 1.450                   0                3781             1458703
 1.500                   0                1469             1188678
 1.550                   0                 561              956602
 1.600                   0                 177              759185
 1.650                   0                  55              594890
 1.700                   0                  24              462510
 1.750                   0                  16              355872
 1.800                   0                   6              269720
 1.850                   0                   0              200783
 1.900                   0                   1              147265
 1.950                   0                   1              106546
 2.000                   0                   0               75853
 2.050                   0                   0               52485
 2.100                   0                   0               35982
 2.150                   0                   0               24418
 2.200                   0                   0               16172
 2.250                   0                   0               10473
 2.300                   0                   0                6689
 2.350                   0                   0                4330
 2.400                   0                   1                2671
 2.450                   0                   0                1598
 2.500                   0                   0                 978
 2.550                   0                   0                 613
 2.600                   0                   0                 330
 2.650                   0                   0                 197
 2.700                   0                   0                 113
 2.750                   0                   0                  70
 2.800                   0                   0                  27
 2.850                   0                   0                  18
 2.900                   0                   0                   9
 2.950                   0                   0                   1
 3.000                   0                   0                   0
 3.050                   0                   0                   1
 3.100                   0                   0                   0
 3.150                   0                   0                   0
 3.200                   0                   0                   0
 3.250                   0                   0                   0
 3.300                   0                   0                   0
 3.350                   0                   0                   0
 3.400                   0                   0                   0
 3.450                   0                   0                   0
 3.500                   0                   0                   0
 3.550                   0                   0                   0
 3.600                   0                   0                   0
 3.650                   0                   0                   0
 3.700                   0                   0                   0
 3.750                   0                   0                   0
 3.800                   0                   0                   0
 3.850                   0                   0                   0
 3.900                   0                   0                   0
 3.950                   0                   0                   0
 4.000                   0                   0                   0
 4.050                   0                   0                   0
 4.100                   0                   0                   0
 4.150                   0                   0                   0
 4.200                   0                   0                   0
 4.250                   0                   0                   0
 4.300                   0                   0                   0
 4.350                   0                   0                   0
 4.400                   0                   0                   0
 4.450                   0                   0                   0
 4.500                   0                   0                   0
 4.550                   0                   0                   0
 4.600                   0                   0                   0
 4.650                   0                   0                   0
 4.700                   0                   0                   0
 4.750                   0                   0                   0
 4.800                   0                   0                   0
 4.850                   0                   0                   0
 4.900                   0                   0                   0
 4.950                   0                   0                   0
