 0.000             3870301             3588697             4542285
 0.050              322703              221743              310350
 0.100              291544              262460              286643
 0.150              291024              285442              254310
 0.200              298889              291920              238886
 0.250              311952              297092              221504
 0.300              330433              307106              204850
 0.350              352031              321936              184285
 0.400              371991              341747              162730
 0.450              397622              367435              142833
 0.500              427752              399072              124711
 0.550              464382              434780              106511
 0.600              506253              473671               91525
 0.650              555900              520357               78958
 0.700              606138              573555               68647
 0.750              656498              638614               60455
 0.800              719952              717408               54656
 0.850              801817              814952               50283
 0.900              897193              959361               48179
 0.950             1009919             1153572               47853
 1.000             1160844             1427460             1819314
 1.050             1389480             2234532             2618290
 1.100            11801336             8891938             2940669
 1.150            13383369            11781307             3354358
 1.200             8727945             9082596             3646451
 1.250             2731785             4548150             3765919
 1.300              371766             1541897             3691899
 1.350               17766              419212             3490907
 1.400                 423              114227             3199494
 1.450                   0               36263             2868474
 1.500                   0               12831             2519056
 1.550                   0                4796             2179258
 1.600                   0                1792             1859233
 1.650                   0                 687             1559954
 1.700                   0                 266             1298443
 1.750                   0                  94             1066270
 1.800                   0                  26              867526
 1.850                   0                   9              696331
 1.900                   0                   4              555912
 1.950                   0                   0              435918
 2.000                   0                   2              339840
 2.050                   0                   0              262831
 2.100                   0                   0              199500
 2.150                   0                   0              150488
 2.200                   0                   1              112268
 2.250                   0                   0               82829
 2.300                   0                   0               61035
 2.350                   0                   0               43594
 2.400                   0                   0               31161
 2.450                   0                   0               22301
 2.500                   0                   0               15428
 2.550                   0                   0               10759
 2.600                   0                   0                7362
 2.650                   0                   0                5079
 2.700                   0                   0                3469
 2.750                   0                   0                2298
 2.800                   0                   0                1516
 2.850                   0                   0                1004
 2.900                   0                   0                 654
 2.950                   0                   0                 424
 3.000                   0                   0                 245
 3.050                   0                   1                 186
 3.100                   0                   0                 115
 3.150                   0                   0                  73
 3.200                   0                   0                  46
 3.250                   0                   0                  24
 3.300                   0                   0                  19
 3.350                   0                   0                  12
 3.400                   0                   1                   5
 3.450                   0                   0                   3
 3.500                   0                   0                   1
 3.550                   0                   0                   2
 3.600                   0                   0                   0
 3.650                   0                   0                   0
 3.700                   0                   1                   2
 3.750                   0                   0                   0
 3.800                   0                   0                   0
 3.850                   0                   3                   1
 3.900                   0                   1                   0
 3.950                   0                   0                   0
 4.000                   0                   0                   0
 4.050                   0                   1                   0
 4.100                   0                   1                   0
 4.150                   0                   2                   0
 4.200                   0                   2                   0
 4.250                   0                   0                   0
 4.300                   0                   1                   0
 4.350                   0                   2                   0
 4.400                   0                   4                   0
 4.450                   0                   6                   0
 4.500                   0                   3                   0
 4.550                   0                   7                   0
 4.600                   0                   3                   0
 4.650                   0                   7                   0
 4.700                   0                  11                   0
 4.750                   0                  18                   0
 4.800                   0                  14                   0
 4.850                   0                  28                   0
 4.900                   0                  59                   0
 4.950                   0                 126                   0
