 0.000             4367955             4026427             5101558
 0.050              358955              249715              328590
 0.100              326506              301207              284693
 0.150              324198              324871              256335
 0.200              334346              329663              235825
 0.250              348090              334527              210284
 0.300              365166              344148              183784
 0.350              384451              361298              155725
 0.400              406044              381037              130223
 0.450              436505              409104              107161
 0.500              467378              440049               88527
 0.550              499862              474510               74421
 0.600              536384              513666               63621
 0.650              577975              560009               55773
 0.700              623961              611518               49625
 0.750              680300              670700               45931
 0.800              742537              748141               43560
 0.850              802213              850380               43343
 0.900              879304              981887               44375
 0.950              995403             1163871               46598
 1.000             1163065             1459836             2897007
 1.050             4688462             4923265             3454397
 1.100            13097519            10437576             3500154
 1.150             9958455             9534498             3756078
 1.200             4663798             5697330             3835070
 1.250             1090626             2237266             3660384
 1.300               75081              611670             3359502
 1.350                 621              151088             2988970
 1.400                   0               42906             2599373
 1.450                   0               14473             2218140
 1.500                   0                5357             1869751
 1.550                   0                2023             1551995
 1.600                   0                 695             1272173
 1.650                   0                 296             1034981
 1.700                   0                 103              833645
 1.750                   0                  29              664826
 1.800                   0                  10              524924
 1.850                   0                   7              410179
 1.900                   0                   3              316832
 1.950                   0                   1              240969
 2.000                   0                   0              181810
 2.050                   0                   0              135639
 2.100                   0                   0               99467
 2.150                   0                   0               72556
 2.200                   0                   0               52137
 2.250                   0                   0               36961
 2.300                   0                   0               25602
 2.350                   0                   0               17609
 2.400                   0                   0               11821
 2.450                   0                   0                7870
 2.500                   0                   0                5171
 2.550                   0                   0                3395
 2.600                   0                   0                2228
 2.650                   0                   0                1428
 2.700                   0                   0                 841
 2.750                   0                   0                 501
 2.800                   0                   0                 325
 2.850                   0                   0                 225
 2.900                   0                   0                 118
 2.950                   0                   0                  71
 3.000                   0                   0                  46
 3.050                   0                   0                  12
 3.100                   0                   0                   7
 3.150                   0                   0                   5
 3.200                   0                   0                   7
 3.250                   0                   0                   2
 3.300                   0                   0                   0
 3.350                   0                   0                   2
 3.400                   0                   0                   0
 3.450                   0                   0                   1
 3.500                   0                   0                   0
 3.550                   0                   0                   1
 3.600                   0                   0                   0
 3.650                   0                   0                   0
 3.700                   0                   0                   0
 3.750                   0                   0                   0
 3.800                   0                   0                   0
 3.850                   0                   0                   0
 3.900                   0                   0                   0
 3.950                   0                   0                   0
 4.000                   0                   0                   0
 4.050                   0                   0                   0
 4.100                   0                   0                   0
 4.150                   0                   0                   0
 4.200                   0                   0                   0
 4.250                   0                   0                   0
 4.300                   0                   0                   0
 4.350                   0                   0                   0
 4.400                   0                   0                   0
 4.450                   0                   0                   0
 4.500                   0                   0                   0
 4.550                   0                   0                   0
 4.600                   0                   0                   0
 4.650                   0                   0                   0
 4.700                   0                   0                   0
 4.750                   0                   0                   0
 4.800                   0                   0                   0
 4.850                   0                   0                   0
 4.900                   0                   0                   0
 4.950                   0                   0                   0
