 0.000             4314496             3980238             5044520
 0.050              356410              249524              334504
 0.100              327451              299943              288127
 0.150              325916              323364              258070
 0.200              335782              328495              232055
 0.250              351062              332554              211268
 0.300              368080              343083              188676
 0.350              390165              360603              163875
 0.400              412855              384601              139481
 0.450              442066              412448              116854
 0.500              473622              443911               97589
 0.550              507277              482334               80669
 0.600              547209              524437               68667
 0.650              592448              572053               59575
 0.700              643614              627029               52952
 0.750              700609              690786               48680
 0.800              766593              771429               45621
 0.850              843124              874697               45117
 0.900              926106             1013845               45849
 0.950             1018267             1198742               47813
 1.000             1173770             1478559             2641166
 1.050             3803343             4358950             3253411
 1.100            13284234            10286425             3447167
 1.150            10298365             9830953             3720028
 1.200             5289085             6174121             3802083
 1.250             1074520             2407252             3705676
 1.300               81314              660615             3429747
 1.350                1880              164782             3073117
 1.400                   0               47736             2698915
 1.450                   0               16354             2320055
 1.500                   0                6051             1961139
 1.550                   0                2374             1637480
 1.600                   0                 865             1351588
 1.650                   0                 319             1101035
 1.700                   0                 118              890171
 1.750                   0                  40              709905
 1.800                   0                  16              562876
 1.850                   0                  11              441384
 1.900                   0                   3              342143
 1.950                   0                   1              262573
 2.000                   0                   1              199118
 2.050                   0                   1              148897
 2.100                   0                   0              109850
 2.150                   0                   0               80392
 2.200                   0                   0               58047
 2.250                   0                   0               41183
 2.300                   0                   0               29265
 2.350                   0                   0               20353
 2.400                   0                   0               14103
 2.450                   0                   0                9306
 2.500                   0                   0                6189
 2.550                   0                   0                4087
 2.600                   0                   0                2662
 2.650                   0                   0                1710
 2.700                   0                   0                1127
 2.750                   0                   0                 722
 2.800                   0                   0                 415
 2.850                   0                   0                 260
 2.900                   0                   0                 153
 2.950                   0                   0                  91
 3.000                   0                   0                  43
 3.050                   0                   0                  37
 3.100                   0                   0                  13
 3.150                   0                   0                   7
 3.200                   0                   0                   4
 3.250                   0                   0                   2
 3.300                   0                   0                   3
 3.350                   0                   0                   1
 3.400                   0                   0                   0
 3.450                   0                   0                   1
 3.500                   0                   0                   0
 3.550                   0                   0                   1
 3.600                   0                   0                   0
 3.650                   0                   0                   0
 3.700                   0                   0                   0
 3.750                   0                   0                   0
 3.800                   0                   0                   0
 3.850                   0                   0                   0
 3.900                   0                   0                   0
 3.950                   0                   0                   0
 4.000                   0                   0                   0
 4.050                   0                   0                   0
 4.100                   0                   0                   0
 4.150                   0                   0                   0
 4.200                   0                   0                   0
 4.250                   0                   0                   0
 4.300                   0                   0                   0
 4.350                   0                   0                   0
 4.400                   0                   0                   0
 4.450                   0                   0                   0
 4.500                   0                   0                   0
 4.550                   0                   0                   0
 4.600                   0                   0                   0
 4.650                   0                   0                   0
 4.700                   0                   0                   0
 4.750                   0                   0                   0
 4.800                   0                   0                   0
 4.850                   0                   0                   0
 4.900                   0                   0                   0
 4.950                   0                   0                   0
