 0.000             5470908             5038038             6325350
 0.050              417442              274079              411719
 0.100              374025              337935              336624
 0.150              370516              375964              279291
 0.200              381528              389259              225987
 0.250              399063              393678              178028
 0.300              420516              401571              135869
 0.350              442426              418113              105224
 0.400              471122              444809               84631
 0.450              505365              477309               69619
 0.500              547753              514157               58683
 0.550              589879              558672               52473
 0.600              635646              607482               48149
 0.650              683523              661107               46397
 0.700              734032              717715               45089
 0.750              784058              784885               46018
 0.800              830493              860248               47291
 0.850              890421              954513               49794
 0.900              964351             1067117               53313
 0.950             1076027             1221183               59118
 1.000             1304223             1656339             4820813
 1.050             8805514             8188472             4970514
 1.100            10383183             9532652             4258439
 1.150             5524538             5845184             3795728
 1.200             1255061             2050218             3272191
 1.250              111634              473845             2838117
 1.300                1467               94950             2420846
 1.350                   0               23131             2006647
 1.400                   0                7667             1619740
 1.450                   0                2727             1294967
 1.500                   0                1072             1024672
 1.550                   0                 376              809939
 1.600                   0                 166              635665
 1.650                   0                  46              494972
 1.700                   0                  14              382877
 1.750                   0                  14              293122
 1.800                   0                   4              220496
 1.850                   0                   2              164127
 1.900                   0                   0              120524
 1.950                   0                   0               86270
 2.000                   0                   1               60948
 2.050                   0                   0               42425
 2.100                   0                   0               28822
 2.150                   0                   0               19332
 2.200                   0                   0               12868
 2.250                   0                   0                8254
 2.300                   0                   0                5039
 2.350                   0                   0                3225
 2.400                   0                   0                1939
 2.450                   0                   0                1123
 2.500                   0                   0                 650
 2.550                   0                   0                 369
 2.600                   0                   0                 178
 2.650                   0                   0                 112
 2.700                   0                   0                  55
 2.750                   0                   0                  24
 2.800                   0                   0                  12
 2.850                   0                   0                   4
 2.900                   0                   0                   2
 2.950                   0                   0                   0
 3.000                   0                   0                   0
 3.050                   0                   0                   0
 3.100                   0                   0                   0
 3.150                   0                   0                   0
 3.200                   0                   0                   0
 3.250                   0                   0                   0
 3.300                   0                   0                   0
 3.350                   0                   0                   0
 3.400                   0                   0                   0
 3.450                   0                   0                   0
 3.500                   0                   0                   0
 3.550                   0                   0                   0
 3.600                   0                   0                   0
 3.650                   0                   0                   0
 3.700                   0                   0                   0
 3.750                   0                   0                   0
 3.800                   0                   0                   0
 3.850                   0                   0                   0
 3.900                   0                   0                   0
 3.950                   0                   0                   0
 4.000                   0                   0                   0
 4.050                   0                   0                   0
 4.100                   0                   0                   0
 4.150                   0                   0                   0
 4.200                   0                   0                   0
 4.250                   0                   0                   0
 4.300                   0                   0                   0
 4.350                   0                   0                   0
 4.400                   0                   0                   0
 4.450                   0                   0                   0
 4.500                   0                   0                   0
 4.550                   0                   0                   0
 4.600                   0                   0                   0
 4.650                   0                   0                   0
 4.700                   0                   0                   0
 4.750                   0                   0                   0
 4.800                   0                   0                   0
 4.850                   0                   0                   0
 4.900                   0                   0                   0
 4.950                   0                   0                   0
