 0.000             4126152             3811634             4805631
 0.050              333697              238630              312664
 0.100              306135              282079              284734
 0.150              307044              301481              263018
 0.200              316554              307572              241951
 0.250              331092              314672              219223
 0.300              346950              324531              198759
 0.350              367658              341023              179357
 0.400              389999              363384              157723
 0.450              417975              387676              135853
 0.500              444909              417115              116828
 0.550              476716              448965               99712
 0.600              512910              488366               84532
 0.650              554629              530446               72559
 0.700              603638              581759               63057
 0.750              657784              641861               55776
 0.800              718596              716824               51065
 0.850              788598              817403               48494
 0.900              877247              953274               47383
 0.950              978954             1141185               47222
 1.000             1123735             1409793             2112515
 1.050             1392205             2886919             2852176
 1.100            14072270             9937824             3118075
 1.150            11505193            10846006             3488073
 1.200             7195019             7782785             3706149
 1.250             2287807             3761623             3739246
 1.300              241920             1205263             3595749
 1.350                9201              313741             3340168
 1.400                 189               86748             3017220
 1.450                   0               27975             2658699
 1.500                   0               10225             2299969
 1.550                   0                3754             1965489
 1.600                   0                1370             1657342
 1.650                   0                 567             1378326
 1.700                   0                 191             1133328
 1.750                   0                  75              919468
 1.800                   0                  24              738680
 1.850                   0                   6              588304
 1.900                   0                   2              462489
 1.950                   0                   1              359027
 2.000                   0                   2              276342
 2.050                   0                   0              211056
 2.100                   0                   0              158977
 2.150                   0                   0              118389
 2.200                   0                   0               87339
 2.250                   0                   0               63813
 2.300                   0                   0               46155
 2.350                   0                   1               32967
 2.400                   0                   0               23403
 2.450                   0                   1               15977
 2.500                   0                   0               11268
 2.550                   0                   0                7604
 2.600                   0                   0                5260
 2.650                   0                   0                3433
 2.700                   0                   0                2327
 2.750                   0                   0                1497
 2.800                   0                   0                1008
 2.850                   0                   0                 624
 2.900                   0                   0                 393
 2.950                   0                   0                 252
 3.000                   0                   0                 167
 3.050                   0                   0                  77
 3.100                   0                   0                  55
 3.150                   0                   0                  26
 3.200                   0                   0                  17
 3.250                   0                   0                  13
 3.300                   0                   0                   4
 3.350                   0                   0                   5
 3.400                   0                   0                   3
 3.450                   0                   0                   2
 3.500                   0                   0                   0
 3.550                   0                   0                   0
 3.600                   0                   0                   0
 3.650                   0                   0                   0
 3.700                   0                   0                   1
 3.750                   0                   0                   0
 3.800                   0                   0                   0
 3.850                   0                   0                   0
 3.900                   0                   2                   0
 3.950                   0                   2                   0
 4.000                   0                   0                   0
 4.050                   0                   3                   0
 4.100                   0                   2                   0
 4.150                   0                   0                   0
 4.200                   0                   1                   0
 4.250                   0                   0                   0
 4.300                   0                   2                   0
 4.350                   0                   0                   0
 4.400                   0                   1                   0
 4.450                   0                   1                   0
 4.500                   0                   4                   0
 4.550                   0                   6                   0
 4.600                   0                   5                   0
 4.650                   0                  10                   0
 4.700                   0                  15                   0
 4.750                   0                   9                   0
 4.800                   0                  13                   0
 4.850                   0                  21                   0
 4.900                   0                  50                   0
 4.950                   0                 142                   0
