 0.000             4162637             3843738             4841902
 0.050              339703              241038              318499
 0.100              309160              284081              289876
 0.150              309745              304222              264412
 0.200              320379              311388              239814
 0.250              337906              318813              219029
 0.300              354657              330845              198879
 0.350              376116              348065              179457
 0.400              398732              369253              155699
 0.450              423500              396312              134278
 0.500              449764              423842              115342
 0.550              478446              456649               97809
 0.600              515239              493896               83500
 0.650              556154              534999               71058
 0.700              607372              581727               61953
 0.750              660271              640375               55830
 0.800              714656              717091               51048
 0.850              783988              816285               48155
 0.900              871046              950173               47055
 0.950              973929             1139040               47846
 1.000             1115850             1406245             2163401
 1.050             1472250             3018801             2888966
 1.100            14000226             9935580             3121867
 1.150            11384279            10661190             3474805
 1.200             7095723             7649382             3703282
 1.250             2174756             3665367             3730852
 1.300              242282             1168922             3590840
 1.350                6049              301411             3326158
 1.400                   0               82965             2981737
 1.450                   0               27418             2621027
 1.500                   0                9787             2269553
 1.550                   0                3645             1938303
 1.600                   0                1439             1627366
 1.650                   0                 516             1353421
 1.700                   0                 184             1107882
 1.750                   0                  88              897379
 1.800                   0                  23              720939
 1.850                   0                   9              571238
 1.900                   0                   2              448302
 1.950                   0                   4              347518
 2.000                   0                   1              268099
 2.050                   0                   1              204008
 2.100                   0                   0              152729
 2.150                   0                   0              114022
 2.200                   0                   0               83472
 2.250                   0                   1               61120
 2.300                   0                   0               44217
 2.350                   0                   0               31479
 2.400                   0                   1               22103
 2.450                   0                   0               15308
 2.500                   0                   0               10449
 2.550                   0                   0                7309
 2.600                   0                   0                4882
 2.650                   0                   0                3232
 2.700                   0                   0                2139
 2.750                   0                   0                1366
 2.800                   0                   0                 889
 2.850                   0                   0                 546
 2.900                   0                   0                 364
 2.950                   0                   1                 223
 3.000                   0                   0                 126
 3.050                   0                   1                  85
 3.100                   0                   0                  47
 3.150                   0                   0                  23
 3.200                   0                   0                  15
 3.250                   0                   0                   8
 3.300                   0                   0                   6
 3.350                   0                   0                   3
 3.400                   0                   0                   3
 3.450                   0                   0                   0
 3.500                   0                   1                   0
 3.550                   0                   0                   0
 3.600                   0                   0                   0
 3.650                   0                   0                   1
 3.700                   0                   0                   0
 3.750                   0                   0                   0
 3.800                   0                   0                   0
 3.850                   0                   2                   0
 3.900                   0                   0                   0
 3.950                   0                   1                   0
 4.000                   0                   0                   0
 4.050                   0                   0                   0
 4.100                   0                   1                   0
 4.150                   0                   0                   0
 4.200                   0                   1                   0
 4.250                   0                   0                   0
 4.300                   0                   2                   0
 4.350                   0                   1                   0
 4.400                   0                   1                   0
 4.450                   0                   2                   0
 4.500                   0                   1                   0
 4.550                   0                   0                   0
 4.600                   0                   5                   0
 4.650                   0                  11                   0
 4.700                   0                   7                   0
 4.750                   0                   8                   0
 4.800                   0                  16                   0
 4.850                   0                  24                   0
 4.900                   0                  51                   0
 4.950                   1                 128                   0
