 0.000             4043037             3740486             4723911
 0.050              331033              229357              314400
 0.100              298497              273659              279253
 0.150              299325              297038              256545
 0.200              309808              305492              241478
 0.250              322441              309058              222305
 0.300              340654              317829              200089
 0.350              360001              334266              178763
 0.400              382337              353761              156974
 0.450              406849              380105              137295
 0.500              438291              410758              118409
 0.550              475611              444218              100884
 0.600              516844              483733               86859
 0.650              556412              530478               74025
 0.700              601937              581947               64452
 0.750              655440              640255               57385
 0.800              720384              715023               52115
 0.850              797728              818206               48437
 0.900              872553              956939               46568
 0.950              971786             1140613               47110
 1.000             1105523             1400046             1991325
 1.050             1341797             2557283             2810096
 1.100            13336713             9664499             3074284
 1.150            12538254            11393022             3482998
 1.200             7645996             8257200             3738433
 1.250             2225799             3904307             3772870
 1.300              273148             1265078             3635824
 1.350               16737              339650             3395649
 1.400                 112               93608             3076677
 1.450                   0               29892             2726106
 1.500                   0               10642             2369725
 1.550                   0                4128             2028840
 1.600                   0                1559             1709274
 1.650                   0                 566             1427994
 1.700                   0                 244             1177068
 1.750                   0                  60              959599
 1.800                   0                  25              774907
 1.850                   0                   9              616974
 1.900                   0                   5              486186
 1.950                   0                   2              380459
 2.000                   0                   1              293144
 2.050                   0                   0              225257
 2.100                   0                   0              169374
 2.150                   0                   0              126277
 2.200                   0                   0               93883
 2.250                   0                   0               68233
 2.300                   0                   0               49826
 2.350                   0                   0               35574
 2.400                   0                   0               25350
 2.450                   0                   0               17711
 2.500                   0                   0               12294
 2.550                   0                   0                8368
 2.600                   0                   0                5681
 2.650                   0                   0                3861
 2.700                   0                   0                2572
 2.750                   0                   0                1734
 2.800                   0                   1                1073
 2.850                   0                   0                 691
 2.900                   0                   0                 479
 2.950                   0                   0                 308
 3.000                   0                   0                 207
 3.050                   0                   0                 119
 3.100                   0                   0                  70
 3.150                   0                   1                  46
 3.200                   0                   0                  26
 3.250                   0                   0                   6
 3.300                   0                   0                   9
 3.350                   0                   0                   4
 3.400                   0                   0                   1
 3.450                   0                   0                   3
 3.500                   0                   0                   1
 3.550                   0                   0                   1
 3.600                   0                   0                   0
 3.650                   0                   0                   0
 3.700                   0                   1                   0
 3.750                   0                   0                   0
 3.800                   0                   1                   0
 3.850                   0                   4                   0
 3.900                   0                   0                   0
 3.950                   0                   1                   0
 4.000                   0                   3                   0
 4.050                   0                   1                   0
 4.100                   0                   1                   0
 4.150                   0                   1                   0
 4.200                   0                   1                   0
 4.250                   0                   1                   0
 4.300                   0                   1                   0
 4.350                   0                   2                   0
 4.400                   0                   4                   0
 4.450                   0                   2                   0
 4.500                   0                   2                   0
 4.550                   0                   7                   0
 4.600                   0                   4                   0
 4.650                   0                  10                   0
 4.700                   0                   7                   0
 4.750                   0                  12                   0
 4.800                   0                  20                   0
 4.850                   0                  36                   0
 4.900                   0                  58                   0
 4.950                   0                 137                   0
