 0.000             3679140             3398724             4305165
 0.050              308176              212982              289746
 0.100              282414              250296              263627
 0.150              283517              274120              251597
 0.200              293263              284020              241515
 0.250              307249              289718              228016
 0.300              324522              297977              211502
 0.350              343244              312965              194247
 0.400              365464              334787              174816
 0.450              389466              359460              152858
 0.500              414859              388452              133911
 0.550              444682              420451              115160
 0.600              479722              455932               99815
 0.650              520086              496624               85838
 0.700              567842              542978               74470
 0.750              625266              597709               65951
 0.800              683801              669224               58572
 0.850              750399              762880               53361
 0.900              829225              897375               50131
 0.950              934272             1078493               49432
 1.000             1079034             1340329             1624174
 1.050             1299483             1915846             2348517
 1.100             9461375             7466737             2727036
 1.150            14284554            11922340             3197775
 1.200            10340105            10277244             3556486
 1.250             4454019             6032377             3744921
 1.300              731583             2319884             3743092
 1.350               32551              656087             3601593
 1.400                1757              175016             3368920
 1.450                   0               51965             3078295
 1.500                   0               17593             2749330
 1.550                   0                6534             2409440
 1.600                   0                2520             2080285
 1.650                   0                 908             1766342
 1.700                   0                 331             1484506
 1.750                   0                 115             1230903
 1.800                   0                  48             1007943
 1.850                   0                  13              818085
 1.900                   0                  12              657031
 1.950                   0                   1              522950
 2.000                   0                   1              411641
 2.050                   0                   0              320710
 2.100                   0                   0              247187
 2.150                   0                   1              188825
 2.200                   0                   0              142593
 2.250                   0                   0              105871
 2.300                   0                   0               78639
 2.350                   0                   0               57649
 2.400                   0                   1               42013
 2.450                   0                   0               29909
 2.500                   0                   0               21169
 2.550                   0                   0               14903
 2.600                   0                   0               10446
 2.650                   0                   2                7160
 2.700                   0                   0                4815
 2.750                   1                   0                3337
 2.800                   0                   0                2180
 2.850                   0                   0                1488
 2.900                   0                   0                 950
 2.950                   0                   0                 652
 3.000                   0                   0                 413
 3.050                   0                   0                 271
 3.100                   0                   0                 166
 3.150                   0                   0                 109
 3.200                   0                   0                  70
 3.250                   0                   1                  54
 3.300                   0                   0                  21
 3.350                   0                   1                  17
 3.400                   0                   1                   9
 3.450                   0                   0                   6
 3.500                   0                   0                   4
 3.550                   0                   0                   2
 3.600                   0                   0                   1
 3.650                   0                   1                   3
 3.700                   0                   0                   0
 3.750                   0                   2                   0
 3.800                   0                   3                   0
 3.850                   0                   1                   0
 3.900                   0                   1                   0
 3.950                   0                   0                   0
 4.000                   0                   0                   0
 4.050                   0                   0                   0
 4.100                   0                   0                   0
 4.150                   0                   1                   0
 4.200                   0                   1                   0
 4.250                   0                   2                   0
 4.300                   0                   1                   0
 4.350                   0                   5                   0
 4.400                   0                   5                   0
 4.450                   0                   5                   0
 4.500                   0                   5                   0
 4.550                   0                   8                   0
 4.600                   0                   7                   0
 4.650                   0                  11                   0
 4.700                   0                  18                   0
 4.750                   0                  12                   0
 4.800                   0                  31                   0
 4.850                   0                  43                   0
 4.900                   0                  58                   0
 4.950                   1                 205                   0
