 0.000             4552833             4219086             5339194
 0.050              364736              255092              349436
 0.100              328827              305761              290813
 0.150              328930              328687              259116
 0.200              338439              331515              222283
 0.250              353499              334977              190883
 0.300              371769              346546              161846
 0.350              392645              365680              135686
 0.400              417939              389539              111982
 0.450              446983              415909               93334
 0.500              476078              449094               78138
 0.550              510728              483809               66277
 0.600              549022              522815               56634
 0.650              589198              569602               49660
 0.700              637081              621257               45390
 0.750              692789              686631               42680
 0.800              754536              767074               41409
 0.850              828913              873202               41703
 0.900              922207             1009570               43203
 0.950             1038423             1196961               46299
 1.000             1214066             1503631             3381638
 1.050             5739237             5574510             3733657
 1.100            12444307            10421876             3739353
 1.150             9207185             9003984             3840216
 1.200             3901837             4905456             3774902
 1.250              594197             1620644             3519442
 1.300               30483              391081             3156147
 1.350                1326               93310             2747802
 1.400                   0               26794             2361143
 1.450                   0                8966             1993222
 1.500                   0                3276             1663909
 1.550                   0                1214             1372628
 1.600                   0                 439             1119571
 1.650                   0                 122              904093
 1.700                   0                  60              722339
 1.750                   0                  32              569871
 1.800                   0                   6              446367
 1.850                   0                   2              345059
 1.900                   0                   2              264345
 1.950                   0                   1              198732
 2.000                   0                   0              147825
 2.050                   0                   0              108514
 2.100                   0                   0               77617
 2.150                   0                   0               55142
 2.200                   0                   0               39082
 2.250                   0                   0               26815
 2.300                   0                   0               18494
 2.350                   0                   0               12154
 2.400                   0                   0                7995
 2.450                   0                   0                5338
 2.500                   0                   0                3303
 2.550                   0                   0                2145
 2.600                   0                   0                1337
 2.650                   0                   0                 807
 2.700                   0                   0                 518
 2.750                   0                   0                 288
 2.800                   0                   0                 193
 2.850                   0                   0                 107
 2.900                   0                   0                  55
 2.950                   0                   0                  29
 3.000                   0                   0                  22
 3.050                   0                   0                  14
 3.100                   0                   0                   6
 3.150                   0                   0                   5
 3.200                   0                   0                   2
 3.250                   0                   0                   1
 3.300                   0                   0                   2
 3.350                   0                   0                   0
 3.400                   0                   0                   1
 3.450                   0                   0                   0
 3.500                   0                   0                   0
 3.550                   0                   0                   0
 3.600                   0                   0                   0
 3.650                   0                   0                   0
 3.700                   0                   0                   0
 3.750                   0                   0                   0
 3.800                   0                   0                   0
 3.850                   0                   0                   0
 3.900                   0                   0                   0
 3.950                   0                   0                   0
 4.000                   0                   0                   0
 4.050                   0                   0                   0
 4.100                   0                   0                   0
 4.150                   0                   0                   0
 4.200                   0                   0                   0
 4.250                   0                   0                   0
 4.300                   0                   0                   0
 4.350                   0                   0                   0
 4.400                   0                   0                   0
 4.450                   0                   0                   0
 4.500                   0                   0                   0
 4.550                   0                   0                   0
 4.600                   0                   0                   0
 4.650                   0                   0                   0
 4.700                   0                   0                   0
 4.750                   0                   0                   0
 4.800                   0                   0                   0
 4.850                   0                   0                   0
 4.900                   0                   0                   0
 4.950                   0                   0                   0
