 0.000             3955728             3663798             4641818
 0.050              324890              226252              314791
 0.100              294962              268956              275992
 0.150              294003              289988              254861
 0.200              304526              296556              237480
 0.250              318863              302542              220049
 0.300              336858              312275              202216
 0.350              356999              328841              180984
 0.400              379584              349912              159964
 0.450              407024              375120              139326
 0.500              434968              406872              120603
 0.550              464880              439376              103397
 0.600              501298              476618               88804
 0.650              544105              521514               76501
 0.700              596435              573128               66060
 0.750              658516              637147               57965
 0.800              724018              715551               52703
 0.850              799809              818626               49250
 0.900              882359              955974               47538
 0.950              977266             1143747               46831
 1.000             1119529             1405124             1940052
 1.050             1389382             2442382             2700349
 1.100            12877299             9396873             3023035
 1.150            12483472            11415106             3434648
 1.200             8373818             8681243             3718259
 1.250             2552222             4282202             3795841
 1.300              262983             1385597             3678737
 1.350               12837              365298             3435735
 1.400                  41              101038             3129337
 1.450                   0               32330             2794950
 1.500                   0               11651             2438979
 1.550                   0                4400             2097993
 1.600                   0                1691             1773842
 1.650                   0                 605             1484435
 1.700                   0                 223             1226813
 1.750                   0                  76             1005876
 1.800                   0                  28              813753
 1.850                   0                   6              649432
 1.900                   0                   6              516426
 1.950                   0                   1              404686
 2.000                   0                   1              312124
 2.050                   0                   0              239101
 2.100                   0                   0              182526
 2.150                   0                   1              136224
 2.200                   0                   0              101614
 2.250                   0                   1               74537
 2.300                   0                   0               53648
 2.350                   0                   0               38900
 2.400                   0                   0               27479
 2.450                   0                   0               19723
 2.500                   0                   0               13471
 2.550                   0                   0                9468
 2.600                   0                   0                6488
 2.650                   0                   0                4367
 2.700                   0                   0                2846
 2.750                   0                   0                1960
 2.800                   0                   1                1298
 2.850                   0                   0                 878
 2.900                   0                   0                 489
 2.950                   0                   0                 340
 3.000                   0                   0                 219
 3.050                   0                   0                 158
 3.100                   0                   0                  89
 3.150                   0                   0                  56
 3.200                   0                   0                  25
 3.250                   0                   0                  25
 3.300                   0                   0                   8
 3.350                   0                   0                   4
 3.400                   0                   0                   3
 3.450                   0                   0                   1
 3.500                   0                   0                   2
 3.550                   0                   4                   0
 3.600                   0                   1                   3
 3.650                   0                   0                   0
 3.700                   0                   0                   0
 3.750                   0                   0                   1
 3.800                   0                   0                   0
 3.850                   0                   0                   0
 3.900                   0                   1                   0
 3.950                   0                   0                   0
 4.000                   0                   0                   0
 4.050                   0                   0                   0
 4.100                   0                   1                   0
 4.150                   0                   0                   0
 4.200                   0                   2                   0
 4.250                   0                   4                   0
 4.300                   0                   1                   0
 4.350                   1                   2                   0
 4.400                   0                   1                   0
 4.450                   0                   4                   0
 4.500                   0                   7                   0
 4.550                   0                   8                   0
 4.600                   0                   3                   0
 4.650                   0                   7                   0
 4.700                   0                   8                   0
 4.750                   0                  15                   0
 4.800                   0                   9                   0
 4.850                   0                  30                   0
 4.900                   0                  51                   0
 4.950                   0                 125                   0
