 0.000             5998307             5595861             7050588
 0.050              440017              267029              370389
 0.100              391838              332960              264653
 0.150              384160              375677              194916
 0.200              392830              395438              148167
 0.250              410820              404705              114606
 0.300              431802              415882               86416
 0.350              454940              432509               63721
 0.400              482689              458325               48610
 0.450              515705              489152               39169
 0.500              551447              527426               34029
 0.550              594607              571228               32342
 0.600              639945              617897               32678
 0.650              689436              671019               33912
 0.700              732007              732489               36341
 0.750              770376              798778               38525
 0.800              803493              865754               41460
 0.850              835598              929726               45788
 0.900              887561             1005570               51862
 0.950              984986             1107213               60674
 1.000             2358840             2715616             5481080
 1.050             7024642             7101420             5938922
 1.100             8265867             7393114             4681945
 1.150             3986189             4116490             3447409
 1.200              768717             1259401             2416705
 1.250               40457              220950             1867399
 1.300                1374               29793             1524560
 1.350                   0                5072             1248277
 1.400                   0                1438             1027320
 1.450                   0                 512              831668
 1.500                   0                 145              663970
 1.550                   0                  46              521095
 1.600                   0                  11              403613
 1.650                   0                   1              307401
 1.700                   0                   2              227736
 1.750                   0                   1              165498
 1.800                   0                   0              115150
 1.850                   0                   0               76356
 1.900                   0                   0               48540
 1.950                   0                   0               27623
 2.000                   0                   0               15088
 2.050                   0                   0                7268
 2.100                   0                   0                3187
 2.150                   0                   0                1329
 2.200                   0                   0                 486
 2.250                   0                   0                 137
 2.300                   0                   0                  34
 2.350                   0                   0                   7
 2.400                   0                   0                   0
 2.450                   0                   0                   1
 2.500                   0                   0                   0
 2.550                   0                   0                   0
 2.600                   0                   0                   0
 2.650                   0                   0                   0
 2.700                   0                   0                   0
 2.750                   0                   0                   0
 2.800                   0                   0                   0
 2.850                   0                   0                   0
 2.900                   0                   0                   0
 2.950                   0                   0                   0
 3.000                   0                   0                   0
 3.050                   0                   0                   0
 3.100                   0                   0                   0
 3.150                   0                   0                   0
 3.200                   0                   0                   0
 3.250                   0                   0                   0
 3.300                   0                   0                   0
 3.350                   0                   0                   0
 3.400                   0                   0                   0
 3.450                   0                   0                   0
 3.500                   0                   0                   0
 3.550                   0                   0                   0
 3.600                   0                   0                   0
 3.650                   0                   0                   0
 3.700                   0                   0                   0
 3.750                   0                   0                   0
 3.800                   0                   0                   0
 3.850                   0                   0                   0
 3.900                   0                   0                   0
 3.950                   0                   0                   0
 4.000                   0                   0                   0
 4.050                   0                   0                   0
 4.100                   0                   0                   0
 4.150                   0                   0                   0
 4.200                   0                   0                   0
 4.250                   0                   0                   0
 4.300                   0                   0                   0
 4.350                   0                   0                   0
 4.400                   0                   0                   0
 4.450                   0                   0                   0
 4.500                   0                   0                   0
 4.550                   0                   0                   0
 4.600                   0                   0                   0
 4.650                   0                   0                   0
 4.700                   0                   0                   0
 4.750                   0                   0                   0
 4.800                   0                   0                   0
 4.850                   0                   0                   0
 4.900                   0                   0                   0
 4.950                   0                   0                   0
