 0.000             3359875             3062093             3935967
 0.050              296943              201737              280642
 0.100              268713              241404              271812
 0.150              268608              264073              263294
 0.200              278269              271157              260169
 0.250              289608              274138              256664
 0.300              306927              283790              247688
 0.350              324996              296411              234733
 0.400              344847              313839              221654
 0.450              367426              337713              205747
 0.500              390971              363616              188050
 0.550              419936              393132              169844
 0.600              457415              426755              151063
 0.650              499147              464865              133248
 0.700              542159              511295              115400
 0.750              598496              566169              102011
 0.800              663721              633202               90564
 0.850              735365              724091               79820
 0.900              819387              850963               72830
 0.950              930692             1033345               67429
 1.000             1075045             1301217              979288
 1.050             1256973             1696958             1540122
 1.100             1812592             3709753             1960383
 1.150            17157052            10672571             2442170
 1.200            13665369            12499771             2911382
 1.250             8990878             9760661             3286860
 1.300             3036157             5389464             3521544
 1.350              439638             2119832             3622910
 1.400               24230              663543             3617422
 1.450                 514              196444             3508697
 1.500                   0               62885             3323511
 1.550                   0               22122             3082076
 1.600                   0                8064             2801222
 1.650                   0                2989             2508620
 1.700                   0                1163             2210734
 1.750                   0                 454             1923435
 1.800                   0                 173             1649392
 1.850                   0                  49             1397486
 1.900                   0                  30             1173963
 1.950                   0                  10              976896
 2.000                   0                   4              804425
 2.050                   0                   2              652808
 2.100                   0                   0              528283
 2.150                   0                   0              421229
 2.200                   0                   0              334891
 2.250                   0                   0              261875
 2.300                   0                   2              204589
 2.350                   0                   0              157171
 2.400                   0                   0              120489
 2.450                   0                   1               91478
 2.500                   0                   0               69115
 2.550                   0                   0               51409
 2.600                   0                   0               38207
 2.650                   0                   0               27812
 2.700                   0                   0               20522
 2.750                   0                   0               14908
 2.800                   0                   0               10624
 2.850                   0                   0                7590
 2.900                   0                   0                5334
 2.950                   0                   0                3754
 3.000                   0                   0                2687
 3.050                   0                   0                1888
 3.100                   0                   0                1239
 3.150                   0                   0                 840
 3.200                   0                   0                 583
 3.250                   0                   0                 420
 3.300                   0                   0                 236
 3.350                   0                   1                 173
 3.400                   0                   0                 129
 3.450                   0                   0                  74
 3.500                   0                   0                  47
 3.550                   0                   0                  27
 3.600                   0                   1                  16
 3.650                   0                   0                  17
 3.700                   0                   0                   9
 3.750                   0                   0                   6
 3.800                   0                   0                   5
 3.850                   0                   0                   1
 3.900                   0                   0                   3
 3.950                   0                   3                   1
 4.000                   0                   2                   0
 4.050                   0                   0                   0
 4.100                   0                   1                   0
 4.150                   0                   0                   0
 4.200                   0                   0                   0
 4.250                   0                   2                   0
 4.300                   0                   2                   0
 4.350                   0                   1                   0
 4.400                   0                   2                   0
 4.450                   0                   2                   0
 4.500                   0                   3                   0
 4.550                   0                   3                   0
 4.600                   0                   3                   0
 4.650                   0                   6                   0
 4.700                   0                   8                   0
 4.750                   0                   9                   0
 4.800                   0                  19                   0
 4.850                   0                  21                   0
 4.900                   0                  46                   0
 4.950                   0                 157                   0
