 0.000             3544735             3227239             4108978
 0.050              303567              203192              284157
 0.100              277454              242544              266848
 0.150              276983              267650              261714
 0.200              284992              277576              256456
 0.250              298289              282581              247137
 0.300              312746              291968              232297
 0.350              329187              304154              215577
 0.400              345694              320604              198344
 0.450              367394              342432              179761
 0.500              393165              365894              160503
 0.550              421932              396869              142040
 0.600              458519              430730              124708
 0.650              497218              470405              108830
 0.700              542376              518450               95355
 0.750              598438              577251               83715
 0.800              663558              650592               74478
 0.850              744594              749772               67036
 0.900              842395              895366               61498
 0.950              957280             1101117               58777
 1.000             1108281             1390911             1281316
 1.050             1341222             1915799             1882904
 1.100             7289191             6163261             2291418
 1.150            16013256            11921658             2780857
 1.200            11649627            11334113             3208298
 1.250             5838902             7486960             3496886
 1.300             1361090             3424876             3638271
 1.350              109289             1142464             3637290
 1.400                2080              328108             3524399
 1.450                   0               97458             3330312
 1.500                   0               32668             3082825
 1.550                   0               11888             2792093
 1.600                   0                4226             2484713
 1.650                   0                1697             2176367
 1.700                   0                 607             1877962
 1.750                   0                 219             1602476
 1.800                   0                  96             1349594
 1.850                   0                  31             1122597
 1.900                   0                  16              924201
 1.950                   0                   7              752268
 2.000                   0                   4              609130
 2.050                   0                   0              484810
 2.100                   0                   1              383493
 2.150                   0                   1              300124
 2.200                   0                   0              232288
 2.250                   0                   0              179277
 2.300                   0                   0              136358
 2.350                   0                   0              102229
 2.400                   0                   0               76506
 2.450                   0                   0               57223
 2.500                   0                   0               41667
 2.550                   0                   0               30697
 2.600                   0                   0               22084
 2.650                   0                   0               15855
 2.700                   0                   0               11254
 2.750                   0                   0                7766
 2.800                   0                   0                5471
 2.850                   0                   0                3807
 2.900                   0                   1                2667
 2.950                   0                   0                1768
 3.000                   0                   0                1187
 3.050                   0                   0                 770
 3.100                   0                   0                 521
 3.150                   0                   0                 345
 3.200                   0                   0                 198
 3.250                   0                   0                 152
 3.300                   0                   0                  95
 3.350                   0                   1                  76
 3.400                   0                   0                  28
 3.450                   0                   0                  32
 3.500                   0                   0                  22
 3.550                   0                   0                  12
 3.600                   0                   0                   7
 3.650                   0                   1                   3
 3.700                   0                   1                   3
 3.750                   0                   1                   1
 3.800                   0                   1                   0
 3.850                   0                   0                   1
 3.900                   0                   1                   1
 3.950                   0                   0                   0
 4.000                   0                   0                   0
 4.050                   0                   0                   0
 4.100                   0                   2                   0
 4.150                   0                   0                   0
 4.200                   0                   0                   0
 4.250                   0                   1                   0
 4.300                   0                   1                   0
 4.350                   0                   3                   0
 4.400                   0                   2                   0
 4.450                   0                   2                   0
 4.500                   0                   6                   0
 4.550                   0                   2                   0
 4.600                   0                   5                   0
 4.650                   0                   7                   0
 4.700                   0                   8                   0
 4.750                   0                  13                   0
 4.800                   0                  19                   0
 4.850                   0                  42                   0
 4.900                   0                  36                   0
 4.950                   0                 113                   0
