 0.000             4083370             3777977             4762429
 0.050              333686              235094              316943
 0.100              303528              278501              277002
 0.150              304919              301173              260438
 0.200              316529              306378              241052
 0.250              329529              312436              221717
 0.300              346223              321889              199546
 0.350              362769              337627              177803
 0.400              386033              359869              157515
 0.450              414553              383445              137548
 0.500              445225              412545              117421
 0.550              473877              447644              100761
 0.600              509806              485009               85310
 0.650              549778              528186               73351
 0.700              595028              578528               64147
 0.750              649005              637842               56880
 0.800              706813              709821               50884
 0.850              780038              808400               48203
 0.900              865326              945615               47264
 0.950              967555             1135364               47197
 1.000             1114041             1403492             2081575
 1.050             1372260             2754958             2816306
 1.100            13944665             9912521             3103852
 1.150            11987994            11112926             3493815
 1.200             7212096             7921680             3732006
 1.250             2285397             3811542             3756061
 1.300              287795             1251364             3617066
 1.350               11038              330947             3360324
 1.400                   0               90259             3039550
 1.450                   0               29087             2691938
 1.500                   0               10471             2333631
 1.550                   0                3917             1991003
 1.600                   0                1511             1682017
 1.650                   0                 558             1399381
 1.700                   0                 193             1152340
 1.750                   0                  66              940030
 1.800                   0                  25              754438
 1.850                   0                   8              601400
 1.900                   0                   6              474378
 1.950                   0                   1              370046
 2.000                   0                   0              285431
 2.050                   0                   0              217070
 2.100                   0                   0              163713
 2.150                   0                   0              122400
 2.200                   0                   0               90110
 2.250                   0                   0               66254
 2.300                   0                   0               47878
 2.350                   0                   0               34353
 2.400                   0                   0               24265
 2.450                   0                   0               17016
 2.500                   0                   1               11610
 2.550                   0                   0                7934
 2.600                   0                   0                5487
 2.650                   0                   0                3580
 2.700                   0                   1                2461
 2.750                   0                   0                1565
 2.800                   0                   0                1016
 2.850                   0                   0                 701
 2.900                   0                   0                 457
 2.950                   0                   0                 288
 3.000                   0                   0                 186
 3.050                   0                   0                 105
 3.100                   0                   0                  60
 3.150                   0                   0                  36
 3.200                   0                   0                  15
 3.250                   0                   0                  15
 3.300                   0                   2                  10
 3.350                   0                   0                   4
 3.400                   0                   0                   2
 3.450                   0                   1                   2
 3.500                   0                   0                   2
 3.550                   0                   0                   0
 3.600                   0                   1                   0
 3.650                   0                   0                   0
 3.700                   0                   0                   0
 3.750                   0                   1                   1
 3.800                   0                   0                   0
 3.850                   0                   1                   0
 3.900                   0                   0                   0
 3.950                   0                   0                   0
 4.000                   0                   0                   0
 4.050                   0                   1                   0
 4.100                   0                   0                   0
 4.150                   0                   0                   0
 4.200                   0                   2                   0
 4.250                   0                   0                   0
 4.300                   0                   2                   0
 4.350                   0                   1                   0
 4.400                   0                   1                   0
 4.450                   0                   5                   0
 4.500                   0                   0                   0
 4.550                   0                   4                   0
 4.600                   0                   7                   0
 4.650                   0                   4                   0
 4.700                   0                   5                   0
 4.750                   0                  17                   0
 4.800                   0                  20                   0
 4.850                   0                  25                   0
 4.900                   0                  47                   0
 4.950                   0                 133                   0
