 0.000             3629614             3345477             4251408
 0.050              313164              210645              292791
 0.100              285159              252421              265155
 0.150              283958              278333              247680
 0.200              293014              287201              235563
 0.250              305104              289640              223886
 0.300              320074              299285              211971
 0.350              338436              312083              194645
 0.400              361488              331452              175735
 0.450              386455              355616              156486
 0.500              412272              385860              137798
 0.550              443291              415752              119226
 0.600              473050              449830              103014
 0.650              510608              489012               88856
 0.700              558357              533937               77028
 0.750              607055              587982               67533
 0.800              663694              658036               60294
 0.850              736787              750192               55549
 0.900              818935              879537               51598
 0.950              925204             1063014               49593
 1.000             1065155             1325047             1573769
 1.050             1273615             1876829             2252642
 1.100             8909536             7110466             2647189
 1.150            14229419            11777325             3129785
 1.200            11061253            10661742             3504191
 1.250             4831413             6442396             3712782
 1.300              851017             2542933             3734098
 1.350               56590              743677             3628616
 1.400                3665              200863             3414983
 1.450                 213               59586             3134901
 1.500                   0               19899             2815805
 1.550                   0                7217             2481791
 1.600                   0                2683             2154018
 1.650                   0                1052             1840371
 1.700                   0                 359             1550602
 1.750                   0                 131             1289835
 1.800                   0                  54             1063727
 1.850                   0                  14              866017
 1.900                   0                  11              697732
 1.950                   0                   5              556706
 2.000                   0                   1              439315
 2.050                   0                   1              344705
 2.100                   0                   0              266627
 2.150                   0                   0              203790
 2.200                   0                   1              154915
 2.250                   0                   0              116087
 2.300                   0                   0               86195
 2.350                   0                   0               63313
 2.400                   0                   0               46156
 2.450                   0                   0               33375
 2.500                   0                   0               23874
 2.550                   0                   0               16842
 2.600                   0                   0               11670
 2.650                   0                   0                8158
 2.700                   0                   0                5603
 2.750                   0                   1                3735
 2.800                   0                   0                2589
 2.850                   0                   0                1690
 2.900                   0                   0                1141
 2.950                   0                   0                 745
 3.000                   0                   0                 462
 3.050                   0                   0                 312
 3.100                   0                   0                 200
 3.150                   0                   0                 150
 3.200                   0                   0                  77
 3.250                   0                   0                  49
 3.300                   0                   0                  32
 3.350                   0                   0                  25
 3.400                   0                   1                  13
 3.450                   0                   0                   8
 3.500                   0                   1                   4
 3.550                   0                   2                   5
 3.600                   0                   0                   2
 3.650                   0                   1                   1
 3.700                   0                   1                   0
 3.750                   0                   1                   2
 3.800                   0                   1                   0
 3.850                   0                   1                   0
 3.900                   0                   0                   0
 3.950                   0                   1                   0
 4.000                   0                   0                   0
 4.050                   0                   1                   0
 4.100                   0                   0                   0
 4.150                   0                   1                   0
 4.200                   0                   1                   0
 4.250                   0                   4                   0
 4.300                   0                   4                   0
 4.350                   0                   0                   0
 4.400                   0                   2                   0
 4.450                   0                   3                   0
 4.500                   0                   5                   0
 4.550                   0                   6                   0
 4.600                   0                   6                   0
 4.650                   0                  11                   0
 4.700                   0                   8                   0
 4.750                   0                  14                   0
 4.800                   0                  18                   0
 4.850                   0                  37                   0
 4.900                   0                  64                   0
 4.950                   0                 161                   0
