 0.000             5925021             5493618             7000887
 0.050              445649              270010              387786
 0.100              398646              341416              266384
 0.150              393068              385475              192718
 0.200              403419              406287              147701
 0.250              418678              417266              110878
 0.300              441600              426162               85295
 0.350              468452              443973               66647
 0.400              499610              470132               52455
 0.450              531576              502610               42720
 0.500              567459              539919               37106
 0.550              605360              582026               34661
 0.600              643798              627754               34767
 0.650              683470              679938               35290
 0.700              718181              734100               37502
 0.750              751503              790537               39799
 0.800              779671              849191               43222
 0.850              813823              910005               47072
 0.900              870665              983218               52539
 0.950              981994             1101203               62281
 1.000             2478927             2856470             5530326
 1.050             7241628             7189151             5927723
 1.100             8581024             7683070             4718377
 1.150             3798665             4060771             3552487
 1.200              695819             1184856             2557729
 1.250               34226              207252             1906341
 1.300                  41               27919             1515117
 1.350                   6                5285             1238155
 1.400                   0                1552             1014361
 1.450                   0                 567              826612
 1.500                   2                 188              659787
 1.550                   0                  45              517980
 1.600                   0                  11              403109
 1.650                   0                   3              306879
 1.700                   0                   1              229259
 1.750                   0                   0              167429
 1.800                   0                   0              118922
 1.850                   0                   0               80709
 1.900                   0                   0               52582
 1.950                   0                   0               32521
 2.000                   0                   0               18916
 2.050                   0                   0               10145
 2.100                   0                   0                5023
 2.150                   0                   0                2309
 2.200                   0                   0                 939
 2.250                   0                   0                 370
 2.300                   0                   0                 120
 2.350                   0                   0                  37
 2.400                   0                   0                   5
 2.450                   0                   0                   2
 2.500                   0                   0                   0
 2.550                   0                   0                   0
 2.600                   0                   0                   0
 2.650                   0                   0                   0
 2.700                   0                   0                   0
 2.750                   0                   0                   0
 2.800                   0                   0                   0
 2.850                   0                   0                   0
 2.900                   0                   0                   0
 2.950                   0                   0                   0
 3.000                   0                   0                   0
 3.050                   0                   0                   0
 3.100                   0                   0                   0
 3.150                   0                   0                   0
 3.200                   0                   0                   0
 3.250                   0                   0                   0
 3.300                   0                   0                   0
 3.350                   0                   0                   0
 3.400                   0                   0                   0
 3.450                   0                   0                   0
 3.500                   0                   0                   0
 3.550                   0                   0                   0
 3.600                   0                   0                   0
 3.650                   0                   0                   0
 3.700                   0                   0                   0
 3.750                   0                   0                   0
 3.800                   0                   0                   0
 3.850                   0                   0                   0
 3.900                   0                   0                   0
 3.950                   0                   0                   0
 4.000                   0                   0                   0
 4.050                   0                   0                   0
 4.100                   0                   0                   0
 4.150                   0                   0                   0
 4.200                   0                   0                   0
 4.250                   0                   0                   0
 4.300                   0                   0                   0
 4.350                   0                   0                   0
 4.400                   0                   0                   0
 4.450                   0                   0                   0
 4.500                   0                   0                   0
 4.550                   0                   0                   0
 4.600                   0                   0                   0
 4.650                   0                   0                   0
 4.700                   0                   0                   0
 4.750                   0                   0                   0
 4.800                   0                   0                   0
 4.850                   0                   0                   0
 4.900                   0                   0                   0
 4.950                   0                   0                   0
