 0.000             4788137             4441635             5616459
 0.050              374212              258551              351211
 0.100              338539              311640              283055
 0.150              338811              340432              243957
 0.200              348755              344294              211700
 0.250              362754              347828              179383
 0.300              380211              358985              152400
 0.350              402705              378396              128080
 0.400              430430              402058              105318
 0.450              458523              431239               86784
 0.500              489162              465244               71812
 0.550              523214              504103               60739
 0.600              569127              545551               51892
 0.650              617103              593088               45642
 0.700              673324              651546               41603
 0.750              725014              715885               39583
 0.800              784758              796173               38851
 0.850              839295              891521               39599
 0.900              906636             1012418               41886
 0.950              997188             1160840               45375
 1.000             1153934             1437122             3569972
 1.050             5722420             5676781             4052120
 1.100            12040159            10221566             3879305
 1.150             8824539             8562964             3876860
 1.200             3365146             4356965             3686749
 1.250              557472             1398713             3372417
 1.300               32581              330422             2984631
 1.350                 531               75931             2581216
 1.400                   0               21404             2197432
 1.450                   0                7178             1831330
 1.500                   0                2682             1511123
 1.550                   0                 949             1236867
 1.600                   0                 373             1002269
 1.650                   0                 125              804324
 1.700                   0                  48              637398
 1.750                   0                  19              500657
 1.800                   0                   7              388977
 1.850                   0                   3              298037
 1.900                   0                   1              225729
 1.950                   0                   0              166557
 2.000                   0                   0              123094
 2.050                   0                   0               88462
 2.100                   0                   0               62392
 2.150                   0                   0               43989
 2.200                   0                   0               29911
 2.250                   0                   0               19950
 2.300                   0                   0               13458
 2.350                   0                   0                8889
 2.400                   0                   0                5793
 2.450                   0                   0                3483
 2.500                   0                   0                2329
 2.550                   0                   0                1415
 2.600                   0                   0                 916
 2.650                   0                   0                 516
 2.700                   0                   0                 317
 2.750                   0                   0                 211
 2.800                   0                   0                 113
 2.850                   0                   0                  72
 2.900                   0                   0                  30
 2.950                   0                   0                  25
 3.000                   0                   0                   6
 3.050                   0                   0                   5
 3.100                   0                   0                   0
 3.150                   0                   0                   3
 3.200                   0                   0                   2
 3.250                   0                   0                   0
 3.300                   0                   0                   0
 3.350                   0                   0                   0
 3.400                   0                   0                   0
 3.450                   0                   0                   0
 3.500                   0                   0                   0
 3.550                   0                   0                   0
 3.600                   0                   0                   0
 3.650                   0                   0                   0
 3.700                   0                   0                   0
 3.750                   0                   0                   0
 3.800                   0                   0                   0
 3.850                   0                   0                   0
 3.900                   0                   0                   0
 3.950                   0                   0                   0
 4.000                   0                   0                   0
 4.050                   0                   0                   0
 4.100                   0                   0                   0
 4.150                   0                   0                   0
 4.200                   0                   0                   0
 4.250                   0                   0                   0
 4.300                   0                   0                   0
 4.350                   0                   0                   0
 4.400                   0                   0                   0
 4.450                   0                   0                   0
 4.500                   0                   0                   0
 4.550                   0                   0                   0
 4.600                   0                   0                   0
 4.650                   0                   0                   0
 4.700                   0                   0                   0
 4.750                   0                   0                   0
 4.800                   0                   0                   0
 4.850                   0                   0                   0
 4.900                   0                   0                   0
 4.950                   0                   0                   0
