 0.000             3828778             3549878             4491195
 0.050              313397              219849              305012
 0.100              285860              258502              279876
 0.150              286230              278931              262449
 0.200              296370              286428              240709
 0.250              311082              291748              224141
 0.300              328884              300934              206994
 0.350              348084              318033              187345
 0.400              372803              339119              166844
 0.450              397349              364637              145564
 0.500              425974              396995              126345
 0.550              461299              431984              109668
 0.600              499714              471214               93548
 0.650              544906              516562               80751
 0.700              594617              573226               70203
 0.750              655980              634369               62186
 0.800              731943              712214               55870
 0.850              811863              817823               51498
 0.900              902903              961024               48411
 0.950             1020194             1156293               48169
 1.000             1169617             1430608             1758343
 1.050             1417745             2157047             2553813
 1.100            11436752             8630778             2884494
 1.150            13458718            11847643             3301813
 1.200             8961093             9287889             3626770
 1.250             3029699             4796627             3745183
 1.300              405856             1654893             3691189
 1.350               14655              446900             3505902
 1.400                  19              120926             3235774
 1.450                   0               38066             2913990
 1.500                   0               13308             2569225
 1.550                   0                4991             2229637
 1.600                   0                1858             1903580
 1.650                   0                 657             1607323
 1.700                   0                 287             1335957
 1.750                   0                  91             1102388
 1.800                   0                  34              897476
 1.850                   0                  12              725937
 1.900                   0                   6              578592
 1.950                   0                   1              456686
 2.000                   0                   1              355532
 2.050                   0                   0              276105
 2.100                   0                   0              210884
 2.150                   0                   0              158716
 2.200                   0                   0              118864
 2.250                   0                   0               88018
 2.300                   0                   1               64983
 2.350                   0                   0               47274
 2.400                   0                   0               33814
 2.450                   0                   0               23864
 2.500                   0                   0               16816
 2.550                   0                   0               11745
 2.600                   0                   1                7978
 2.650                   0                   0                5490
 2.700                   0                   0                3787
 2.750                   0                   0                2537
 2.800                   0                   0                1675
 2.850                   0                   0                1134
 2.900                   0                   0                 733
 2.950                   0                   0                 453
 3.000                   0                   0                 291
 3.050                   0                   0                 156
 3.100                   0                   0                 122
 3.150                   0                   1                  89
 3.200                   0                   0                  51
 3.250                   0                   0                  37
 3.300                   0                   0                  20
 3.350                   0                   0                  14
 3.400                   0                   0                   8
 3.450                   0                   0                   5
 3.500                   0                   0                   1
 3.550                   0                   0                   1
 3.600                   0                   0                   2
 3.650                   0                   0                   0
 3.700                   0                   1                   0
 3.750                   0                   1                   0
 3.800                   0                   1                   1
 3.850                   0                   0                   0
 3.900                   0                   0                   1
 3.950                   0                   1                   0
 4.000                   0                   0                   0
 4.050                   0                   0                   0
 4.100                   0                   2                   0
 4.150                   0                   1                   0
 4.200                   0                   0                   0
 4.250                   0                   0                   0
 4.300                   0                   1                   0
 4.350                   0                   3                   0
 4.400                   0                   3                   0
 4.450                   0                   2                   0
 4.500                   0                   3                   0
 4.550                   0                   5                   0
 4.600                   0                   5                   0
 4.650                   0                   7                   0
 4.700                   0                  11                   0
 4.750                   0                  24                   0
 4.800                   0                  20                   0
 4.850                   0                  32                   0
 4.900                   0                  58                   0
 4.950                   0                 147                   0
