 0.000             5153921             4787921             5983773
 0.050              390302              278783              349098
 0.100              350985              332206              281800
 0.150              345751              355606              236751
 0.200              354803              357789              199977
 0.250              367091              356496              173585
 0.300              386706              365945              145120
 0.350              408953              383637              117717
 0.400              432874              406230               94455
 0.450              457599              435527               76533
 0.500              488943              467881               62432
 0.550              525668              501366               52306
 0.600              564018              542423               45325
 0.650              608018              589843               40950
 0.700              654071              641696               38477
 0.750              707049              704891               37104
 0.800              761807              777254               37537
 0.850              819826              867411               38790
 0.900              890391              980261               41099
 0.950              977479             1124140               45183
 1.000             1115580             1412748             4176569
 1.050             7093606             6699921             4609373
 1.100            10945875             9838740             4008307
 1.150             7591814             7545025             3850592
 1.200             2908925             3649876             3591576
 1.250              403706             1042957             3163304
 1.300               19463              213693             2709130
 1.350                   2               45419             2278005
 1.400                   0               12595             1900839
 1.450                   0                4375             1558972
 1.500                   0                1578             1273382
 1.550                   0                 644             1029843
 1.600                   0                 230              826781
 1.650                   0                  73              655972
 1.700                   0                  30              513549
 1.750                   0                  11              395151
 1.800                   0                   1              300589
 1.850                   0                   3              225795
 1.900                   0                   0              166616
 1.950                   0                   0              121541
 2.000                   0                   1               86539
 2.050                   0                   0               60937
 2.100                   0                   0               42175
 2.150                   0                   0               28474
 2.200                   0                   0               18773
 2.250                   0                   0               12751
 2.300                   0                   0                8108
 2.350                   0                   0                5149
 2.400                   0                   0                3302
 2.450                   0                   0                2001
 2.500                   0                   0                1261
 2.550                   0                   0                 757
 2.600                   0                   0                 474
 2.650                   0                   0                 257
 2.700                   0                   0                 176
 2.750                   0                   0                  91
 2.800                   0                   0                  47
 2.850                   0                   0                  28
 2.900                   0                   0                  12
 2.950                   0                   0                  10
 3.000                   0                   0                   3
 3.050                   0                   0                   2
 3.100                   0                   0                   0
 3.150                   0                   0                   1
 3.200                   0                   0                   0
 3.250                   0                   0                   0
 3.300                   0                   0                   0
 3.350                   0                   0                   0
 3.400                   0                   0                   0
 3.450                   0                   0                   0
 3.500                   0                   0                   0
 3.550                   0                   0                   0
 3.600                   0                   0                   0
 3.650                   0                   0                   0
 3.700                   0                   0                   0
 3.750                   0                   0                   0
 3.800                   0                   0                   0
 3.850                   0                   0                   0
 3.900                   0                   0                   0
 3.950                   0                   0                   0
 4.000                   0                   0                   0
 4.050                   0                   0                   0
 4.100                   0                   0                   0
 4.150                   0                   0                   0
 4.200                   0                   0                   0
 4.250                   0                   0                   0
 4.300                   0                   0                   0
 4.350                   0                   0                   0
 4.400                   0                   0                   0
 4.450                   0                   0                   0
 4.500                   0                   0                   0
 4.550                   0                   0                   0
 4.600                   0                   0                   0
 4.650                   0                   0                   0
 4.700                   0                   0                   0
 4.750                   0                   0                   0
 4.800                   0                   0                   0
 4.850                   0                   0                   0
 4.900                   0                   0                   0
 4.950                   0                   0                   0
