 0.000               10032                9869                9598
 0.050                 545                 549                 277
 0.100                 446                 475                 196
 0.150                 433                 422                 167
 0.200                 438                 418                 195
 0.250                 423                 436                 182
 0.300                 430                 420                 124
 0.350                 482                 418                 114
 0.400                 505                 475                 140
 0.450                 522                 491                 138
 0.500                 547                 526                 148
 0.550                 556                 571                 174
 0.600                 629                 605                 169
 0.650                 727                 710                 209
 0.700                 697                 777                 231
 0.750                 767                 727                 226
 0.800                 826                 833                 261
 0.850                 934                 919                 285
 0.900                1060                1086                 325
 0.950                1354                1391                 315
 1.000              741652              742019              754360
 1.050               36341               36751               40537
 1.100               36828               36623               38060
 1.150               52928               52669               31542
 1.200               55225               54248               28097
 1.250               41382               41383               27170
 1.300               23495               23827               23664
 1.350               10607               10877               19100
 1.400                3040                3322               17595
 1.450                 149                 163               13235
 1.500                   0                   0                8590
 1.550                   0                   0                5569
 1.600                   0                   0                2576
 1.650                   0                   0                 427
 1.700                   0                   0                   4
 1.750                   0                   0                   0
 1.800                   0                   0                   0
 1.850                   0                   0                   0
 1.900                   0                   0                   0
 1.950                   0                   0                   0
 2.000                   0                   0                   0
 2.050                   0                   0                   0
 2.100                   0                   0                   0
 2.150                   0                   0                   0
 2.200                   0                   0                   0
 2.250                   0                   0                   0
 2.300                   0                   0                   0
 2.350                   0                   0                   0
 2.400                   0                   0                   0
 2.450                   0                   0                   0
 2.500                   0                   0                   0
 2.550                   0                   0                   0
 2.600                   0                   0                   0
 2.650                   0                   0                   0
 2.700                   0                   0                   0
 2.750                   0                   0                   0
 2.800                   0                   0                   0
 2.850                   0                   0                   0
 2.900                   0                   0                   0
 2.950                   0                   0                   0
 3.000                   0                   0                   0
 3.050                   0                   0                   0
 3.100                   0                   0                   0
 3.150                   0                   0                   0
 3.200                   0                   0                   0
 3.250                   0                   0                   0
 3.300                   0                   0                   0
 3.350                   0                   0                   0
 3.400                   0                   0                   0
 3.450                   0                   0                   0
 3.500                   0                   0                   0
 3.550                   0                   0                   0
 3.600                   0                   0                   0
 3.650                   0                   0                   0
 3.700                   0                   0                   0
 3.750                   0                   0                   0
 3.800                   0                   0                   0
 3.850                   0                   0                   0
 3.900                   0                   0                   0
 3.950                   0                   0                   0
 4.000                   0                   0                   0
 4.050                   0                   0                   0
 4.100                   0                   0                   0
 4.150                   0                   0                   0
 4.200                   0                   0                   0
 4.250                   0                   0                   0
 4.300                   0                   0                   0
 4.350                   0                   0                   0
 4.400                   0                   0                   0
 4.450                   0                   0                   0
 4.500                   0                   0                   0
 4.550                   0                   0                   0
 4.600                   0                   0                   0
 4.650                   0                   0                   0
 4.700                   0                   0                   0
 4.750                   0                   0                   0
 4.800                   0                   0                   0
 4.850                   0                   0                   0
 4.900                   0                   0                   0
 4.950                   0                   0                   0
