 0.000             5792961             5329156             5624080
 0.050              441290              287330              263473
 0.100              395412              347012              158140
 0.150              390018              388523               99087
 0.200              401778              409226               58742
 0.250              419680              417900               32582
 0.300              439762              428696               17082
 0.350              464490              445415                8049
 0.400              494176              472210                3735
 0.450              524899              502768                1832
 0.500              559069              540409                1278
 0.550              592535              578610                1125
 0.600              625092              619416                1278
 0.650              650330              658448                1446
 0.700              670101              697371                1703
 0.750              684638              735901                1933
 0.800              697359              770344                2165
 0.850              718196              808404                2386
 0.900              758385              852676                2549
 0.950              840384              926798                2773
 1.000             1471528             1635192             2953706
 1.050             3894958             4242893             5766923
 1.100             6815976             6215204             4930701
 1.150             4811054             4514122             3640437
 1.200             1550483             1920766             2577332
 1.250              205223              487590             1897440
 1.300               14727               79053             1507491
 1.350                   0               10133             1241719
 1.400                   0                1968             1043191
 1.450                   0                 640              864522
 1.500                   0                 223              706329
 1.550                   0                  70              564702
 1.600                   0                  29              438259
 1.650                   0                   5              324932
 1.700                   0                   1              228146
 1.750                   0                   2              150926
 1.800                   0                   0               93208
 1.850                   0                   0               54238
 1.900                   0                   0               29433
 1.950                   0                   0               14676
 2.000                   0                   0                6902
 2.050                   0                   0                2670
 2.100                   0                   0                 876
 2.150                   0                   0                 254
 2.200                   0                   0                  47
 2.250                   0                   0                   6
 2.300                   0                   0                   0
 2.350                   0                   0                   0
 2.400                   0                   0                   0
 2.450                   0                   0                   0
 2.500                   0                   0                   0
 2.550                   0                   0                   0
 2.600                   0                   0                   0
 2.650                   0                   0                   0
 2.700                   0                   0                   0
 2.750                   0                   0                   0
 2.800                   0                   0                   0
 2.850                   0                   0                   0
 2.900                   0                   0                   0
 2.950                   0                   0                   0
 3.000                   0                   0                   0
 3.050                   0                   0                   0
 3.100                   0                   0                   0
 3.150                   0                   0                   0
 3.200                   0                   0                   0
 3.250                   0                   0                   0
 3.300                   0                   0                   0
 3.350                   0                   0                   0
 3.400                   0                   0                   0
 3.450                   0                   0                   0
 3.500                   0                   0                   0
 3.550                   0                   0                   0
 3.600                   0                   0                   0
 3.650                   0                   0                   0
 3.700                   0                   0                   0
 3.750                   0                   0                   0
 3.800                   0                   0                   0
 3.850                   0                   0                   0
 3.900                   0                   0                   0
 3.950                   0                   0                   0
 4.000                   0                   0                   0
 4.050                   0                   0                   0
 4.100                   0                   0                   0
 4.150                   0                   0                   0
 4.200                   0                   0                   0
 4.250                   0                   0                   0
 4.300                   0                   0                   0
 4.350                   0                   0                   0
 4.400                   0                   0                   0
 4.450                   0                   0                   0
 4.500                   0                   0                   0
 4.550                   0                   0                   0
 4.600                   0                   0                   0
 4.650                   0                   0                   0
 4.700                   0                   0                   0
 4.750                   0                   0                   0
 4.800                   0                   0                   0
 4.850                   0                   0                   0
 4.900                   0                   0                   0
 4.950                   0                   0                   0
