 0.000             5644298             5379645             5451086
 0.050              404218              312774              219329
 0.100              352458              311528              112224
 0.150              343139              322171               50746
 0.200              349825              337023               18332
 0.250              362468              349159                6009
 0.300              378198              361862                2696
 0.350              399098              377623                2311
 0.400              423585              400515                2625
 0.450              453826              429269                3023
 0.500              484796              463864                3553
 0.550              519317              504084                4173
 0.600              560559              551746                4671
 0.650              606416              597444                5362
 0.700              647875              652015                6068
 0.750              686927              704890                6671
 0.800              722816              760846                7187
 0.850              756499              814962                7708
 0.900              798847              870314                8060
 0.950              876280              942227                8870
 1.000             1474917             1542037             1649170
 1.050             3150161             3412118             5020306
 1.100             4661378             4655279             5007302
 1.150             5366833             4899881             3923138
 1.200             3059155             3105777             2843226
 1.250              666189              992680             2104673
 1.300               43513              135121             1694882
 1.350                1147                7203             1433479
 1.400                   0                 542             1213590
 1.450                   0                  99             1006438
 1.500                   0                  27              805723
 1.550                   0                  10              615166
 1.600                   0                   3              433221
 1.650                   0                   0              271968
 1.700                   0                   0              145785
 1.750                   0                   0               66826
 1.800                   0                   0               23726
 1.850                   0                   0                5084
 1.900                   0                   0                 327
 1.950                   0                   0                   4
 2.000                   0                   0                   0
 2.050                   0                   0                   0
 2.100                   0                   0                   0
 2.150                   0                   0                   0
 2.200                   0                   0                   0
 2.250                   0                   0                   0
 2.300                   0                   0                   0
 2.350                   0                   0                   0
 2.400                   0                   0                   0
 2.450                   0                   0                   0
 2.500                   0                   0                   0
 2.550                   0                   0                   0
 2.600                   0                   0                   0
 2.650                   0                   0                   0
 2.700                   0                   0                   0
 2.750                   0                   0                   0
 2.800                   0                   0                   0
 2.850                   0                   0                   0
 2.900                   0                   0                   0
 2.950                   0                   0                   0
 3.000                   0                   0                   0
 3.050                   0                   0                   0
 3.100                   0                   0                   0
 3.150                   0                   0                   0
 3.200                   0                   0                   0
 3.250                   0                   0                   0
 3.300                   0                   0                   0
 3.350                   0                   0                   0
 3.400                   0                   0                   0
 3.450                   0                   0                   0
 3.500                   0                   0                   0
 3.550                   0                   0                   0
 3.600                   0                   0                   0
 3.650                   0                   0                   0
 3.700                   0                   0                   0
 3.750                   0                   0                   0
 3.800                   0                   0                   0
 3.850                   0                   0                   0
 3.900                   0                   0                   0
 3.950                   0                   0                   0
 4.000                   0                   0                   0
 4.050                   0                   0                   0
 4.100                   0                   0                   0
 4.150                   0                   0                   0
 4.200                   0                   0                   0
 4.250                   0                   0                   0
 4.300                   0                   0                   0
 4.350                   0                   0                   0
 4.400                   0                   0                   0
 4.450                   0                   0                   0
 4.500                   0                   0                   0
 4.550                   0                   0                   0
 4.600                   0                   0                   0
 4.650                   0                   0                   0
 4.700                   0                   0                   0
 4.750                   0                   0                   0
 4.800                   0                   0                   0
 4.850                   0                   0                   0
 4.900                   0                   0                   0
 4.950                   0                   0                   0
