 0.000             5787279             5353014             5589909
 0.050              434054              291434              259853
 0.100              387278              341951              150889
 0.150              382471              379300               89128
 0.200              391248              400716               50602
 0.250              408065              408530               25629
 0.300              429314              416922               11739
 0.350              453306              433074                4736
 0.400              481319              457189                2280
 0.450              514536              487986                1574
 0.500              550468              525976                1406
 0.550              585518              567146                1608
 0.600              622456              610407                1779
 0.650              648075              651587                2096
 0.700              662713              691151                2494
 0.750              669300              726139                2747
 0.800              680407              753331                3013
 0.850              694920              782449                3226
 0.900              727947              821230                3496
 0.950              795237              881891                3839
 1.000             1657339             1789051             2876433
 1.050             3535036             3894686             5822905
 1.100             6131898             5761857             4996093
 1.150             5222847             4722285             3432842
 1.200             1814110             2152544             2468028
 1.250              243076              536142             1874602
 1.300                5551               69105             1513537
 1.350                   0                6681             1255271
 1.400                   0                1359             1052381
 1.450                   0                 429              883882
 1.500                   0                 149              723829
 1.550                   0                  45              575227
 1.600                   0                   9              434320
 1.650                   0                   2              311347
 1.700                   0                   1              208134
 1.750                   0                   0              128435
 1.800                   0                   0               74888
 1.850                   0                   0               40024
 1.900                   0                   0               19458
 1.950                   0                   0                8091
 2.000                   0                   0                2976
 2.050                   0                   0                 852
 2.100                   0                   0                 158
 2.150                   0                   0                  12
 2.200                   0                   0                   0
 2.250                   0                   0                   0
 2.300                   0                   0                   0
 2.350                   0                   0                   0
 2.400                   0                   0                   0
 2.450                   0                   0                   0
 2.500                   0                   0                   0
 2.550                   0                   0                   0
 2.600                   0                   0                   0
 2.650                   0                   0                   0
 2.700                   0                   0                   0
 2.750                   0                   0                   0
 2.800                   0                   0                   0
 2.850                   0                   0                   0
 2.900                   0                   0                   0
 2.950                   0                   0                   0
 3.000                   0                   0                   0
 3.050                   0                   0                   0
 3.100                   0                   0                   0
 3.150                   0                   0                   0
 3.200                   0                   0                   0
 3.250                   0                   0                   0
 3.300                   0                   0                   0
 3.350                   0                   0                   0
 3.400                   0                   0                   0
 3.450                   0                   0                   0
 3.500                   0                   0                   0
 3.550                   0                   0                   0
 3.600                   0                   0                   0
 3.650                   0                   0                   0
 3.700                   0                   0                   0
 3.750                   0                   0                   0
 3.800                   0                   0                   0
 3.850                   0                   0                   0
 3.900                   0                   0                   0
 3.950                   0                   0                   0
 4.000                   0                   0                   0
 4.050                   0                   0                   0
 4.100                   0                   0                   0
 4.150                   0                   0                   0
 4.200                   0                   0                   0
 4.250                   0                   0                   0
 4.300                   0                   0                   0
 4.350                   0                   0                   0
 4.400                   0                   0                   0
 4.450                   0                   0                   0
 4.500                   0                   0                   0
 4.550                   0                   0                   0
 4.600                   0                   0                   0
 4.650                   0                   0                   0
 4.700                   0                   0                   0
 4.750                   0                   0                   0
 4.800                   0                   0                   0
 4.850                   0                   0                   0
 4.900                   0                   0                   0
 4.950                   0                   0                   0
