 0.000             5720401             5354828             5532619
 0.050              426283              300498              238219
 0.100              376003              331731              140474
 0.150              370321              358641               78444
 0.200              378677              375302               39038
 0.250              393835              386736               16806
 0.300              412554              401021                6281
 0.350              437038              416181                2536
 0.400              464610              440160                1824
 0.450              495990              471064                1856
 0.500              528889              506703                2185
 0.550              562776              545589                2545
 0.600              599128              587679                2841
 0.650              633973              633089                3318
 0.700              666611              678738                3758
 0.750              686324              726284                4215
 0.800              703239              767961                4751
 0.850              727774              803863                4975
 0.900              763257              844857                5351
 0.950              824858              908263                5755
 1.000             1441599             1544292             2122964
 1.050             3038908             3355161             5294628
 1.100             5354902             5175803             4964969
 1.150             5459744             4927129             3679935
 1.200             2586125             2775464             2671074
 1.250              420334              767169             2043821
 1.300               24845              104944             1631309
 1.350                 711                9114             1343579
 1.400                   0                1091             1141293
 1.450                   0                 231              964437
 1.500                   0                  74              783966
 1.550                   0                  28              610066
 1.600                   0                  11              447180
 1.650                   0                   5              308065
 1.700                   0                   2              193231
 1.750                   0                   1              109850
 1.800                   0                   1               55375
 1.850                   0                   0               24546
 1.900                   0                   1                9090
 1.950                   0                   0                2243
 2.000                   0                   0                 290
 2.050                   0                   0                   7
 2.100                   0                   0                   0
 2.150                   0                   0                   0
 2.200                   0                   0                   0
 2.250                   0                   0                   0
 2.300                   0                   0                   0
 2.350                   0                   0                   0
 2.400                   0                   0                   0
 2.450                   0                   0                   0
 2.500                   0                   0                   0
 2.550                   0                   0                   0
 2.600                   0                   0                   0
 2.650                   0                   0                   0
 2.700                   0                   0                   0
 2.750                   0                   0                   0
 2.800                   0                   0                   0
 2.850                   0                   0                   0
 2.900                   0                   0                   0
 2.950                   0                   0                   0
 3.000                   0                   0                   0
 3.050                   0                   0                   0
 3.100                   0                   0                   0
 3.150                   0                   0                   0
 3.200                   0                   0                   0
 3.250                   0                   0                   0
 3.300                   0                   0                   0
 3.350                   0                   0                   0
 3.400                   0                   0                   0
 3.450                   0                   0                   0
 3.500                   0                   0                   0
 3.550                   0                   0                   0
 3.600                   0                   0                   0
 3.650                   0                   0                   0
 3.700                   0                   0                   0
 3.750                   0                   0                   0
 3.800                   0                   0                   0
 3.850                   0                   0                   0
 3.900                   0                   0                   0
 3.950                   0                   0                   0
 4.000                   0                   0                   0
 4.050                   0                   0                   0
 4.100                   0                   0                   0
 4.150                   0                   0                   0
 4.200                   0                   0                   0
 4.250                   0                   0                   0
 4.300                   0                   0                   0
 4.350                   0                   0                   0
 4.400                   0                   0                   0
 4.450                   0                   0                   0
 4.500                   0                   0                   0
 4.550                   0                   0                   0
 4.600                   0                   0                   0
 4.650                   0                   0                   0
 4.700                   0                   0                   0
 4.750                   0                   0                   0
 4.800                   0                   0                   0
 4.850                   0                   0                   0
 4.900                   0                   0                   0
 4.950                   0                   0                   0
