 0.000             5537473             5374101             5317977
 0.050              382542              348997              130603
 0.100              327896              312976               36287
 0.150              315580              300598                9548
 0.200              317530              303114                3973
 0.250              325919              307166                3316
 0.300              340021              315327                3655
 0.350              355916              329106                4217
 0.400              375433              346914                4917
 0.450              400009              369406                5788
 0.500              428735              399496                6763
 0.550              459499              433923                7762
 0.600              495801              472733                8959
 0.650              534464              520434                9930
 0.700              578025              574554               11072
 0.750              623346              630817               11902
 0.800              671502              692308               12685
 0.850              714263              753830               13236
 0.900              753797              811901               14323
 0.950              808351              874812               15745
 1.000             1088509             1146557              399235
 1.050             3492216             3634359             4651486
 1.100             4142209             4297079             4916888
 1.150             4400889             4196506             4247464
 1.200             3778981             3578868             3158483
 1.250             1866912             2014051             2540235
 1.300              423734              571077             2052744
 1.350               34954               62296             1688203
 1.400                 462                1595             1432059
 1.450                   0                  52             1184616
 1.500                   0                  10              919993
 1.550                   0                   5              636357
 1.600                   0                   0              349553
 1.650                   0                   0              134561
 1.700                   0                   0               28939
 1.750                   0                   0                1493
 1.800                   0                   0                   1
 1.850                   0                   0                   0
 1.900                   0                   0                   0
 1.950                   0                   0                   0
 2.000                   0                   0                   0
 2.050                   0                   0                   0
 2.100                   0                   0                   0
 2.150                   0                   0                   0
 2.200                   0                   0                   0
 2.250                   0                   0                   0
 2.300                   0                   0                   0
 2.350                   0                   0                   0
 2.400                   0                   0                   0
 2.450                   0                   0                   0
 2.500                   0                   0                   0
 2.550                   0                   0                   0
 2.600                   0                   0                   0
 2.650                   0                   0                   0
 2.700                   0                   0                   0
 2.750                   0                   0                   0
 2.800                   0                   0                   0
 2.850                   0                   0                   0
 2.900                   0                   0                   0
 2.950                   0                   0                   0
 3.000                   0                   0                   0
 3.050                   0                   0                   0
 3.100                   0                   0                   0
 3.150                   0                   0                   0
 3.200                   0                   0                   0
 3.250                   0                   0                   0
 3.300                   0                   0                   0
 3.350                   0                   0                   0
 3.400                   0                   0                   0
 3.450                   0                   0                   0
 3.500                   0                   0                   0
 3.550                   0                   0                   0
 3.600                   0                   0                   0
 3.650                   0                   0                   0
 3.700                   0                   0                   0
 3.750                   0                   0                   0
 3.800                   0                   0                   0
 3.850                   0                   0                   0
 3.900                   0                   0                   0
 3.950                   0                   0                   0
 4.000                   0                   0                   0
 4.050                   0                   0                   0
 4.100                   0                   0                   0
 4.150                   0                   0                   0
 4.200                   0                   0                   0
 4.250                   0                   0                   0
 4.300                   0                   0                   0
 4.350                   0                   0                   0
 4.400                   0                   0                   0
 4.450                   0                   0                   0
 4.500                   0                   0                   0
 4.550                   0                   0                   0
 4.600                   0                   0                   0
 4.650                   0                   0                   0
 4.700                   0                   0                   0
 4.750                   0                   0                   0
 4.800                   0                   0                   0
 4.850                   0                   0                   0
 4.900                   0                   0                   0
 4.950                   0                   0                   0
