 0.000             5709063             5382262             5509349
 0.050              418013              302285              235207
 0.100              367429              322429              133018
 0.150              360192              345812               69146
 0.200              368167              363163               31579
 0.250              384208              373251               11691
 0.300              402301              385401                4073
 0.350              423759              402048                2147
 0.400              450161              425339                1995
 0.450              478571              454816                2192
 0.500              511273              490693                2576
 0.550              548654              531706                3033
 0.600              587302              574664                3397
 0.650              628176              623135                3955
 0.700              661318              673743                4526
 0.750              688140              721904                5037
 0.800              711738              765317                5500
 0.850              740032              806443                5763
 0.900              778170              852421                6213
 0.950              845761              924096                6811
 1.000             1509316             1599127             1991787
 1.050             3079722             3358269             5178712
 1.100             4879393             4824605             5002778
 1.150             5507015             4981186             3690414
 1.200             2811225             2915639             2735440
 1.250              490547              846213             2093605
 1.300               20866              107042             1638126
 1.350                  75                6597             1367860
 1.400                   0                 715             1164087
 1.450                   0                 178              977894
 1.500                   0                  59              789500
 1.550                   0                  17              608755
 1.600                   0                   4              442228
 1.650                   0                   7              295487
 1.700                   0                   1              177069
 1.750                   0                   0               93776
 1.800                   0                   0               43678
 1.850                   0                   0               16935
 1.900                   0                   0                4592
 1.950                   0                   0                 635
 2.000                   0                   0                  21
 2.050                   0                   0                   0
 2.100                   0                   0                   0
 2.150                   0                   0                   0
 2.200                   0                   0                   0
 2.250                   0                   0                   0
 2.300                   0                   0                   0
 2.350                   0                   0                   0
 2.400                   0                   0                   0
 2.450                   0                   0                   0
 2.500                   0                   0                   0
 2.550                   0                   0                   0
 2.600                   0                   0                   0
 2.650                   0                   0                   0
 2.700                   0                   0                   0
 2.750                   0                   0                   0
 2.800                   0                   0                   0
 2.850                   0                   0                   0
 2.900                   0                   0                   0
 2.950                   0                   0                   0
 3.000                   0                   0                   0
 3.050                   0                   0                   0
 3.100                   0                   0                   0
 3.150                   0                   0                   0
 3.200                   0                   0                   0
 3.250                   0                   0                   0
 3.300                   0                   0                   0
 3.350                   0                   0                   0
 3.400                   0                   0                   0
 3.450                   0                   0                   0
 3.500                   0                   0                   0
 3.550                   0                   0                   0
 3.600                   0                   0                   0
 3.650                   0                   0                   0
 3.700                   0                   0                   0
 3.750                   0                   0                   0
 3.800                   0                   0                   0
 3.850                   0                   0                   0
 3.900                   0                   0                   0
 3.950                   0                   0                   0
 4.000                   0                   0                   0
 4.050                   0                   0                   0
 4.100                   0                   0                   0
 4.150                   0                   0                   0
 4.200                   0                   0                   0
 4.250                   0                   0                   0
 4.300                   0                   0                   0
 4.350                   0                   0                   0
 4.400                   0                   0                   0
 4.450                   0                   0                   0
 4.500                   0                   0                   0
 4.550                   0                   0                   0
 4.600                   0                   0                   0
 4.650                   0                   0                   0
 4.700                   0                   0                   0
 4.750                   0                   0                   0
 4.800                   0                   0                   0
 4.850                   0                   0                   0
 4.900                   0                   0                   0
 4.950                   0                   0                   0
