 0.000             5778649             5289852             5639711
 0.050              448254              282987              291337
 0.100              401338              350042              173745
 0.150              396508              395003              111431
 0.200              405689              416998               69006
 0.250              425241              426945               42831
 0.300              449706              437629               24571
 0.350              479227              456553               13575
 0.400              509459              482551                7279
 0.450              543353              516930                3550
 0.500              582030              557009                1726
 0.550              621713              598939                1116
 0.600              650747              645443                 869
 0.650              679834              688950                1004
 0.700              705069              733225                1049
 0.750              727567              772540                1201
 0.800              745729              811444                1339
 0.850              762486              855520                1522
 0.900              789830              900564                1673
 0.950              862831              971692                1858
 1.000             2028988             2230251             3390888
 1.050             4459153             4792877             6022761
 1.100             7019078             6289858             5038180
 1.150             4405869             4177997             3533888
 1.200             1006026             1497973             2523731
 1.250               62888              311038             1921791
 1.300                 116               45602             1496510
 1.350                   1                7562             1198829
 1.400                   0                2267              986655
 1.450                   0                 727              813895
 1.500                   0                 274              667688
 1.550                   0                  96              538498
 1.600                   0                  31              422741
 1.650                   0                   5              322319
 1.700                   0                   5              236597
 1.750                   0                   0              166329
 1.800                   0                   0              112483
 1.850                   0                   0               71477
 1.900                   0                   0               43121
 1.950                   0                   0               24157
 2.000                   0                   0               13048
 2.050                   0                   0                6549
 2.100                   0                   0                3082
 2.150                   0                   0                1190
 2.200                   0                   0                 414
 2.250                   0                   0                 126
 2.300                   0                   0                  34
 2.350                   0                   0                   5
 2.400                   0                   0                   0
 2.450                   0                   0                   0
 2.500                   0                   0                   0
 2.550                   0                   0                   0
 2.600                   0                   0                   0
 2.650                   0                   0                   0
 2.700                   0                   0                   0
 2.750                   0                   0                   0
 2.800                   0                   0                   0
 2.850                   0                   0                   0
 2.900                   0                   0                   0
 2.950                   0                   0                   0
 3.000                   0                   0                   0
 3.050                   0                   0                   0
 3.100                   0                   0                   0
 3.150                   0                   0                   0
 3.200                   0                   0                   0
 3.250                   0                   0                   0
 3.300                   0                   0                   0
 3.350                   0                   0                   0
 3.400                   0                   0                   0
 3.450                   0                   0                   0
 3.500                   0                   0                   0
 3.550                   0                   0                   0
 3.600                   0                   0                   0
 3.650                   0                   0                   0
 3.700                   0                   0                   0
 3.750                   0                   0                   0
 3.800                   0                   0                   0
 3.850                   0                   0                   0
 3.900                   0                   0                   0
 3.950                   0                   0                   0
 4.000                   0                   0                   0
 4.050                   0                   0                   0
 4.100                   0                   0                   0
 4.150                   0                   0                   0
 4.200                   0                   0                   0
 4.250                   0                   0                   0
 4.300                   0                   0                   0
 4.350                   0                   0                   0
 4.400                   0                   0                   0
 4.450                   0                   0                   0
 4.500                   0                   0                   0
 4.550                   0                   0                   0
 4.600                   0                   0                   0
 4.650                   0                   0                   0
 4.700                   0                   0                   0
 4.750                   0                   0                   0
 4.800                   0                   0                   0
 4.850                   0                   0                   0
 4.900                   0                   0                   0
 4.950                   0                   0                   0
