 0.000             5600626             5378946             5411065
 0.050              396970              327016              198235
 0.100              344613              313213               90077
 0.150              334027              313718               33325
 0.200              338941              323523               10681
 0.250              350354              332436                3576
 0.300              367589              345446                2617
 0.350              386519              361403                2709
 0.400              409265              381234                3292
 0.450              436974              411287                3702
 0.500              467733              444800                4488
 0.550              501630              482667                5181
 0.600              540577              525369                5839
 0.650              583758              572709                6684
 0.700              625821              629455                7406
 0.750              668028              685371                8025
 0.800              705520              743700                8782
 0.850              747887              796962                9356
 0.900              794531              856836                9706
 0.950              856181              926548               10803
 1.000             1412831             1469475             1266180
 1.050             3080757             3314670             5006928
 1.100             4704932             4743934             5093905
 1.150             5082816             4690405             3965740
 1.200             3270463             3229664             2842384
 1.250              961080             1243910             2174294
 1.300              110874              225100             1808545
 1.350                7435               18193             1512171
 1.400                   7                 653             1258623
 1.450                   0                  65             1036434
 1.500                   0                  20              829188
 1.550                   0                   9              624493
 1.600                   0                   2              421905
 1.650                   0                   0              245317
 1.700                   0                   0              117095
 1.750                   0                   0               41353
 1.800                   0                   0                8163
 1.850                   0                   0                 472
 1.900                   0                   0                   0
 1.950                   0                   0                   0
 2.000                   0                   0                   0
 2.050                   0                   0                   0
 2.100                   0                   0                   0
 2.150                   0                   0                   0
 2.200                   0                   0                   0
 2.250                   0                   0                   0
 2.300                   0                   0                   0
 2.350                   0                   0                   0
 2.400                   0                   0                   0
 2.450                   0                   0                   0
 2.500                   0                   0                   0
 2.550                   0                   0                   0
 2.600                   0                   0                   0
 2.650                   0                   0                   0
 2.700                   0                   0                   0
 2.750                   0                   0                   0
 2.800                   0                   0                   0
 2.850                   0                   0                   0
 2.900                   0                   0                   0
 2.950                   0                   0                   0
 3.000                   0                   0                   0
 3.050                   0                   0                   0
 3.100                   0                   0                   0
 3.150                   0                   0                   0
 3.200                   0                   0                   0
 3.250                   0                   0                   0
 3.300                   0                   0                   0
 3.350                   0                   0                   0
 3.400                   0                   0                   0
 3.450                   0                   0                   0
 3.500                   0                   0                   0
 3.550                   0                   0                   0
 3.600                   0                   0                   0
 3.650                   0                   0                   0
 3.700                   0                   0                   0
 3.750                   0                   0                   0
 3.800                   0                   0                   0
 3.850                   0                   0                   0
 3.900                   0                   0                   0
 3.950                   0                   0                   0
 4.000                   0                   0                   0
 4.050                   0                   0                   0
 4.100                   0                   0                   0
 4.150                   0                   0                   0
 4.200                   0                   0                   0
 4.250                   0                   0                   0
 4.300                   0                   0                   0
 4.350                   0                   0                   0
 4.400                   0                   0                   0
 4.450                   0                   0                   0
 4.500                   0                   0                   0
 4.550                   0                   0                   0
 4.600                   0                   0                   0
 4.650                   0                   0                   0
 4.700                   0                   0                   0
 4.750                   0                   0                   0
 4.800                   0                   0                   0
 4.850                   0                   0                   0
 4.900                   0                   0                   0
 4.950                   0                   0                   0
