 0.000             5801967             5350803             5612130
 0.050              435882              288339              257051
 0.100              389530              344285              155444
 0.150              386137              385020               93570
 0.200              395196              404517               54232
 0.250              410775              412178               29110
 0.300              432358              421584               14183
 0.350              457013              438447                6198
 0.400              485984              463399                2647
 0.450              517285              491613                1592
 0.500              552330              529622                1294
 0.550              588446              569439                1377
 0.600              620712              610825                1555
 0.650              646807              654254                1797
 0.700              670474              695537                2108
 0.750              680762              729702                2413
 0.800              686723              763059                2663
 0.850              697410              793484                2847
 0.900              727628              825576                2991
 0.950              802428              891114                3384
 1.000             1406942             1558537             2971558
 1.050             4157872             4465305             5803220
 1.100             6277326             5821857             5055508
 1.150             4960949             4585327             3503319
 1.200             1653151             1990800             2438680
 1.250              219827              504433             1850570
 1.300                9889               72572             1496853
 1.350                   5                7824             1245110
 1.400                   0                1561             1040617
 1.450                   0                 513              868792
 1.500                   0                 190              713505
 1.550                   0                  63              566400
 1.600                   0                  21              434853
 1.650                   0                   7              315051
 1.700                   0                   1              215063
 1.750                   0                   0              136874
 1.800                   0                   0               81017
 1.850                   0                   0               45677
 1.900                   0                   0               23412
 1.950                   0                   0               10838
 2.000                   0                   0                4302
 2.050                   0                   0                1520
 2.100                   0                   0                 402
 2.150                   0                   0                  77
 2.200                   0                   0                   4
 2.250                   0                   0                   0
 2.300                   0                   0                   0
 2.350                   0                   0                   0
 2.400                   0                   0                   0
 2.450                   0                   0                   0
 2.500                   0                   0                   0
 2.550                   0                   0                   0
 2.600                   0                   0                   0
 2.650                   0                   0                   0
 2.700                   0                   0                   0
 2.750                   0                   0                   0
 2.800                   0                   0                   0
 2.850                   0                   0                   0
 2.900                   0                   0                   0
 2.950                   0                   0                   0
 3.000                   0                   0                   0
 3.050                   0                   0                   0
 3.100                   0                   0                   0
 3.150                   0                   0                   0
 3.200                   0                   0                   0
 3.250                   0                   0                   0
 3.300                   0                   0                   0
 3.350                   0                   0                   0
 3.400                   0                   0                   0
 3.450                   0                   0                   0
 3.500                   0                   0                   0
 3.550                   0                   0                   0
 3.600                   0                   0                   0
 3.650                   0                   0                   0
 3.700                   0                   0                   0
 3.750                   0                   0                   0
 3.800                   0                   0                   0
 3.850                   0                   0                   0
 3.900                   0                   0                   0
 3.950                   0                   0                   0
 4.000                   0                   0                   0
 4.050                   0                   0                   0
 4.100                   0                   0                   0
 4.150                   0                   0                   0
 4.200                   0                   0                   0
 4.250                   0                   0                   0
 4.300                   0                   0                   0
 4.350                   0                   0                   0
 4.400                   0                   0                   0
 4.450                   0                   0                   0
 4.500                   0                   0                   0
 4.550                   0                   0                   0
 4.600                   0                   0                   0
 4.650                   0                   0                   0
 4.700                   0                   0                   0
 4.750                   0                   0                   0
 4.800                   0                   0                   0
 4.850                   0                   0                   0
 4.900                   0                   0                   0
 4.950                   0                   0                   0
