 0.000             5511926             5362772             5256365
 0.050              377466              357089               89748
 0.100              323771              313208               21667
 0.150              308663              295494                6239
 0.200              309618              297088                3920
 0.250              316022              300089                3680
 0.300              330498              307122                4256
 0.350              345958              318070                4997
 0.400              363400              335650                5814
 0.450              384116              357296                6705
 0.500              407318              382497                7847
 0.550              435741              411864                9254
 0.600              467900              446573               10301
 0.650              505171              490070               11630
 0.700              546934              539809               12879
 0.750              593726              595192               13676
 0.800              640615              658570               14474
 0.850              684682              718439               15077
 0.900              729820              781494               16455
 0.950              781319              843681               18318
 1.000              903952              960624               77936
 1.050             3043168             3142914             4068774
 1.100             4160977             4364750             4826919
 1.150             4387118             4229433             4371939
 1.200             4063305             3825146             3470105
 1.250             2331291             2430061             2750303
 1.300              653480              806182             2229465
 1.350               67422              101869             1858626
 1.400                 706                2964             1555027
 1.450                   0                  58             1271867
 1.500                   0                   9              972824
 1.550                   0                   4              624767
 1.600                   0                   2              284565
 1.650                   0                   0               73727
 1.700                   0                   0                5927
 1.750                   0                   0                  10
 1.800                   0                   0                   0
 1.850                   0                   0                   0
 1.900                   0                   0                   0
 1.950                   0                   0                   0
 2.000                   0                   0                   0
 2.050                   0                   0                   0
 2.100                   0                   0                   0
 2.150                   0                   0                   0
 2.200                   0                   0                   0
 2.250                   0                   0                   0
 2.300                   0                   0                   0
 2.350                   0                   0                   0
 2.400                   0                   0                   0
 2.450                   0                   0                   0
 2.500                   0                   0                   0
 2.550                   0                   0                   0
 2.600                   0                   0                   0
 2.650                   0                   0                   0
 2.700                   0                   0                   0
 2.750                   0                   0                   0
 2.800                   0                   0                   0
 2.850                   0                   0                   0
 2.900                   0                   0                   0
 2.950                   0                   0                   0
 3.000                   0                   0                   0
 3.050                   0                   0                   0
 3.100                   0                   0                   0
 3.150                   0                   0                   0
 3.200                   0                   0                   0
 3.250                   0                   0                   0
 3.300                   0                   0                   0
 3.350                   0                   0                   0
 3.400                   0                   0                   0
 3.450                   0                   0                   0
 3.500                   0                   0                   0
 3.550                   0                   0                   0
 3.600                   0                   0                   0
 3.650                   0                   0                   0
 3.700                   0                   0                   0
 3.750                   0                   0                   0
 3.800                   0                   0                   0
 3.850                   0                   0                   0
 3.900                   0                   0                   0
 3.950                   0                   0                   0
 4.000                   0                   0                   0
 4.050                   0                   0                   0
 4.100                   0                   0                   0
 4.150                   0                   0                   0
 4.200                   0                   0                   0
 4.250                   0                   0                   0
 4.300                   0                   0                   0
 4.350                   0                   0                   0
 4.400                   0                   0                   0
 4.450                   0                   0                   0
 4.500                   0                   0                   0
 4.550                   0                   0                   0
 4.600                   0                   0                   0
 4.650                   0                   0                   0
 4.700                   0                   0                   0
 4.750                   0                   0                   0
 4.800                   0                   0                   0
 4.850                   0                   0                   0
 4.900                   0                   0                   0
 4.950                   0                   0                   0
