 0.000             5673684             5386870             5472444
 0.050              407895              306938              228458
 0.100              357094              314774              120493
 0.150              349090              326506               58239
 0.200              354715              342095               22709
 0.250              369093              357626                7565
 0.300              386519              371549                2936
 0.350              406554              388329                2182
 0.400              432933              412311                2330
 0.450              463350              440126                2685
 0.500              496249              475423                3157
 0.550              534802              516194                3751
 0.600              574974              562078                4142
 0.650              614068              610581                4868
 0.700              656162              662370                5377
 0.750              688425              713015                6036
 0.800              720940              764873                6547
 0.850              751716              814795                6979
 0.900              794259              868351                7293
 0.950              867198              936856                8076
 1.000             1534286             1606159             1793967
 1.050             3034122             3317164             5126549
 1.100             4748552             4717809             4911234
 1.150             5485965             4954413             3857506
 1.200             2933202             3035366             2842728
 1.250              575912              913571             2100352
 1.300               34882              123154             1661275
 1.350                   1                6684             1398380
 1.400                   0                 479             1188260
 1.450                   0                 120              991909
 1.500                   0                  43              797390
 1.550                   0                  13              610827
 1.600                   0                   5              436528
 1.650                   0                   2              279947
 1.700                   0                   0              156854
 1.750                   0                   0               75547
 1.800                   0                   0               31040
 1.850                   0                   0                8772
 1.900                   0                   0                1278
 1.950                   0                   0                  32
 2.000                   0                   0                   0
 2.050                   0                   0                   0
 2.100                   0                   0                   0
 2.150                   0                   0                   0
 2.200                   0                   0                   0
 2.250                   0                   0                   0
 2.300                   0                   0                   0
 2.350                   0                   0                   0
 2.400                   0                   0                   0
 2.450                   0                   0                   0
 2.500                   0                   0                   0
 2.550                   0                   0                   0
 2.600                   0                   0                   0
 2.650                   0                   0                   0
 2.700                   0                   0                   0
 2.750                   0                   0                   0
 2.800                   0                   0                   0
 2.850                   0                   0                   0
 2.900                   0                   0                   0
 2.950                   0                   0                   0
 3.000                   0                   0                   0
 3.050                   0                   0                   0
 3.100                   0                   0                   0
 3.150                   0                   0                   0
 3.200                   0                   0                   0
 3.250                   0                   0                   0
 3.300                   0                   0                   0
 3.350                   0                   0                   0
 3.400                   0                   0                   0
 3.450                   0                   0                   0
 3.500                   0                   0                   0
 3.550                   0                   0                   0
 3.600                   0                   0                   0
 3.650                   0                   0                   0
 3.700                   0                   0                   0
 3.750                   0                   0                   0
 3.800                   0                   0                   0
 3.850                   0                   0                   0
 3.900                   0                   0                   0
 3.950                   0                   0                   0
 4.000                   0                   0                   0
 4.050                   0                   0                   0
 4.100                   0                   0                   0
 4.150                   0                   0                   0
 4.200                   0                   0                   0
 4.250                   0                   0                   0
 4.300                   0                   0                   0
 4.350                   0                   0                   0
 4.400                   0                   0                   0
 4.450                   0                   0                   0
 4.500                   0                   0                   0
 4.550                   0                   0                   0
 4.600                   0                   0                   0
 4.650                   0                   0                   0
 4.700                   0                   0                   0
 4.750                   0                   0                   0
 4.800                   0                   0                   0
 4.850                   0                   0                   0
 4.900                   0                   0                   0
 4.950                   0                   0                   0
