 0.000             5346276             5210683             4828003
 0.050              362133              356798               15121
 0.100              296214              309951                6816
 0.150              274706              275313                5499
 0.200              269223              265673                5501
 0.250              271825              264280                6469
 0.300              277342              266650                7696
 0.350              287101              274916                8504
 0.400              298102              286027               10092
 0.450              310252              299222               11873
 0.500              325519              315361               14073
 0.550              344411              336031               15959
 0.600              364575              357990               17997
 0.650              389080              384934               19929
 0.700              418983              415899               21318
 0.750              455293              456538               22613
 0.800              498860              504479               23597
 0.850              555135              565343               25228
 0.900              623739              642265               26835
 0.950              713831              736038               32225
 1.000              829830              854526               43366
 1.050             1356594             1384105              850721
 1.100             3566942             3678008             4130794
 1.150             4663225             4747024             4384848
 1.200             5219517             4994112             4399555
 1.250             4269307             4212145             3973946
 1.300             1364722             1519184             3331773
 1.350               68893              106997             2798913
 1.400                  16                1020             2314166
 1.450                   0                 106             1679385
 1.500                   0                  22              863281
 1.550                   0                   5              125435
 1.600                   0                   1                 115
 1.650                   0                   0                   0
 1.700                   0                   0                   0
 1.750                   0                   0                   0
 1.800                   0                   0                   0
 1.850                   0                   0                   0
 1.900                   0                   0                   0
 1.950                   0                   0                   0
 2.000                   0                   0                   0
 2.050                   0                   0                   0
 2.100                   0                   0                   0
 2.150                   0                   0                   0
 2.200                   0                   0                   0
 2.250                   0                   0                   0
 2.300                   0                   0                   0
 2.350                   0                   0                   0
 2.400                   0                   0                   0
 2.450                   0                   0                   0
 2.500                   0                   0                   0
 2.550                   0                   0                   0
 2.600                   0                   0                   0
 2.650                   0                   0                   0
 2.700                   0                   0                   0
 2.750                   0                   0                   0
 2.800                   0                   0                   0
 2.850                   0                   0                   0
 2.900                   0                   0                   0
 2.950                   0                   0                   0
 3.000                   0                   0                   0
 3.050                   0                   0                   0
 3.100                   0                   0                   0
 3.150                   0                   0                   0
 3.200                   0                   0                   0
 3.250                   0                   0                   0
 3.300                   0                   0                   0
 3.350                   0                   0                   0
 3.400                   0                   0                   0
 3.450                   0                   0                   0
 3.500                   0                   0                   0
 3.550                   0                   0                   0
 3.600                   0                   0                   0
 3.650                   0                   0                   0
 3.700                   0                   0                   0
 3.750                   0                   0                   0
 3.800                   0                   0                   0
 3.850                   0                   0                   0
 3.900                   0                   0                   0
 3.950                   0                   0                   0
 4.000                   0                   0                   0
 4.050                   0                   0                   0
 4.100                   0                   0                   0
 4.150                   0                   0                   0
 4.200                   0                   0                   0
 4.250                   0                   0                   0
 4.300                   0                   0                   0
 4.350                   0                   0                   0
 4.400                   0                   0                   0
 4.450                   0                   0                   0
 4.500                   0                   0                   0
 4.550                   0                   0                   0
 4.600                   0                   0                   0
 4.650                   0                   0                   0
 4.700                   0                   0                   0
 4.750                   0                   0                   0
 4.800                   0                   0                   0
 4.850                   0                   0                   0
 4.900                   0                   0                   0
 4.950                   0                   0                   0
