 0.000             5781020             5306769             5650389
 0.050              442955              286117              270472
 0.100              397515              348686              160978
 0.150              397916              391333              103484
 0.200              409134              414142               64705
 0.250              426883              425501               37516
 0.300              448781              437544               20511
 0.350              476143              455734               10659
 0.400              506659              484570                5025
 0.450              539410              516680                2472
 0.500              574374              554179                1327
 0.550              609387              591447                1062
 0.600              639658              631718                1058
 0.650              668693              673866                1161
 0.700              693555              716110                1409
 0.750              703888              753649                1562
 0.800              715665              788311                1785
 0.850              729572              823435                1971
 0.900              754686              864513                2144
 0.950              831512              931458                2397
 1.000             1648718             1831240             3175507
 1.050             4140955             4484699             5880448
 1.100             6860678             6268998             4942216
 1.150             4852236             4472016             3558185
 1.200             1199525             1677345             2562034
 1.250              125598              378938             1911180
 1.300                5599               59936             1499764
 1.350                 115                8875             1226836
 1.400                   0                2091             1017261
 1.450                   0                 620              843985
 1.500                   0                 210              690969
 1.550                   0                  75              552109
 1.600                   0                  15              430032
 1.650                   0                   6              322907
 1.700                   0                   2              232366
 1.750                   0                   0              158498
 1.800                   0                   2              102854
 1.850                   0                   0               61800
 1.900                   0                   0               35182
 1.950                   0                   0               18695
 2.000                   0                   0                9360
 2.050                   0                   0                4237
 2.100                   0                   0                1586
 2.150                   0                   0                 556
 2.200                   0                   0                 140
 2.250                   0                   0                  30
 2.300                   0                   0                   6
 2.350                   0                   0                   0
 2.400                   0                   0                   0
 2.450                   0                   0                   0
 2.500                   0                   0                   0
 2.550                   0                   0                   0
 2.600                   0                   0                   0
 2.650                   0                   0                   0
 2.700                   0                   0                   0
 2.750                   0                   0                   0
 2.800                   0                   0                   0
 2.850                   0                   0                   0
 2.900                   0                   0                   0
 2.950                   0                   0                   0
 3.000                   0                   0                   0
 3.050                   0                   0                   0
 3.100                   0                   0                   0
 3.150                   0                   0                   0
 3.200                   0                   0                   0
 3.250                   0                   0                   0
 3.300                   0                   0                   0
 3.350                   0                   0                   0
 3.400                   0                   0                   0
 3.450                   0                   0                   0
 3.500                   0                   0                   0
 3.550                   0                   0                   0
 3.600                   0                   0                   0
 3.650                   0                   0                   0
 3.700                   0                   0                   0
 3.750                   0                   0                   0
 3.800                   0                   0                   0
 3.850                   0                   0                   0
 3.900                   0                   0                   0
 3.950                   0                   0                   0
 4.000                   0                   0                   0
 4.050                   0                   0                   0
 4.100                   0                   0                   0
 4.150                   0                   0                   0
 4.200                   0                   0                   0
 4.250                   0                   0                   0
 4.300                   0                   0                   0
 4.350                   0                   0                   0
 4.400                   0                   0                   0
 4.450                   0                   0                   0
 4.500                   0                   0                   0
 4.550                   0                   0                   0
 4.600                   0                   0                   0
 4.650                   0                   0                   0
 4.700                   0                   0                   0
 4.750                   0                   0                   0
 4.800                   0                   0                   0
 4.850                   0                   0                   0
 4.900                   0                   0                   0
 4.950                   0                   0                   0
