 0.000             5751104             5338417             5567057
 0.050              428586              295812              252404
 0.100              382000              339333              143402
 0.150              377882              373260               85925
 0.200              387305              392545               47612
 0.250              403105              400644               22802
 0.300              423591              413507                9352
 0.350              449449              425821                3854
 0.400              478687              452892                2063
 0.450              509161              484157                1564
 0.500              546639              524007                1621
 0.550              583989              562374                1925
 0.600              618729              605982                2136
 0.650              644309              644069                2530
 0.700              669252              687025                2896
 0.750              687807              725858                3311
 0.800              695763              764345                3607
 0.850              701873              791913                3856
 0.900              724142              822256                4187
 0.950              780890              872221                4544
 1.000             1489229             1623171             2706722
 1.050             3473702             3832353             5681525
 1.100             5916350             5548152             4834188
 1.150             5169479             4740121             3518352
 1.200             2159486             2379794             2530155
 1.250              275778              611120             1935515
 1.300                4603               73872             1547367
 1.350                   0                6187             1282954
 1.400                   0                1186             1086379
 1.450                   0                 343              908440
 1.500                   0                 108              746546
 1.550                   0                  29              587251
 1.600                   0                  10              439938
 1.650                   0                   4              309516
 1.700                   0                   0              202093
 1.750                   0                   2              123033
 1.800                   0                   0               68574
 1.850                   0                   0               34383
 1.900                   0                   0               15404
 1.950                   0                   0                5783
 2.000                   0                   0                1782
 2.050                   0                   0                 318
 2.100                   0                   0                  24
 2.150                   0                   0                   0
 2.200                   0                   0                   0
 2.250                   0                   0                   0
 2.300                   0                   0                   0
 2.350                   0                   0                   0
 2.400                   0                   0                   0
 2.450                   0                   0                   0
 2.500                   0                   0                   0
 2.550                   0                   0                   0
 2.600                   0                   0                   0
 2.650                   0                   0                   0
 2.700                   0                   0                   0
 2.750                   0                   0                   0
 2.800                   0                   0                   0
 2.850                   0                   0                   0
 2.900                   0                   0                   0
 2.950                   0                   0                   0
 3.000                   0                   0                   0
 3.050                   0                   0                   0
 3.100                   0                   0                   0
 3.150                   0                   0                   0
 3.200                   0                   0                   0
 3.250                   0                   0                   0
 3.300                   0                   0                   0
 3.350                   0                   0                   0
 3.400                   0                   0                   0
 3.450                   0                   0                   0
 3.500                   0                   0                   0
 3.550                   0                   0                   0
 3.600                   0                   0                   0
 3.650                   0                   0                   0
 3.700                   0                   0                   0
 3.750                   0                   0                   0
 3.800                   0                   0                   0
 3.850                   0                   0                   0
 3.900                   0                   0                   0
 3.950                   0                   0                   0
 4.000                   0                   0                   0
 4.050                   0                   0                   0
 4.100                   0                   0                   0
 4.150                   0                   0                   0
 4.200                   0                   0                   0
 4.250                   0                   0                   0
 4.300                   0                   0                   0
 4.350                   0                   0                   0
 4.400                   0                   0                   0
 4.450                   0                   0                   0
 4.500                   0                   0                   0
 4.550                   0                   0                   0
 4.600                   0                   0                   0
 4.650                   0                   0                   0
 4.700                   0                   0                   0
 4.750                   0                   0                   0
 4.800                   0                   0                   0
 4.850                   0                   0                   0
 4.900                   0                   0                   0
 4.950                   0                   0                   0
