 0.000             5792031             5350179             5595521
 0.050              432770              289773              259902
 0.100              388499              341793              153951
 0.150              382696              382417               91134
 0.200              392316              399938               51938
 0.250              408814              409844               27554
 0.300              429266              420352               12970
 0.350              454807              435257                5333
 0.400              484951              459418                2390
 0.450              515123              490925                1587
 0.500              552196              525810                1337
 0.550              585532              566714                1477
 0.600              615741              607220                1682
 0.650              644674              650264                1919
 0.700              665919              689379                2279
 0.750              674392              724055                2589
 0.800              680525              755824                2841
 0.850              692715              786442                3035
 0.900              723907              820742                3279
 0.950              790413              883531                3551
 1.000             1591340             1749208             3011382
 1.050             3831030             4139005             5732530
 1.100             6229122             5818653             5086587
 1.150             5040035             4617776             3435204
 1.200             1755570             2077203             2458253
 1.250              230384              521828             1857949
 1.300               11359               73027             1495396
 1.350                  55                7354             1245778
 1.400                   0                1513             1041615
 1.450                   0                 471              874038
 1.500                   0                 186              717045
 1.550                   0                  61              570323
 1.600                   0                  10              432988
 1.650                   0                   8              311926
 1.700                   0                   2              211253
 1.750                   0                   0              131839
 1.800                   0                   0               77619
 1.850                   0                   0               42515
 1.900                   0                   0               21348
 1.950                   0                   0                9264
 2.000                   0                   0                3620
 2.050                   0                   0                1141
 2.100                   0                   0                 258
 2.150                   0                   0                  41
 2.200                   0                   0                   1
 2.250                   0                   0                   0
 2.300                   0                   0                   0
 2.350                   0                   0                   0
 2.400                   0                   0                   0
 2.450                   0                   0                   0
 2.500                   0                   0                   0
 2.550                   0                   0                   0
 2.600                   0                   0                   0
 2.650                   0                   0                   0
 2.700                   0                   0                   0
 2.750                   0                   0                   0
 2.800                   0                   0                   0
 2.850                   0                   0                   0
 2.900                   0                   0                   0
 2.950                   0                   0                   0
 3.000                   0                   0                   0
 3.050                   0                   0                   0
 3.100                   0                   0                   0
 3.150                   0                   0                   0
 3.200                   0                   0                   0
 3.250                   0                   0                   0
 3.300                   0                   0                   0
 3.350                   0                   0                   0
 3.400                   0                   0                   0
 3.450                   0                   0                   0
 3.500                   0                   0                   0
 3.550                   0                   0                   0
 3.600                   0                   0                   0
 3.650                   0                   0                   0
 3.700                   0                   0                   0
 3.750                   0                   0                   0
 3.800                   0                   0                   0
 3.850                   0                   0                   0
 3.900                   0                   0                   0
 3.950                   0                   0                   0
 4.000                   0                   0                   0
 4.050                   0                   0                   0
 4.100                   0                   0                   0
 4.150                   0                   0                   0
 4.200                   0                   0                   0
 4.250                   0                   0                   0
 4.300                   0                   0                   0
 4.350                   0                   0                   0
 4.400                   0                   0                   0
 4.450                   0                   0                   0
 4.500                   0                   0                   0
 4.550                   0                   0                   0
 4.600                   0                   0                   0
 4.650                   0                   0                   0
 4.700                   0                   0                   0
 4.750                   0                   0                   0
 4.800                   0                   0                   0
 4.850                   0                   0                   0
 4.900                   0                   0                   0
 4.950                   0                   0                   0
