 0.000             5770140             5291437             5654686
 0.050              443917              284831              280108
 0.100              398510              348670              169596
 0.150              396889              392627              103468
 0.200              410456              414883               67448
 0.250              428041              424663               40243
 0.300              452111              438548               22530
 0.350              478247              457779               12215
 0.400              511074              485977                6182
 0.450              545536              518842                2923
 0.500              579397              558145                1532
 0.550              614253              598839                1042
 0.600              647006              642681                 932
 0.650              680837              684007                1061
 0.700              709464              728002                1195
 0.750              725412              770137                1389
 0.800              736292              810585                1550
 0.850              751243              845952                1745
 0.900              775920              885025                1899
 0.950              855897              957336                2078
 1.000             1780904             1983638             3329478
 1.050             4640955             4888226             5967835
 1.100             6568039             6038528             4938487
 1.150             4567068             4268038             3549105
 1.200             1215742             1634516             2539168
 1.250               77121              349636             1915061
 1.300                4110               51929             1489159
 1.350                   0                8002             1208808
 1.400                   0                2052             1000494
 1.450                   0                 692              828775
 1.500                   0                 235              679674
 1.550                   0                  84              544686
 1.600                   0                  28              426578
 1.650                   0                   7              322526
 1.700                   0                   1              233887
 1.750                   0                   3              162952
 1.800                   0                   0              107236
 1.850                   0                   0               66844
 1.900                   0                   0               38673
 1.950                   0                   0               21552
 2.000                   0                   0               11070
 2.050                   0                   0                5309
 2.100                   0                   0                2282
 2.150                   0                   0                 796
 2.200                   0                   0                 239
 2.250                   0                   0                  69
 2.300                   0                   0                  16
 2.350                   0                   0                   0
 2.400                   0                   0                   0
 2.450                   0                   0                   0
 2.500                   0                   0                   0
 2.550                   0                   0                   0
 2.600                   0                   0                   0
 2.650                   0                   0                   0
 2.700                   0                   0                   0
 2.750                   0                   0                   0
 2.800                   0                   0                   0
 2.850                   0                   0                   0
 2.900                   0                   0                   0
 2.950                   0                   0                   0
 3.000                   0                   0                   0
 3.050                   0                   0                   0
 3.100                   0                   0                   0
 3.150                   0                   0                   0
 3.200                   0                   0                   0
 3.250                   0                   0                   0
 3.300                   0                   0                   0
 3.350                   0                   0                   0
 3.400                   0                   0                   0
 3.450                   0                   0                   0
 3.500                   0                   0                   0
 3.550                   0                   0                   0
 3.600                   0                   0                   0
 3.650                   0                   0                   0
 3.700                   0                   0                   0
 3.750                   0                   0                   0
 3.800                   0                   0                   0
 3.850                   0                   0                   0
 3.900                   0                   0                   0
 3.950                   0                   0                   0
 4.000                   0                   0                   0
 4.050                   0                   0                   0
 4.100                   0                   0                   0
 4.150                   0                   0                   0
 4.200                   0                   0                   0
 4.250                   0                   0                   0
 4.300                   0                   0                   0
 4.350                   0                   0                   0
 4.400                   0                   0                   0
 4.450                   0                   0                   0
 4.500                   0                   0                   0
 4.550                   0                   0                   0
 4.600                   0                   0                   0
 4.650                   0                   0                   0
 4.700                   0                   0                   0
 4.750                   0                   0                   0
 4.800                   0                   0                   0
 4.850                   0                   0                   0
 4.900                   0                   0                   0
 4.950                   0                   0                   0
