 0.000             5617675             5377087             5428895
 0.050              400193              319036              209235
 0.100              348015              311201              102141
 0.150              336980              317253               41534
 0.200              342634              328219               13932
 0.250              355489              339704                4515
 0.300              371811              352486                2544
 0.350              392499              370049                2477
 0.400              414939              391880                2958
 0.450              443810              420257                3375
 0.500              474654              453661                4033
 0.550              511061              493095                4628
 0.600              548648              536149                5241
 0.650              592645              585490                6057
 0.700              639123              636955                6768
 0.750              684226              695231                7362
 0.800              721845              754389                7969
 0.850              758255              812797                8597
 0.900              803324              870051                8852
 0.950              870981              942602                9939
 1.000             1520112             1580737             1507527
 1.050             3068518             3314696             4914485
 1.100             4536256             4581729             5108682
 1.150             5349848             4880499             3959170
 1.200             3161953             3180526             2818768
 1.250              798547             1109197             2132173
 1.300               66882              167697             1751706
 1.350                3015               10739             1474123
 1.400                   0                 422             1235467
 1.450                   0                  69             1020732
 1.500                   0                  15              817397
 1.550                   0                  13              619595
 1.600                   0                   4              428933
 1.650                   0                   3              259567
 1.700                   0                   0              132410
 1.750                   0                   0               54969
 1.800                   0                   0               15298
 1.850                   0                   0                1844
 1.900                   0                   0                  40
 1.950                   0                   0                   0
 2.000                   0                   0                   0
 2.050                   0                   0                   0
 2.100                   0                   0                   0
 2.150                   0                   0                   0
 2.200                   0                   0                   0
 2.250                   0                   0                   0
 2.300                   0                   0                   0
 2.350                   0                   0                   0
 2.400                   0                   0                   0
 2.450                   0                   0                   0
 2.500                   0                   0                   0
 2.550                   0                   0                   0
 2.600                   0                   0                   0
 2.650                   0                   0                   0
 2.700                   0                   0                   0
 2.750                   0                   0                   0
 2.800                   0                   0                   0
 2.850                   0                   0                   0
 2.900                   0                   0                   0
 2.950                   0                   0                   0
 3.000                   0                   0                   0
 3.050                   0                   0                   0
 3.100                   0                   0                   0
 3.150                   0                   0                   0
 3.200                   0                   0                   0
 3.250                   0                   0                   0
 3.300                   0                   0                   0
 3.350                   0                   0                   0
 3.400                   0                   0                   0
 3.450                   0                   0                   0
 3.500                   0                   0                   0
 3.550                   0                   0                   0
 3.600                   0                   0                   0
 3.650                   0                   0                   0
 3.700                   0                   0                   0
 3.750                   0                   0                   0
 3.800                   0                   0                   0
 3.850                   0                   0                   0
 3.900                   0                   0                   0
 3.950                   0                   0                   0
 4.000                   0                   0                   0
 4.050                   0                   0                   0
 4.100                   0                   0                   0
 4.150                   0                   0                   0
 4.200                   0                   0                   0
 4.250                   0                   0                   0
 4.300                   0                   0                   0
 4.350                   0                   0                   0
 4.400                   0                   0                   0
 4.450                   0                   0                   0
 4.500                   0                   0                   0
 4.550                   0                   0                   0
 4.600                   0                   0                   0
 4.650                   0                   0                   0
 4.700                   0                   0                   0
 4.750                   0                   0                   0
 4.800                   0                   0                   0
 4.850                   0                   0                   0
 4.900                   0                   0                   0
 4.950                   0                   0                   0
