 0.000             9778229             9646483            10779297
 0.050              482978              444695              217457
 0.100              406968              414825              174955
 0.150              386863              395232              152665
 0.200              387194              387945              128872
 0.250              397926              391086              123209
 0.300              412474              398818               98558
 0.350              428846              411574               64138
 0.400              450376              430080               69701
 0.450              473061              452120               79308
 0.500              499861              479568               90035
 0.550              530238              511113               99848
 0.600              564028              547821              109444
 0.650              607723              591853              119874
 0.700              656424              643815              130424
 0.750              713935              707311              139492
 0.800              786194              782682              150799
 0.850              876197              876125              163347
 0.900              988811              998120              178760
 0.950             1130819             1155667              196333
 1.000             1331854             1370060              210729
 1.050             3393638             3449227             3290107
 1.100             8164550             8429117            10701275
 1.150            10857635            11026036            10009348
 1.200            15431159            14850745             9877059
 1.250            17514855            16831305             9236527
 1.300            10313483            10822882             8493557
 1.350             1529248             2003188             7848123
 1.400               15837               57964             6919050
 1.450                   0                3126             5720142
 1.500                   0                 580             3454092
 1.550                   0                 165              484253
 1.600                   0                  63                 617
 1.650                   0                  11                   8
 1.700                   0                   2                   1
 1.750                   0                   0                   0
 1.800                   0                   0                   0
 1.850                   0                   0                   0
 1.900                   0                   0                   0
 1.950                   0                   0                   0
 2.000                   0                   0                   0
 2.050                   0                   0                   0
 2.100                   0                   0                   0
 2.150                   0                   0                   0
 2.200                   0                   0                   0
 2.250                   0                   0                   0
 2.300                   0                   0                   0
 2.350                   0                   0                   0
 2.400                   0                   0                   0
 2.450                   0                   0                   0
 2.500                   0                   0                   0
 2.550                   0                   0                   0
 2.600                   0                   0                   0
 2.650                   0                   0                   0
 2.700                   0                   0                   0
 2.750                   0                   0                   0
 2.800                   0                   0                   0
 2.850                   0                   0                   0
 2.900                   0                   0                   0
 2.950                   0                   0                   0
 3.000                   0                   0                   0
 3.050                   0                   0                   0
 3.100                   0                   0                   0
 3.150                   0                   0                   0
 3.200                   0                   0                   0
 3.250                   0                   0                   0
 3.300                   0                   0                   0
 3.350                   0                   0                   0
 3.400                   0                   0                   0
 3.450                   0                   0                   0
 3.500                   0                   0                   0
 3.550                   0                   0                   0
 3.600                   0                   0                   0
 3.650                   0                   0                   0
 3.700                   0                   0                   0
 3.750                   0                   0                   0
 3.800                   0                   0                   0
 3.850                   0                   0                   0
 3.900                   0                   0                   0
 3.950                   0                   0                   0
 4.000                   0                   0                   0
 4.050                   0                   0                   0
 4.100                   0                   0                   0
 4.150                   0                   0                   0
 4.200                   0                   0                   0
 4.250                   0                   0                   0
 4.300                   0                   0                   0
 4.350                   0                   0                   0
 4.400                   0                   0                   0
 4.450                   0                   0                   0
 4.500                   0                   0                   0
 4.550                   0                   0                   0
 4.600                   0                   0                   0
 4.650                   0                   0                   0
 4.700                   0                   0                   0
 4.750                   0                   0                   0
 4.800                   0                   0                   0
 4.850                   0                   0                   0
 4.900                   0                   0                   0
 4.950                   0                   0                   0
