 0.000             9521151             9315200            10998200
 0.050              507597              447186              428829
 0.100              442548              435249              225310
 0.150              433131              429713              150251
 0.200              439861              431125              122447
 0.250              456437              438040              105963
 0.300              477324              451688               94298
 0.350              501427              473693               81897
 0.400              532651              504132               65787
 0.450              565598              539556               61353
 0.500              606573              578912               66304
 0.550              654009              629473               73353
 0.600              708885              685551               80898
 0.650              770752              751615               88160
 0.700              847005              829949               94425
 0.750              935961              926832              102077
 0.800             1039986             1041309              109144
 0.850             1176463             1185997              117357
 0.900             1344408             1362478              126438
 0.950             1563064             1585137              137749
 1.000             1922608             1956666              286203
 1.050             7565883             7745751            10779621
 1.100             9470416             9914538            11240362
 1.150            12757375            12657355            10882323
 1.200            15998191            14999107             9516095
 1.250            13062972            12837505             7703667
 1.300             4639574             5468097             6231243
 1.350              599301              887254             5108480
 1.400               14469               44212             4371702
 1.450                   0                1838             3754106
 1.500                   0                 344             3017013
 1.550                   0                  78             2106188
 1.600                   0                  29             1009820
 1.650                   0                   6              211795
 1.700                   0                   4                6754
 1.750                   0                   1                   8
 1.800                   0                   0                   0
 1.850                   0                   0                   0
 1.900                   0                   0                   0
 1.950                   0                   0                   0
 2.000                   0                   0                   0
 2.050                   0                   0                   0
 2.100                   0                   0                   0
 2.150                   0                   0                   0
 2.200                   0                   0                   0
 2.250                   0                   0                   0
 2.300                   0                   0                   0
 2.350                   0                   0                   0
 2.400                   0                   0                   0
 2.450                   0                   0                   0
 2.500                   0                   0                   0
 2.550                   0                   0                   0
 2.600                   0                   0                   0
 2.650                   0                   0                   0
 2.700                   0                   0                   0
 2.750                   0                   0                   0
 2.800                   0                   0                   0
 2.850                   0                   0                   0
 2.900                   0                   0                   0
 2.950                   0                   0                   0
 3.000                   0                   0                   0
 3.050                   0                   0                   0
 3.100                   0                   0                   0
 3.150                   0                   0                   0
 3.200                   0                   0                   0
 3.250                   0                   0                   0
 3.300                   0                   0                   0
 3.350                   0                   0                   0
 3.400                   0                   0                   0
 3.450                   0                   0                   0
 3.500                   0                   0                   0
 3.550                   0                   0                   0
 3.600                   0                   0                   0
 3.650                   0                   0                   0
 3.700                   0                   0                   0
 3.750                   0                   0                   0
 3.800                   0                   0                   0
 3.850                   0                   0                   0
 3.900                   0                   0                   0
 3.950                   0                   0                   0
 4.000                   0                   0                   0
 4.050                   0                   0                   0
 4.100                   0                   0                   0
 4.150                   0                   0                   0
 4.200                   0                   0                   0
 4.250                   0                   0                   0
 4.300                   0                   0                   0
 4.350                   0                   0                   0
 4.400                   0                   0                   0
 4.450                   0                   0                   0
 4.500                   0                   0                   0
 4.550                   0                   0                   0
 4.600                   0                   0                   0
 4.650                   0                   0                   0
 4.700                   0                   0                   0
 4.750                   0                   0                   0
 4.800                   0                   0                   0
 4.850                   0                   0                   0
 4.900                   0                   0                   0
 4.950                   0                   0                   0
