 0.000             9160222             8726711            10944801
 0.050              575773              432332              732773
 0.100              510265              474182              483747
 0.150              502063              501250              281469
 0.200              514131              516275              173176
 0.250              535312              527636              117688
 0.300              564021              546004               88948
 0.350              600517              576496               78589
 0.400              645447              619367               71116
 0.450              697885              668316               65838
 0.500              758356              728816               62325
 0.550              830781              801601               62440
 0.600              910926              887854               65729
 0.650             1007451              985342               70563
 0.700             1112158             1101884               76488
 0.750             1240458             1232382               83520
 0.800             1400764             1385599               90516
 0.850             1571074             1581309               99385
 0.900             1788915             1811393              110668
 0.950             2096486             2119183              124478
 1.000             4635404             4752487             6311489
 1.050             8912635             9445308            12607926
 1.100            12211904            12390440            11799734
 1.150            17083098            15636733             9880076
 1.200            13778142            13124604             7493157
 1.250             5503808             6558571             5993496
 1.300              894256             1720597             4760560
 1.350               54846              223303             3899893
 1.400                 343               17640             3251648
 1.450                   0                2726             2763322
 1.500                   0                 768             2304174
 1.550                   0                 237             1846433
 1.600                   0                  56             1409447
 1.650                   0                  29              964008
 1.700                   0                   7              562414
 1.750                   0                   2              263397
 1.800                   0                   0               86109
 1.850                   0                   0               15009
 1.900                   0                   0                 890
 1.950                   0                   0                   2
 2.000                   0                   0                   0
 2.050                   0                   0                   0
 2.100                   0                   0                   0
 2.150                   0                   0                   0
 2.200                   0                   1                   0
 2.250                   0                   0                   0
 2.300                   0                   0                   0
 2.350                   0                   0                   0
 2.400                   0                   0                   0
 2.450                   0                   0                   0
 2.500                   0                   0                   0
 2.550                   0                   0                   0
 2.600                   0                   0                   0
 2.650                   0                   0                   0
 2.700                   0                   0                   0
 2.750                   0                   0                   0
 2.800                   0                   0                   0
 2.850                   0                   0                   0
 2.900                   0                   0                   0
 2.950                   0                   0                   0
 3.000                   0                   0                   0
 3.050                   0                   0                   0
 3.100                   0                   0                   0
 3.150                   0                   0                   0
 3.200                   0                   0                   0
 3.250                   0                   0                   0
 3.300                   0                   0                   0
 3.350                   0                   0                   0
 3.400                   0                   0                   0
 3.450                   0                   0                   0
 3.500                   0                   0                   0
 3.550                   0                   0                   0
 3.600                   0                   0                   0
 3.650                   0                   0                   0
 3.700                   0                   0                   0
 3.750                   0                   0                   0
 3.800                   0                   0                   0
 3.850                   0                   0                   0
 3.900                   0                   0                   0
 3.950                   0                   0                   0
 4.000                   0                   0                   0
 4.050                   0                   0                   0
 4.100                   0                   0                   0
 4.150                   0                   0                   0
 4.200                   0                   0                   0
 4.250                   0                   0                   0
 4.300                   0                   0                   0
 4.350                   0                   0                   0
 4.400                   0                   0                   0
 4.450                   0                   0                   0
 4.500                   0                   0                   0
 4.550                   0                   0                   0
 4.600                   0                   0                   0
 4.650                   0                   0                   0
 4.700                   0                   0                   0
 4.750                   0                   0                   0
 4.800                   0                   0                   0
 4.850                   0                   0                   0
 4.900                   0                   0                   0
 4.950                   0                   0                   0
