 0.000             9144932             8642597            10980414
 0.050              599821              437895              757504
 0.100              535080              499096              513025
 0.150              529644              530200              344162
 0.200              543966              545523              206811
 0.250              571600              561393              135816
 0.300              601409              583748               97269
 0.350              639911              615382               79660
 0.400              693579              659752               72910
 0.450              747469              717876               67963
 0.500              812675              786836               65766
 0.550              889256              861855               65371
 0.600              980702              950350               68004
 0.650             1084319             1053368               72354
 0.700             1196697             1170828               78304
 0.750             1324618             1313898               85414
 0.800             1483257             1477398               93699
 0.850             1680586             1672592              103962
 0.900             1893603             1914391              116189
 0.950             2194924             2230289              132679
 1.000             4754890             4939811             7591408
 1.050             9105786             9825353            13446833
 1.100            14448629            14371955            11792591
 1.150            17523653            15652523             9429239
 1.200            11445537            11494939             7188511
 1.250             4379338             5332713             5408452
 1.300              561792             1345958             4462208
 1.350               33200              188205             3737691
 1.400                   1               18722             3125161
 1.450                   0                3585             2604179
 1.500                   0                1164             2172239
 1.550                   0                 398             1756320
 1.600                   0                 184             1348255
 1.650                   0                  44              972623
 1.700                   0                  33              630815
 1.750                   0                  11              357227
 1.800                   0                   7              166802
 1.850                   0                   2               59060
 1.900                   0                   0               12722
 1.950                   0                   0                1242
 2.000                   0                   0                  20
 2.050                   0                   0                   0
 2.100                   0                   0                   0
 2.150                   0                   0                   0
 2.200                   0                   0                   0
 2.250                   0                   0                   0
 2.300                   0                   0                   0
 2.350                   0                   0                   0
 2.400                   0                   0                   0
 2.450                   0                   0                   0
 2.500                   0                   0                   0
 2.550                   0                   0                   0
 2.600                   0                   0                   0
 2.650                   0                   0                   0
 2.700                   0                   0                   0
 2.750                   0                   0                   0
 2.800                   0                   0                   0
 2.850                   0                   0                   0
 2.900                   0                   0                   0
 2.950                   0                   0                   0
 3.000                   0                   0                   0
 3.050                   0                   0                   0
 3.100                   0                   0                   0
 3.150                   0                   0                   0
 3.200                   0                   0                   0
 3.250                   0                   0                   0
 3.300                   0                   0                   0
 3.350                   0                   0                   0
 3.400                   0                   0                   0
 3.450                   0                   0                   0
 3.500                   0                   0                   0
 3.550                   0                   0                   0
 3.600                   0                   0                   0
 3.650                   0                   0                   0
 3.700                   0                   0                   0
 3.750                   0                   0                   0
 3.800                   0                   0                   0
 3.850                   0                   0                   0
 3.900                   0                   0                   0
 3.950                   0                   0                   0
 4.000                   0                   0                   0
 4.050                   0                   0                   0
 4.100                   0                   0                   0
 4.150                   0                   0                   0
 4.200                   0                   0                   0
 4.250                   0                   0                   0
 4.300                   0                   0                   0
 4.350                   0                   0                   0
 4.400                   0                   0                   0
 4.450                   0                   0                   0
 4.500                   0                   0                   0
 4.550                   0                   0                   0
 4.600                   0                   0                   0
 4.650                   0                   0                   0
 4.700                   0                   0                   0
 4.750                   0                   0                   0
 4.800                   0                   0                   0
 4.850                   0                   0                   0
 4.900                   0                   0                   0
 4.950                   0                   0                   0
