 0.000             9731669             9590221            10857554
 0.050              486920              446815              260168
 0.100              414852              421487              172245
 0.150              399209              404312              149598
 0.200              402680              398027              126400
 0.250              412973              402699              113285
 0.300              428705              412194              103879
 0.350              448131              427045               72215
 0.400              470898              448868               63797
 0.450              495086              473163               71472
 0.500              524540              499235               81261
 0.550              556174              532582               90537
 0.600              593970              572779               98800
 0.650              639723              618732              107688
 0.700              690474              677953              117010
 0.750              754959              745885              125406
 0.800              832373              832977              135237
 0.850              929476              938055              145450
 0.900             1056364             1073541              158045
 0.950             1221760             1252945              173104
 1.000             1462037             1493369              188047
 1.050             4696141             4753509             5453124
 1.100             8895325             9205124            11061920
 1.150            11391841            11505819            10251470
 1.200            15131946            14471168             9712989
 1.250            16150088            15597465             8844423
 1.300             8752108             9291872             7716868
 1.350             1517588             1945804             6836732
 1.400               37774               88446             6004354
 1.450                   5                2945             5022202
 1.500                   0                 553             3647047
 1.550                   0                 142             1475468
 1.600                   0                  41               87950
 1.650                   0                  13                  41
 1.700                   0                   4                   3
 1.750                   0                   0                   0
 1.800                   0                   0                   0
 1.850                   0                   0                   0
 1.900                   0                   0                   0
 1.950                   0                   0                   0
 2.000                   0                   0                   0
 2.050                   0                   0                   0
 2.100                   0                   0                   0
 2.150                   0                   0                   0
 2.200                   0                   0                   0
 2.250                   0                   0                   0
 2.300                   0                   0                   0
 2.350                   0                   0                   0
 2.400                   0                   0                   0
 2.450                   0                   0                   0
 2.500                   0                   0                   0
 2.550                   0                   0                   0
 2.600                   0                   0                   0
 2.650                   0                   0                   0
 2.700                   0                   0                   0
 2.750                   0                   0                   0
 2.800                   0                   0                   0
 2.850                   0                   0                   0
 2.900                   0                   0                   0
 2.950                   0                   0                   0
 3.000                   0                   0                   0
 3.050                   0                   0                   0
 3.100                   0                   0                   0
 3.150                   0                   0                   0
 3.200                   0                   0                   0
 3.250                   0                   0                   0
 3.300                   0                   0                   0
 3.350                   0                   0                   0
 3.400                   0                   0                   0
 3.450                   0                   0                   0
 3.500                   0                   0                   0
 3.550                   0                   0                   0
 3.600                   0                   0                   0
 3.650                   0                   0                   0
 3.700                   0                   0                   0
 3.750                   0                   0                   0
 3.800                   0                   0                   0
 3.850                   0                   0                   0
 3.900                   0                   0                   0
 3.950                   0                   0                   0
 4.000                   0                   0                   0
 4.050                   0                   0                   0
 4.100                   0                   0                   0
 4.150                   0                   0                   0
 4.200                   0                   0                   0
 4.250                   0                   0                   0
 4.300                   0                   0                   0
 4.350                   0                   0                   0
 4.400                   0                   0                   0
 4.450                   0                   0                   0
 4.500                   0                   0                   0
 4.550                   0                   0                   0
 4.600                   0                   0                   0
 4.650                   0                   0                   0
 4.700                   0                   0                   0
 4.750                   0                   0                   0
 4.800                   0                   0                   0
 4.850                   0                   0                   0
 4.900                   0                   0                   0
 4.950                   0                   0                   0
