 0.000             9138157             8667735            10943113
 0.050              587321              434650              752713
 0.100              526369              491875              501832
 0.150              523763              524151              315586
 0.200              538139              538467              188757
 0.250              561881              552214              126505
 0.300              593251              571845               93272
 0.350              631623              601933               78626
 0.400              674787              645408               72013
 0.450              723597              699472               66884
 0.500              782427              756919               64125
 0.550              852416              828841               63832
 0.600              935102              909710               66572
 0.650             1031695             1008896               71294
 0.700             1134840             1123645               77205
 0.750             1266281             1260648               84202
 0.800             1442098             1417381               92295
 0.850             1610556             1614103              101820
 0.900             1819754             1844935              112994
 0.950             2083556             2140026              128399
 1.000             4486530             4634724             6714106
 1.050             8923943             9603679            13180192
 1.100            13690067            13636149            11784334
 1.150            16966917            15449801             9672492
 1.200            12963985            12514991             7290701
 1.250             4968881             5997201             5721971
 1.300              763020             1561100             4660227
 1.350               35622              204205             3839182
 1.400                   2               17196             3184656
 1.450                   0                3202             2688183
 1.500                   0                 989             2245910
 1.550                   0                 326             1806950
 1.600                   0                  99             1384778
 1.650                   0                  42              980586
 1.700                   0                  17              609771
 1.750                   0                   2              319501
 1.800                   0                   3              130753
 1.850                   0                   0               35424
 1.900                   0                   0                4639
 1.950                   0                   0                 184
 2.000                   0                   0                   1
 2.050                   0                   0                   0
 2.100                   0                   0                   0
 2.150                   0                   0                   0
 2.200                   0                   0                   0
 2.250                   0                   0                   0
 2.300                   0                   0                   0
 2.350                   0                   0                   0
 2.400                   0                   0                   0
 2.450                   0                   0                   0
 2.500                   0                   0                   0
 2.550                   0                   0                   0
 2.600                   0                   0                   0
 2.650                   0                   0                   0
 2.700                   0                   0                   0
 2.750                   0                   0                   0
 2.800                   0                   0                   0
 2.850                   0                   0                   0
 2.900                   0                   0                   0
 2.950                   0                   0                   0
 3.000                   0                   0                   0
 3.050                   0                   0                   0
 3.100                   0                   0                   0
 3.150                   0                   0                   0
 3.200                   0                   0                   0
 3.250                   0                   0                   0
 3.300                   0                   0                   0
 3.350                   0                   0                   0
 3.400                   0                   0                   0
 3.450                   0                   0                   0
 3.500                   0                   0                   0
 3.550                   0                   0                   0
 3.600                   0                   0                   0
 3.650                   0                   0                   0
 3.700                   0                   0                   0
 3.750                   0                   0                   0
 3.800                   0                   0                   0
 3.850                   0                   0                   0
 3.900                   0                   0                   0
 3.950                   0                   0                   0
 4.000                   0                   0                   0
 4.050                   0                   0                   0
 4.100                   0                   0                   0
 4.150                   0                   0                   0
 4.200                   0                   0                   0
 4.250                   0                   0                   0
 4.300                   0                   0                   0
 4.350                   0                   0                   0
 4.400                   0                   0                   0
 4.450                   0                   0                   0
 4.500                   0                   0                   0
 4.550                   0                   0                   0
 4.600                   0                   0                   0
 4.650                   0                   0                   0
 4.700                   0                   0                   0
 4.750                   0                   0                   0
 4.800                   0                   0                   0
 4.850                   0                   0                   0
 4.900                   0                   0                   0
 4.950                   0                   0                   0
