 0.000             8526711             8614470             9872386
 0.050              445026              349627               68701
 0.100              368675              313127               87429
 0.150              344430              312195              112658
 0.200              337748              321260              138198
 0.250              341687              331746              153424
 0.300              353075              345877              168940
 0.350              367616              361493              194652
 0.400              389989              384518              232136
 0.450              414125              412766              241595
 0.500              443991              446294              251281
 0.550              480409              484772              264072
 0.600              521704              531319              295899
 0.650              576409              590477              363333
 0.700              642953              659550              369002
 0.750              726922              746281              378908
 0.800              841733              852486              436062
 0.850             1000979             1001206              532106
 0.900             1227758             1211802              537717
 0.950             1570218             1517325              667365
 1.000             2115745             2008091              801445
 1.050             4701966             4545735             3612193
 1.100            26592507            26347769            22840663
 1.150            34021839            34101322            26743876
 1.200             2005489             2566910            19994793
 1.250                  27                1164                 802
 1.300                   0                 128                  73
 1.350                   0                  19                  17
 1.400                   0                   2                   4
 1.450                   0                   0                   0
 1.500                   0                   0                   0
 1.550                   0                   0                   1
 1.600                   0                   0                   0
 1.650                   0                   0                   0
 1.700                   0                   0                   0
 1.750                   0                   0                   0
 1.800                   0                   0                   0
 1.850                   0                   0                   0
 1.900                   0                   0                   0
 1.950                   0                   0                   0
 2.000                   0                   0                   0
 2.050                   0                   0                   0
 2.100                   0                   0                   0
 2.150                   0                   0                   0
 2.200                   0                   0                   0
 2.250                   0                   0                   0
 2.300                   0                   0                   0
 2.350                   0                   0                   0
 2.400                   0                   0                   0
 2.450                   0                   0                   0
 2.500                   0                   0                   0
 2.550                   0                   0                   0
 2.600                   0                   0                   0
 2.650                   0                   0                   0
 2.700                   0                   0                   0
 2.750                   0                   0                   0
 2.800                   0                   0                   0
 2.850                   0                   0                   0
 2.900                   0                   0                   0
 2.950                   0                   0                   0
 3.000                   0                   0                   0
 3.050                   0                   0                   0
 3.100                   0                   0                   0
 3.150                   0                   0                   0
 3.200                   0                   0                   0
 3.250                   0                   0                   0
 3.300                   0                   0                   0
 3.350                   0                   0                   0
 3.400                   0                   0                   0
 3.450                   0                   0                   0
 3.500                   0                   0                   0
 3.550                   0                   0                   0
 3.600                   0                   0                   0
 3.650                   0                   0                   0
 3.700                   0                   0                   0
 3.750                   0                   0                   0
 3.800                   0                   0                   0
 3.850                   0                   0                   0
 3.900                   0                   0                   0
 3.950                   0                   0                   0
 4.000                   0                   0                   0
 4.050                   0                   0                   0
 4.100                   0                   0                   0
 4.150                   0                   0                   0
 4.200                   0                   0                   0
 4.250                   0                   0                   0
 4.300                   0                   0                   0
 4.350                   0                   0                   0
 4.400                   0                   0                   0
 4.450                   0                   0                   0
 4.500                   0                   0                   0
 4.550                   0                   0                   0
 4.600                   0                   0                   0
 4.650                   0                   0                   0
 4.700                   0                   0                   0
 4.750                   0                   0                   0
 4.800                   0                   0                   0
 4.850                   0                   0                   0
 4.900                   0                   0                   0
 4.950                   0                   0                   0
