 0.000             9367776             9118916            11005691
 0.050              520529              441537              526781
 0.100              457491              443665              279176
 0.150              447941              442998              164003
 0.200              457884              447039              121416
 0.250              475027              456298              102413
 0.300              499584              471326               90700
 0.350              526777              493675               79536
 0.400              559396              526698               67509
 0.450              599253              567635               60215
 0.500              641576              614842               61833
 0.550              696554              672296               66941
 0.600              759126              737214               73353
 0.650              831195              816005               80125
 0.700              919046              908383               86072
 0.750             1023063             1021462               92586
 0.800             1149477             1150936               99775
 0.850             1301856             1306148              107257
 0.900             1489225             1499121              116182
 0.950             1739636             1760434              126471
 1.000             2809839             2840402             1439758
 1.050             7838467             8119800            12029862
 1.100            10081171            10530202            11491077
 1.150            14036450            13605067            10733704
 1.200            15844059            14796191             9144867
 1.250            11035293            11166537             7161368
 1.300             3202840             4087118             5689246
 1.350              325525              569548             4644922
 1.400                7880               30576             3892963
 1.450                   0                1479             3354637
 1.500                   0                 283             2763034
 1.550                   0                  73             2063378
 1.600                   0                  19             1241465
 1.650                   0                  10              489228
 1.700                   0                   3               93083
 1.750                   0                   0                3304
 1.800                   0                   0                   5
 1.850                   0                   0                   0
 1.900                   0                   0                   0
 1.950                   0                   0                   0
 2.000                   0                   0                   0
 2.050                   0                   0                   0
 2.100                   0                   0                   0
 2.150                   0                   0                   0
 2.200                   0                   0                   0
 2.250                   0                   0                   0
 2.300                   0                   0                   0
 2.350                   0                   0                   0
 2.400                   0                   0                   0
 2.450                   0                   0                   0
 2.500                   0                   0                   0
 2.550                   0                   0                   0
 2.600                   0                   0                   0
 2.650                   0                   0                   0
 2.700                   0                   0                   0
 2.750                   0                   0                   0
 2.800                   0                   0                   0
 2.850                   0                   0                   0
 2.900                   0                   0                   0
 2.950                   0                   0                   0
 3.000                   0                   0                   0
 3.050                   0                   0                   0
 3.100                   0                   0                   0
 3.150                   0                   0                   0
 3.200                   0                   0                   0
 3.250                   0                   0                   0
 3.300                   0                   0                   0
 3.350                   0                   0                   0
 3.400                   0                   0                   0
 3.450                   0                   0                   0
 3.500                   0                   0                   0
 3.550                   0                   0                   0
 3.600                   0                   0                   0
 3.650                   0                   0                   0
 3.700                   0                   0                   0
 3.750                   0                   0                   0
 3.800                   0                   0                   0
 3.850                   0                   0                   0
 3.900                   0                   0                   0
 3.950                   0                   0                   0
 4.000                   0                   0                   0
 4.050                   0                   0                   0
 4.100                   0                   0                   0
 4.150                   0                   0                   0
 4.200                   0                   0                   0
 4.250                   0                   0                   0
 4.300                   0                   0                   0
 4.350                   0                   0                   0
 4.400                   0                   0                   0
 4.450                   0                   0                   0
 4.500                   0                   0                   0
 4.550                   0                   0                   0
 4.600                   0                   0                   0
 4.650                   0                   0                   0
 4.700                   0                   0                   0
 4.750                   0                   0                   0
 4.800                   0                   0                   0
 4.850                   0                   0                   0
 4.900                   0                   0                   0
 4.950                   0                   0                   0
