 0.000             9677164             9513996            10922049
 0.050              492663              449629              316130
 0.100              425331              426042              184138
 0.150              411508              412715              146603
 0.200              416357              412501              125549
 0.250              428768              417535              109923
 0.300              447077              425604              100343
 0.350              467513              441771               79562
 0.400              490928              465238               62249
 0.450              517895              493305               66383
 0.500              551836              524835               74464
 0.550              587257              565506               83206
 0.600              632387              611884               90706
 0.650              682606              662371               98595
 0.700              741008              725876              107286
 0.750              809178              801090              115456
 0.800              893299              894695              124005
 0.850              997837             1009841              132513
 0.900             1140664             1157785              143059
 0.950             1330362             1356824              156770
 1.000             1589275             1623441              171706
 1.050             5912929             6003716             7592564
 1.100             9162024             9533969            11229744
 1.150            12047781            12108367            10492339
 1.200            15401926            14565988             9632079
 1.250            14824596            14447782             8427178
 1.300             7196119             7791550             7094640
 1.350             1224297             1607680             6046755
 1.400               33667               79417             5298672
 1.450                   8                2713             4459813
 1.500                   0                 424             3450870
 1.550                   0                 120             1960849
 1.600                   0                  36              429306
 1.650                   0                  13                8749
 1.700                   0                   1                   7
 1.750                   0                   0                   0
 1.800                   0                   0                   0
 1.850                   0                   0                   0
 1.900                   0                   0                   0
 1.950                   0                   0                   0
 2.000                   0                   0                   0
 2.050                   0                   0                   0
 2.100                   0                   0                   0
 2.150                   0                   0                   0
 2.200                   0                   0                   0
 2.250                   0                   0                   0
 2.300                   0                   0                   0
 2.350                   0                   0                   0
 2.400                   0                   0                   0
 2.450                   0                   0                   0
 2.500                   0                   0                   0
 2.550                   0                   0                   0
 2.600                   0                   0                   0
 2.650                   0                   0                   0
 2.700                   0                   0                   0
 2.750                   0                   0                   0
 2.800                   0                   0                   0
 2.850                   0                   0                   0
 2.900                   0                   0                   0
 2.950                   0                   0                   0
 3.000                   0                   0                   0
 3.050                   0                   0                   0
 3.100                   0                   0                   0
 3.150                   0                   0                   0
 3.200                   0                   0                   0
 3.250                   0                   0                   0
 3.300                   0                   0                   0
 3.350                   0                   0                   0
 3.400                   0                   0                   0
 3.450                   0                   0                   0
 3.500                   0                   0                   0
 3.550                   0                   0                   0
 3.600                   0                   0                   0
 3.650                   0                   0                   0
 3.700                   0                   0                   0
 3.750                   0                   0                   0
 3.800                   0                   0                   0
 3.850                   0                   0                   0
 3.900                   0                   0                   0
 3.950                   0                   0                   0
 4.000                   0                   0                   0
 4.050                   0                   0                   0
 4.100                   0                   0                   0
 4.150                   0                   0                   0
 4.200                   0                   0                   0
 4.250                   0                   0                   0
 4.300                   0                   0                   0
 4.350                   0                   0                   0
 4.400                   0                   0                   0
 4.450                   0                   0                   0
 4.500                   0                   0                   0
 4.550                   0                   0                   0
 4.600                   0                   0                   0
 4.650                   0                   0                   0
 4.700                   0                   0                   0
 4.750                   0                   0                   0
 4.800                   0                   0                   0
 4.850                   0                   0                   0
 4.900                   0                   0                   0
 4.950                   0                   0                   0
