 0.000             9164376             8753080            10944486
 0.050              568994              431561              727630
 0.100              502486              470214              462352
 0.150              494861              491961              267040
 0.200              505651              505060              165085
 0.250              526162              518814              112990
 0.300              555020              535864               87303
 0.350              589857              565196               77940
 0.400              637550              604561               70839
 0.450              686238              652577               64988
 0.500              745640              714431               61665
 0.550              814196              790088               61712
 0.600              892967              873637               65332
 0.650              981814              967137               70503
 0.700             1088842             1079150               76290
 0.750             1213581             1210457               83187
 0.800             1372598             1363967               90175
 0.850             1556386             1555053               98625
 0.900             1786271             1796613              109670
 0.950             2090748             2113123              122434
 1.000             4670650             4765023             5733001
 1.050             8311579             8830127            12581484
 1.100            12237766            12451820            11803823
 1.150            16961374            15608795             9948726
 1.200            14119948            13383036             7714570
 1.250             5840219             6879546             6113015
 1.300             1045677             1854718             4827450
 1.350               67757              242909             3943213
 1.400                 431               17777             3313895
 1.450                   0                2443             2814472
 1.500                   0                 643             2336231
 1.550                   0                 188             1878930
 1.600                   0                  43             1420134
 1.650                   0                  19              949065
 1.700                   0                   7              531192
 1.750                   0                   1              228184
 1.800                   0                   0               63457
 1.850                   0                   0                8301
 1.900                   0                   0                 249
 1.950                   0                   0                   1
 2.000                   0                   0                   0
 2.050                   0                   0                   0
 2.100                   0                   0                   0
 2.150                   0                   0                   0
 2.200                   0                   0                   0
 2.250                   0                   0                   0
 2.300                   0                   0                   0
 2.350                   0                   0                   0
 2.400                   0                   0                   0
 2.450                   0                   0                   0
 2.500                   0                   0                   0
 2.550                   0                   0                   0
 2.600                   0                   0                   0
 2.650                   0                   0                   0
 2.700                   0                   0                   0
 2.750                   0                   0                   0
 2.800                   0                   0                   0
 2.850                   0                   0                   0
 2.900                   0                   0                   0
 2.950                   0                   0                   0
 3.000                   0                   0                   0
 3.050                   0                   0                   0
 3.100                   0                   0                   0
 3.150                   0                   0                   0
 3.200                   0                   0                   0
 3.250                   0                   0                   0
 3.300                   0                   0                   0
 3.350                   0                   0                   0
 3.400                   0                   0                   0
 3.450                   0                   0                   0
 3.500                   0                   0                   0
 3.550                   0                   0                   0
 3.600                   0                   0                   0
 3.650                   0                   0                   0
 3.700                   0                   0                   0
 3.750                   0                   0                   0
 3.800                   0                   0                   0
 3.850                   0                   0                   0
 3.900                   0                   0                   0
 3.950                   0                   0                   0
 4.000                   0                   0                   0
 4.050                   0                   0                   0
 4.100                   0                   0                   0
 4.150                   0                   0                   0
 4.200                   0                   0                   0
 4.250                   0                   0                   0
 4.300                   0                   0                   0
 4.350                   0                   0                   0
 4.400                   0                   0                   0
 4.450                   0                   0                   0
 4.500                   0                   0                   0
 4.550                   0                   0                   0
 4.600                   0                   0                   0
 4.650                   0                   0                   0
 4.700                   0                   0                   0
 4.750                   0                   0                   0
 4.800                   0                   0                   0
 4.850                   0                   0                   0
 4.900                   0                   0                   0
 4.950                   0                   0                   0
