 0.000             9104053             8559167            11153629
 0.050              617754              437251              983818
 0.100              553872              510491              706179
 0.150              554533              552848              508336
 0.200              574430              572278              336506
 0.250              604189              592995              208024
 0.300              641857              620289              142983
 0.350              684715              654843              108693
 0.400              735391              702961               95651
 0.450              796311              766184               89145
 0.500              863228              838848               84144
 0.550              945588              922620               82246
 0.600             1040370             1021685               84217
 0.650             1151964             1139861               88417
 0.700             1297854             1282530               96842
 0.750             1492375             1473347              106148
 0.800             1721007             1713532              117334
 0.850             2026026             2022124              131123
 0.900             2438113             2436163              147122
 0.950             3032054             3028332              167509
 1.000             8038419             8511159            21873437
 1.050            15921840            17861732            22522614
 1.100            33518915            31588282            18953401
 1.150            39714824            34585757            15589081
 1.200            21824777            23029585            12752988
 1.250             6937417             9626756            10207329
 1.300              895138             2344461             8244662
 1.350               38936              317243             7030164
 1.400                  93               39055             5974309
 1.450                   0                8919             4989412
 1.500                   0                3037             4073808
 1.550                   0                1076             3262812
 1.600                   0                 397             2507783
 1.650                   0                 150             1819314
 1.700                   0                  55             1216661
 1.750                   0                  18              724858
 1.800                   0                   7              372659
 1.850                   0                   4              155381
 1.900                   0                   0               47908
 1.950                   0                   1                8660
 2.000                   0                   0                 727
 2.050                   0                   0                   9
 2.100                   0                   0                   0
 2.150                   0                   0                   0
 2.200                   0                   0                   0
 2.250                   0                   0                   0
 2.300                   0                   0                   0
 2.350                   0                   0                   0
 2.400                   0                   0                   0
 2.450                   0                   0                   0
 2.500                   0                   0                   0
 2.550                   0                   0                   0
 2.600                   0                   0                   0
 2.650                   0                   0                   0
 2.700                   0                   0                   0
 2.750                   0                   0                   0
 2.800                   0                   0                   0
 2.850                   0                   0                   0
 2.900                   0                   0                   0
 2.950                   0                   0                   0
 3.000                   0                   0                   0
 3.050                   0                   0                   0
 3.100                   0                   0                   0
 3.150                   0                   0                   0
 3.200                   0                   0                   0
 3.250                   0                   0                   0
 3.300                   0                   0                   0
 3.350                   0                   0                   0
 3.400                   0                   0                   0
 3.450                   0                   0                   0
 3.500                   0                   0                   0
 3.550                   0                   0                   0
 3.600                   0                   0                   0
 3.650                   0                   0                   0
 3.700                   0                   0                   0
 3.750                   0                   0                   0
 3.800                   0                   0                   0
 3.850                   0                   0                   0
 3.900                   0                   0                   0
 3.950                   0                   0                   0
 4.000                   0                   0                   0
 4.050                   0                   0                   0
 4.100                   0                   0                   0
 4.150                   0                   0                   0
 4.200                   0                   0                   0
 4.250                   0                   0                   0
 4.300                   0                   0                   0
 4.350                   0                   0                   0
 4.400                   0                   0                   0
 4.450                   0                   0                   0
 4.500                   0                   0                   0
 4.550                   0                   0                   0
 4.600                   0                   0                   0
 4.650                   0                   0                   0
 4.700                   0                   0                   0
 4.750                   0                   0                   0
 4.800                   0                   0                   0
 4.850                   0                   0                   0
 4.900                   0                   0                   0
 4.950                   0                   0                   0
