 0.000             9131361             8616601            11006484
 0.050              610621              440718              758598
 0.100              544883              504280              519964
 0.150              538435              541562              351773
 0.200              554807              556874              218526
 0.250              581858              569938              140105
 0.300              614910              595554              100266
 0.350              653568              628248               81115
 0.400              703154              672537               73621
 0.450              759755              727154               68934
 0.500              823430              796974               66698
 0.550              900520              870952               66429
 0.600              993916              962448               68953
 0.650             1095635             1072796               73173
 0.700             1218724             1191320               78946
 0.750             1357314             1335230               86526
 0.800             1513183             1507743               94991
 0.850             1708287             1705482              105412
 0.900             1937399             1948477              118346
 0.950             2250104             2277917              135088
 1.000             4337473             4531094             7931968
 1.050             9490179            10355191            13415145
 1.100            15237897            14899916            11967565
 1.150            17569487            15789357             9336168
 1.200            10862729            11006525             7083147
 1.250             3989931             4960269             5366746
 1.300              459016             1216886             4366893
 1.350               31696              164556             3674629
 1.400                  27               18073             3099950
 1.450                   1                3706             2579288
 1.500                   0                1208             2139477
 1.550                   0                 447             1729031
 1.600                   0                 164             1330661
 1.650                   0                  62              963173
 1.700                   0                  28              634540
 1.750                   0                   8              368584
 1.800                   0                   5              180173
 1.850                   0                   0               69212
 1.900                   0                   0               17676
 1.950                   0                   0                2244
 2.000                   0                   0                  81
 2.050                   0                   0                   1
 2.100                   0                   0                   0
 2.150                   0                   0                   0
 2.200                   0                   0                   0
 2.250                   0                   0                   0
 2.300                   0                   0                   0
 2.350                   0                   0                   0
 2.400                   0                   0                   0
 2.450                   0                   0                   0
 2.500                   0                   0                   0
 2.550                   0                   0                   0
 2.600                   0                   0                   0
 2.650                   0                   0                   0
 2.700                   0                   0                   0
 2.750                   0                   0                   0
 2.800                   0                   0                   0
 2.850                   0                   0                   0
 2.900                   0                   0                   0
 2.950                   0                   0                   0
 3.000                   0                   0                   0
 3.050                   0                   0                   0
 3.100                   0                   0                   0
 3.150                   0                   0                   0
 3.200                   0                   0                   0
 3.250                   0                   0                   0
 3.300                   0                   0                   0
 3.350                   0                   0                   0
 3.400                   0                   0                   0
 3.450                   0                   0                   0
 3.500                   0                   0                   0
 3.550                   0                   0                   0
 3.600                   0                   0                   0
 3.650                   0                   0                   0
 3.700                   0                   0                   0
 3.750                   0                   0                   0
 3.800                   0                   0                   0
 3.850                   0                   0                   0
 3.900                   0                   0                   0
 3.950                   0                   0                   0
 4.000                   0                   0                   0
 4.050                   0                   0                   0
 4.100                   0                   0                   0
 4.150                   0                   0                   0
 4.200                   0                   0                   0
 4.250                   0                   0                   0
 4.300                   0                   0                   0
 4.350                   0                   0                   0
 4.400                   0                   0                   0
 4.450                   0                   0                   0
 4.500                   0                   0                   0
 4.550                   0                   0                   0
 4.600                   0                   0                   0
 4.650                   0                   0                   0
 4.700                   0                   0                   0
 4.750                   0                   0                   0
 4.800                   0                   0                   0
 4.850                   0                   0                   0
 4.900                   0                   0                   0
 4.950                   0                   0                   0
