 0.000             4431295             4504768             3950568
 0.050              336920              243423               40771
 0.100              273137              225304               28801
 0.150              239053              215950               29308
 0.200              219219              209871               34321
 0.250              209387              204820               51362
 0.300              204414              204989               65871
 0.350              206230              208559               72482
 0.400              210343              214811               79830
 0.450              218266              223338               81751
 0.500              229108              234805               86185
 0.550              241946              248227               89180
 0.600              257981              263586               93689
 0.650              276903              283297               95787
 0.700              300374              308072               98961
 0.750              328465              338015              100007
 0.800              363732              375234              103054
 0.850              408815              423761              126580
 0.900              470175              490636              167211
 0.950              558477              583577              236809
 1.000              697671              724408              261026
 1.050             1398670             1425651             1225508
 1.100             7561023             7591966             7279538
 1.150            12972365            12312924             7651414
 1.200             6110437             6632986             8136707
 1.250                6706               37389             7701543
 1.300                   0                 673              842848
 1.350                   0                  65                   0
 1.400                   0                   6                   0
 1.450                   0                   1                   0
 1.500                   0                   0                   0
 1.550                   0                   0                   0
 1.600                   0                   0                   0
 1.650                   0                   0                   0
 1.700                   0                   0                   0
 1.750                   0                   0                   0
 1.800                   0                   0                   0
 1.850                   0                   0                   0
 1.900                   0                   0                   0
 1.950                   0                   0                   0
 2.000                   0                   0                   0
 2.050                   0                   0                   0
 2.100                   0                   0                   0
 2.150                   0                   0                   0
 2.200                   0                   0                   0
 2.250                   0                   0                   0
 2.300                   0                   0                   0
 2.350                   0                   0                   0
 2.400                   0                   0                   0
 2.450                   0                   0                   0
 2.500                   0                   0                   0
 2.550                   0                   0                   0
 2.600                   0                   0                   0
 2.650                   0                   0                   0
 2.700                   0                   0                   0
 2.750                   0                   0                   0
 2.800                   0                   0                   0
 2.850                   0                   0                   0
 2.900                   0                   0                   0
 2.950                   0                   0                   0
 3.000                   0                   0                   0
 3.050                   0                   0                   0
 3.100                   0                   0                   0
 3.150                   0                   0                   0
 3.200                   0                   0                   0
 3.250                   0                   0                   0
 3.300                   0                   0                   0
 3.350                   0                   0                   0
 3.400                   0                   0                   0
 3.450                   0                   0                   0
 3.500                   0                   0                   0
 3.550                   0                   0                   0
 3.600                   0                   0                   0
 3.650                   0                   0                   0
 3.700                   0                   0                   0
 3.750                   0                   0                   0
 3.800                   0                   0                   0
 3.850                   0                   0                   0
 3.900                   0                   0                   0
 3.950                   0                   0                   0
 4.000                   0                   0                   0
 4.050                   0                   0                   0
 4.100                   0                   0                   0
 4.150                   0                   0                   0
 4.200                   0                   0                   0
 4.250                   0                   0                   0
 4.300                   0                   0                   0
 4.350                   0                   0                   0
 4.400                   0                   0                   0
 4.450                   0                   0                   0
 4.500                   0                   0                   0
 4.550                   0                   0                   0
 4.600                   0                   0                   0
 4.650                   0                   0                   0
 4.700                   0                   0                   0
 4.750                   0                   0                   0
 4.800                   0                   0                   0
 4.850                   0                   0                   0
 4.900                   0                   0                   0
 4.950                   0                   0                   0
