 0.000             5865052             5367303             5692010
 0.050              466506              271881              283225
 0.100              420448              345777              195244
 0.150              416788              401201              134961
 0.200              425242              429870               93469
 0.250              440651              441255               63429
 0.300              459593              449584               43573
 0.350              483677              464037               29472
 0.400              511961              486822               19236
 0.450              545061              519369               12582
 0.500              578603              557682                7887
 0.550              616177              602364                4958
 0.600              658193              649140                2922
 0.650              706927              701362                2029
 0.700              756276              764481                1432
 0.750              805169              832129                1289
 0.800              849470              911856                1278
 0.850              904726              998562                1437
 0.900              983318             1100843                1526
 0.950             1121988             1255342                1934
 1.000             3935147             4354656             6493958
 1.050             8653736             8212674             6272028
 1.100             7664338             7007772             5010175
 1.150             2797406             3257968             3767256
 1.200              367814              865245             2858415
 1.250                9989              156325             2237995
 1.300                   0               28050             1787693
 1.350                   0                7035             1416673
 1.400                   0                2359             1126928
 1.450                   0                 858              894127
 1.500                   0                 305              708087
 1.550                   0                 109              559722
 1.600                   0                  26              441506
 1.650                   0                   9              345309
 1.700                   0                   3              266334
 1.750                   0                   1              201105
 1.800                   0                   1              147607
 1.850                   0                   0              106334
 1.900                   0                   0               75004
 1.950                   0                   0               51077
 2.000                   0                   0               33654
 2.050                   0                   0               21062
 2.100                   0                   0               12789
 2.150                   0                   0                7484
 2.200                   0                   0                3982
 2.250                   0                   0                2141
 2.300                   0                   0                1025
 2.350                   0                   0                 504
 2.400                   0                   0                 234
 2.450                   0                   0                  94
 2.500                   0                   0                  47
 2.550                   0                   0                  10
 2.600                   0                   0                   4
 2.650                   0                   0                   0
 2.700                   0                   0                   0
 2.750                   0                   0                   0
 2.800                   0                   0                   0
 2.850                   0                   0                   0
 2.900                   0                   0                   0
 2.950                   0                   0                   0
 3.000                   0                   0                   0
 3.050                   0                   0                   0
 3.100                   0                   0                   0
 3.150                   0                   0                   0
 3.200                   0                   0                   0
 3.250                   0                   0                   0
 3.300                   0                   0                   0
 3.350                   0                   0                   0
 3.400                   0                   0                   0
 3.450                   0                   0                   0
 3.500                   0                   0                   0
 3.550                   0                   0                   0
 3.600                   0                   0                   0
 3.650                   0                   0                   0
 3.700                   0                   0                   0
 3.750                   0                   0                   0
 3.800                   0                   0                   0
 3.850                   0                   0                   0
 3.900                   0                   0                   0
 3.950                   0                   0                   0
 4.000                   0                   0                   0
 4.050                   0                   0                   0
 4.100                   0                   0                   0
 4.150                   0                   0                   0
 4.200                   0                   0                   0
 4.250                   0                   0                   0
 4.300                   0                   0                   0
 4.350                   0                   0                   0
 4.400                   0                   0                   0
 4.450                   0                   0                   0
 4.500                   0                   0                   0
 4.550                   0                   0                   0
 4.600                   0                   0                   0
 4.650                   0                   0                   0
 4.700                   0                   0                   0
 4.750                   0                   0                   0
 4.800                   0                   0                   0
 4.850                   0                   0                   0
 4.900                   0                   0                   0
 4.950                   0                   0                   0
