 0.000             6055778             5738736             5817578
 0.050              432302              273213              262514
 0.100              378604              313472              173032
 0.150              370253              347192              117890
 0.200              376994              367837               78778
 0.250              389976              380364               49463
 0.300              409484              390964               27143
 0.350              433328              407383               13171
 0.400              459405              429982                5836
 0.450              488952              461033                3337
 0.500              524284              497907                3048
 0.550              567666              543375                3389
 0.600              612275              593312                3861
 0.650              660742              650224                4501
 0.700              712060              712624                4940
 0.750              763627              783249                5533
 0.800              809382              853818                6227
 0.850              860371              930739                6830
 0.900              921332             1015385                7608
 0.950             1024021             1129220                8712
 1.000             2205651             2455794             4594471
 1.050             5549937             5790532             5776398
 1.100             7612254             6938164             4910973
 1.150             5047059             4878394             3691755
 1.200             1543456             2001458             2804734
 1.250              145684              418730             2221536
 1.300                1622               46169             1822721
 1.350                   0                5352             1527921
 1.400                   0                1296             1269415
 1.450                   0                 396             1043044
 1.500                   0                 131              838809
 1.550                   0                  35              658326
 1.600                   0                  15              504384
 1.650                   0                   4              377295
 1.700                   0                   0              271572
 1.750                   0                   0              187274
 1.800                   0                   0              120057
 1.850                   0                   0               69463
 1.900                   0                   0               36383
 1.950                   0                   0               16796
 2.000                   0                   0                6655
 2.050                   0                   0                2356
 2.100                   0                   0                 640
 2.150                   0                   0                 125
 2.200                   0                   0                   5
 2.250                   0                   0                   0
 2.300                   0                   0                   0
 2.350                   0                   0                   0
 2.400                   0                   0                   0
 2.450                   0                   0                   0
 2.500                   0                   0                   0
 2.550                   0                   0                   0
 2.600                   0                   0                   0
 2.650                   0                   0                   0
 2.700                   0                   0                   0
 2.750                   0                   0                   0
 2.800                   0                   0                   0
 2.850                   0                   0                   0
 2.900                   0                   0                   0
 2.950                   0                   0                   0
 3.000                   0                   0                   0
 3.050                   0                   0                   0
 3.100                   0                   0                   0
 3.150                   0                   0                   0
 3.200                   0                   0                   0
 3.250                   0                   0                   0
 3.300                   0                   0                   0
 3.350                   0                   0                   0
 3.400                   0                   0                   0
 3.450                   0                   0                   0
 3.500                   0                   0                   0
 3.550                   0                   0                   0
 3.600                   0                   0                   0
 3.650                   0                   0                   0
 3.700                   0                   0                   0
 3.750                   0                   0                   0
 3.800                   0                   0                   0
 3.850                   0                   0                   0
 3.900                   0                   0                   0
 3.950                   0                   0                   0
 4.000                   0                   0                   0
 4.050                   0                   0                   0
 4.100                   0                   0                   0
 4.150                   0                   0                   0
 4.200                   0                   0                   0
 4.250                   0                   0                   0
 4.300                   0                   0                   0
 4.350                   0                   0                   0
 4.400                   0                   0                   0
 4.450                   0                   0                   0
 4.500                   0                   0                   0
 4.550                   0                   0                   0
 4.600                   0                   0                   0
 4.650                   0                   0                   0
 4.700                   0                   0                   0
 4.750                   0                   0                   0
 4.800                   0                   0                   0
 4.850                   0                   0                   0
 4.900                   0                   0                   0
 4.950                   0                   0                   0
