 0.000             5704502             5724441             5324963
 0.050              376315              360457               17890
 0.100              310944              294267                7316
 0.150              289584              267847                6952
 0.200              285575              267065                7682
 0.250              288558              267926                9468
 0.300              295655              269117               12030
 0.350              306003              273620               14962
 0.400              318304              285972               17017
 0.450              332890              300833               19294
 0.500              350709              320992               21825
 0.550              372044              341771               24368
 0.600              394424              370916               27363
 0.650              423091              403003               29897
 0.700              455679              442463               31994
 0.750              495690              492056               33713
 0.800              549839              554787               36212
 0.850              617943              636416               40545
 0.900              710710              738430               48652
 0.950              836001              869207               58725
 1.000             1132715             1171556              399267
 1.050             4370249             4487825             5841027
 1.100             5756045             5994323             5094315
 1.150             5939762             5675968             4650152
 1.200             4965162             4766224             4066757
 1.250             2450753             2602680             3219648
 1.300              472611              607228             2545956
 1.350               18978               32957             2100196
 1.400                 100                 478             1763334
 1.450                   0                   9             1444979
 1.500                   0                   1             1089675
 1.550                   0                   0              632842
 1.600                   0                   0              172768
 1.650                   0                   0                9051
 1.700                   0                   0                   0
 1.750                   0                   0                   0
 1.800                   0                   0                   0
 1.850                   0                   0                   0
 1.900                   0                   0                   0
 1.950                   0                   0                   0
 2.000                   0                   0                   0
 2.050                   0                   0                   0
 2.100                   0                   0                   0
 2.150                   0                   0                   0
 2.200                   0                   0                   0
 2.250                   0                   0                   0
 2.300                   0                   0                   0
 2.350                   0                   0                   0
 2.400                   0                   0                   0
 2.450                   0                   0                   0
 2.500                   0                   0                   0
 2.550                   0                   0                   0
 2.600                   0                   0                   0
 2.650                   0                   0                   0
 2.700                   0                   0                   0
 2.750                   0                   0                   0
 2.800                   0                   0                   0
 2.850                   0                   0                   0
 2.900                   0                   0                   0
 2.950                   0                   0                   0
 3.000                   0                   0                   0
 3.050                   0                   0                   0
 3.100                   0                   0                   0
 3.150                   0                   0                   0
 3.200                   0                   0                   0
 3.250                   0                   0                   0
 3.300                   0                   0                   0
 3.350                   0                   0                   0
 3.400                   0                   0                   0
 3.450                   0                   0                   0
 3.500                   0                   0                   0
 3.550                   0                   0                   0
 3.600                   0                   0                   0
 3.650                   0                   0                   0
 3.700                   0                   0                   0
 3.750                   0                   0                   0
 3.800                   0                   0                   0
 3.850                   0                   0                   0
 3.900                   0                   0                   0
 3.950                   0                   0                   0
 4.000                   0                   0                   0
 4.050                   0                   0                   0
 4.100                   0                   0                   0
 4.150                   0                   0                   0
 4.200                   0                   0                   0
 4.250                   0                   0                   0
 4.300                   0                   0                   0
 4.350                   0                   0                   0
 4.400                   0                   0                   0
 4.450                   0                   0                   0
 4.500                   0                   0                   0
 4.550                   0                   0                   0
 4.600                   0                   0                   0
 4.650                   0                   0                   0
 4.700                   0                   0                   0
 4.750                   0                   0                   0
 4.800                   0                   0                   0
 4.850                   0                   0                   0
 4.900                   0                   0                   0
 4.950                   0                   0                   0
