 0.000             5900046             5418137             5692772
 0.050              454497              271304              290191
 0.100              405614              342168              191717
 0.150              401540              391891              132805
 0.200              411653              414879               96518
 0.250              427545              427671               64609
 0.300              449987              441005               42591
 0.350              477146              457892               28038
 0.400              508443              485379               18234
 0.450              545796              518093               11256
 0.500              585329              556934                7082
 0.550              627235              604133                4178
 0.600              669193              653226                2535
 0.650              708878              706247                1734
 0.700              749730              761142                1513
 0.750              787174              824400                1592
 0.800              826603              888600                1758
 0.850              870070              963502                1972
 0.900              937244             1053008                2218
 0.950             1052425             1193958                2584
 1.000             2859066             3280172             5787098
 1.050             8002582             7740780             6032900
 1.100             8303066             7458476             4919829
 1.150             3418305             3798962             3924162
 1.200              437746              980663             3027210
 1.250               17886              166206             2307508
 1.300                  20               26898             1803244
 1.350                   0                6145             1417633
 1.400                   0                1961             1114975
 1.450                   0                 668              893348
 1.500                   0                 203              722527
 1.550                   0                  93              577380
 1.600                   0                  21              455862
 1.650                   0                   0              354607
 1.700                   0                   2              269323
 1.750                   0                   0              200890
 1.800                   0                   0              145409
 1.850                   0                   0              103076
 1.900                   0                   0               70074
 1.950                   0                   0               46101
 2.000                   0                   0               28883
 2.050                   0                   0               17199
 2.100                   0                   0                9782
 2.150                   0                   0                5077
 2.200                   0                   0                2646
 2.250                   0                   0                1307
 2.300                   0                   0                 537
 2.350                   0                   0                 219
 2.400                   0                   0                  83
 2.450                   0                   0                  27
 2.500                   0                   0                   4
 2.550                   0                   0                   2
 2.600                   0                   0                   0
 2.650                   0                   0                   0
 2.700                   0                   0                   0
 2.750                   0                   0                   0
 2.800                   0                   0                   0
 2.850                   0                   0                   0
 2.900                   0                   0                   0
 2.950                   0                   0                   0
 3.000                   0                   0                   0
 3.050                   0                   0                   0
 3.100                   0                   0                   0
 3.150                   0                   0                   0
 3.200                   0                   0                   0
 3.250                   0                   0                   0
 3.300                   0                   0                   0
 3.350                   0                   0                   0
 3.400                   0                   0                   0
 3.450                   0                   0                   0
 3.500                   0                   0                   0
 3.550                   0                   0                   0
 3.600                   0                   0                   0
 3.650                   0                   0                   0
 3.700                   0                   0                   0
 3.750                   0                   0                   0
 3.800                   0                   0                   0
 3.850                   0                   0                   0
 3.900                   0                   0                   0
 3.950                   0                   0                   0
 4.000                   0                   0                   0
 4.050                   0                   0                   0
 4.100                   0                   0                   0
 4.150                   0                   0                   0
 4.200                   0                   0                   0
 4.250                   0                   0                   0
 4.300                   0                   0                   0
 4.350                   0                   0                   0
 4.400                   0                   0                   0
 4.450                   0                   0                   0
 4.500                   0                   0                   0
 4.550                   0                   0                   0
 4.600                   0                   0                   0
 4.650                   0                   0                   0
 4.700                   0                   0                   0
 4.750                   0                   0                   0
 4.800                   0                   0                   0
 4.850                   0                   0                   0
 4.900                   0                   0                   0
 4.950                   0                   0                   0
