 0.000             5883510             5397780             5684282
 0.050              454076              267703              288061
 0.100              404506              339252              194046
 0.150              400330              389760              135114
 0.200              412560              415480               93043
 0.250              427678              427324               65791
 0.300              449164              438770               43964
 0.350              477660              456012               29166
 0.400              509048              482034               18675
 0.450              544514              514562               11843
 0.500              585507              556894                7290
 0.550              626842              602898                4494
 0.600              669656              654126                2725
 0.650              712305              708810                1848
 0.700              755216              768854                1415
 0.750              794327              831596                1427
 0.800              834666              901576                1512
 0.850              881647              979589                1689
 0.900              957272             1075379                1865
 0.950             1102616             1222647                2262
 1.000             3376895             3810083             6275818
 1.050             8513751             8081572             6058217
 1.100             7713873             7076516             4897673
 1.150             3191235             3557077             3771653
 1.200              396875              934856             2938352
 1.250                6834              155584             2317170
 1.300                   0               26252             1803699
 1.350                   0                6402             1422547
 1.400                   0                2074             1127882
 1.450                   0                 710              891322
 1.500                   0                 263              710552
 1.550                   0                  88              567240
 1.600                   0                  30              449189
 1.650                   0                   5              348524
 1.700                   0                   4              267883
 1.750                   0                   1              200054
 1.800                   0                   0              146115
 1.850                   0                   0              104963
 1.900                   0                   0               72434
 1.950                   0                   0               47815
 2.000                   0                   0               30860
 2.050                   0                   0               19085
 2.100                   0                   0               10923
 2.150                   0                   0                6065
 2.200                   0                   0                3065
 2.250                   0                   0                1625
 2.300                   0                   0                 782
 2.350                   0                   0                 329
 2.400                   0                   0                 147
 2.450                   0                   0                  45
 2.500                   0                   0                  20
 2.550                   0                   0                   2
 2.600                   0                   0                   1
 2.650                   0                   0                   0
 2.700                   0                   0                   0
 2.750                   0                   0                   0
 2.800                   0                   0                   0
 2.850                   0                   0                   0
 2.900                   0                   0                   0
 2.950                   0                   0                   0
 3.000                   0                   0                   0
 3.050                   0                   0                   0
 3.100                   0                   0                   0
 3.150                   0                   0                   0
 3.200                   0                   0                   0
 3.250                   0                   0                   0
 3.300                   0                   0                   0
 3.350                   0                   0                   0
 3.400                   0                   0                   0
 3.450                   0                   0                   0
 3.500                   0                   0                   0
 3.550                   0                   0                   0
 3.600                   0                   0                   0
 3.650                   0                   0                   0
 3.700                   0                   0                   0
 3.750                   0                   0                   0
 3.800                   0                   0                   0
 3.850                   0                   0                   0
 3.900                   0                   0                   0
 3.950                   0                   0                   0
 4.000                   0                   0                   0
 4.050                   0                   0                   0
 4.100                   0                   0                   0
 4.150                   0                   0                   0
 4.200                   0                   0                   0
 4.250                   0                   0                   0
 4.300                   0                   0                   0
 4.350                   0                   0                   0
 4.400                   0                   0                   0
 4.450                   0                   0                   0
 4.500                   0                   0                   0
 4.550                   0                   0                   0
 4.600                   0                   0                   0
 4.650                   0                   0                   0
 4.700                   0                   0                   0
 4.750                   0                   0                   0
 4.800                   0                   0                   0
 4.850                   0                   0                   0
 4.900                   0                   0                   0
 4.950                   0                   0                   0
