 0.000             5841173             5813728             5690555
 0.050              399361              325918              178442
 0.100              341691              288232               60988
 0.150              328458              286200               16267
 0.200              329268              294516                5511
 0.250              337406              304590                4923
 0.300              353990              317375                5910
 0.350              371758              331832                7352
 0.400              392991              349774                8872
 0.450              416465              370819               10250
 0.500              446399              401825               11704
 0.550              480498              442121               13070
 0.600              517556              488212               14599
 0.650              565846              545185               16490
 0.700              620369              613421               17723
 0.750              682496              691323               19215
 0.800              755849              782494               20737
 0.850              838414              882716               22334
 0.900              926796              997119               26094
 0.950             1055390             1129596               30180
 1.000             2052908             2135564             2830289
 1.050             4187922             4546213             5524975
 1.100             6033645             5896693             5317908
 1.150             6135142             5668960             4383144
 1.200             3401439             3536090             3253099
 1.250              976713             1252775             2498226
 1.300              113362              202756             2041772
 1.350                3192               10283             1704389
 1.400                   0                 152             1424687
 1.450                   0                  13             1161066
 1.500                   0                   1              934699
 1.550                   0                   1              718366
 1.600                   0                   0              500969
 1.650                   0                   0              278945
 1.700                   0                   0              113854
 1.750                   0                   0               34040
 1.800                   0                   0                4751
 1.850                   0                   0                 102
 1.900                   0                   0                   0
 1.950                   0                   0                   0
 2.000                   0                   0                   0
 2.050                   0                   0                   0
 2.100                   0                   0                   0
 2.150                   0                   0                   0
 2.200                   0                   0                   0
 2.250                   0                   0                   0
 2.300                   0                   0                   0
 2.350                   0                   0                   0
 2.400                   0                   0                   0
 2.450                   0                   0                   0
 2.500                   0                   0                   0
 2.550                   0                   0                   0
 2.600                   0                   0                   0
 2.650                   0                   0                   0
 2.700                   0                   0                   0
 2.750                   0                   0                   0
 2.800                   0                   0                   0
 2.850                   0                   0                   0
 2.900                   0                   0                   0
 2.950                   0                   0                   0
 3.000                   0                   0                   0
 3.050                   0                   0                   0
 3.100                   0                   0                   0
 3.150                   0                   0                   0
 3.200                   0                   0                   0
 3.250                   0                   0                   0
 3.300                   0                   0                   0
 3.350                   0                   0                   0
 3.400                   0                   0                   0
 3.450                   0                   0                   0
 3.500                   0                   0                   0
 3.550                   0                   0                   0
 3.600                   0                   0                   0
 3.650                   0                   0                   0
 3.700                   0                   0                   0
 3.750                   0                   0                   0
 3.800                   0                   0                   0
 3.850                   0                   0                   0
 3.900                   0                   0                   0
 3.950                   0                   0                   0
 4.000                   0                   0                   0
 4.050                   0                   0                   0
 4.100                   0                   0                   0
 4.150                   0                   0                   0
 4.200                   0                   0                   0
 4.250                   0                   0                   0
 4.300                   0                   0                   0
 4.350                   0                   0                   0
 4.400                   0                   0                   0
 4.450                   0                   0                   0
 4.500                   0                   0                   0
 4.550                   0                   0                   0
 4.600                   0                   0                   0
 4.650                   0                   0                   0
 4.700                   0                   0                   0
 4.750                   0                   0                   0
 4.800                   0                   0                   0
 4.850                   0                   0                   0
 4.900                   0                   0                   0
 4.950                   0                   0                   0
