 0.000             5885536             5820093             5725558
 0.050              402181              312117              221343
 0.100              344808              287343               97792
 0.150              331812              286273               34718
 0.200              335429              297484                9976
 0.250              345780              311442                4622
 0.300              361751              327261                4810
 0.350              381258              343264                5945
 0.400              404693              362810                7286
 0.450              429718              390035                8406
 0.500              462622              423101                9695
 0.550              499105              463430               10990
 0.600              543783              515340               12046
 0.650              595229              576750               13558
 0.700              652946              646608               14984
 0.750              720671              728574               16205
 0.800              792702              821461               17710
 0.850              870287              919155               18795
 0.900              968448             1035575               21565
 0.950             1098509             1175029               25033
 1.000             2097333             2194399             3054585
 1.050             4107727             4455973             5393202
 1.100             6341185             6128252             5314815
 1.150             6267147             5811717             4277472
 1.200             2957519             3204462             3233168
 1.250              644574              933740             2448341
 1.300               64758              130077             1993833
 1.350                1970                7560             1663796
 1.400                   0                 141             1391403
 1.450                   0                  14             1148915
 1.500                   0                   1              911705
 1.550                   0                   0              704027
 1.600                   0                   0              512688
 1.650                   0                   0              328732
 1.700                   0                   0              165205
 1.750                   0                   0               64929
 1.800                   0                   0               18748
 1.850                   0                   0                2808
 1.900                   0                   0                  72
 1.950                   0                   0                   0
 2.000                   0                   0                   0
 2.050                   0                   0                   0
 2.100                   0                   0                   0
 2.150                   0                   0                   0
 2.200                   0                   0                   0
 2.250                   0                   0                   0
 2.300                   0                   0                   0
 2.350                   0                   0                   0
 2.400                   0                   0                   0
 2.450                   0                   0                   0
 2.500                   0                   0                   0
 2.550                   0                   0                   0
 2.600                   0                   0                   0
 2.650                   0                   0                   0
 2.700                   0                   0                   0
 2.750                   0                   0                   0
 2.800                   0                   0                   0
 2.850                   0                   0                   0
 2.900                   0                   0                   0
 2.950                   0                   0                   0
 3.000                   0                   0                   0
 3.050                   0                   0                   0
 3.100                   0                   0                   0
 3.150                   0                   0                   0
 3.200                   0                   0                   0
 3.250                   0                   0                   0
 3.300                   0                   0                   0
 3.350                   0                   0                   0
 3.400                   0                   0                   0
 3.450                   0                   0                   0
 3.500                   0                   0                   0
 3.550                   0                   0                   0
 3.600                   0                   0                   0
 3.650                   0                   0                   0
 3.700                   0                   0                   0
 3.750                   0                   0                   0
 3.800                   0                   0                   0
 3.850                   0                   0                   0
 3.900                   0                   0                   0
 3.950                   0                   0                   0
 4.000                   0                   0                   0
 4.050                   0                   0                   0
 4.100                   0                   0                   0
 4.150                   0                   0                   0
 4.200                   0                   0                   0
 4.250                   0                   0                   0
 4.300                   0                   0                   0
 4.350                   0                   0                   0
 4.400                   0                   0                   0
 4.450                   0                   0                   0
 4.500                   0                   0                   0
 4.550                   0                   0                   0
 4.600                   0                   0                   0
 4.650                   0                   0                   0
 4.700                   0                   0                   0
 4.750                   0                   0                   0
 4.800                   0                   0                   0
 4.850                   0                   0                   0
 4.900                   0                   0                   0
 4.950                   0                   0                   0
