 0.000             5750561             5768098             5501586
 0.050              383662              352730               56098
 0.100              323374              293011               10608
 0.150              306653              279175                5926
 0.200              303868              281759                6107
 0.250              309434              284773                7551
 0.300              319643              288461                9342
 0.350              333184              295034               11636
 0.400              348062              307991               13727
 0.450              366565              326138               15296
 0.500              388208              347263               17539
 0.550              412423              375138               19558
 0.600              441194              409296               21893
 0.650              475195              449892               24218
 0.700              516044              503472               26139
 0.750              567292              567188               27747
 0.800              630920              643211               29868
 0.850              709830              735720               32889
 0.900              803823              844416               38937
 0.950              918775              977747               46356
 1.000             1631074             1694107             1496496
 1.050             4355135             4605115             5866409
 1.100             5798524             5932181             5269461
 1.150             5980025             5592455             4730986
 1.200             4312704             4177102             3656797
 1.250             1826524             2040275             2789832
 1.300              328258              454155             2241363
 1.350               15162               29802             1852337
 1.400                  23                 416             1561661
 1.450                   0                  17             1296319
 1.500                   0                   1             1020382
 1.550                   0                   0              702029
 1.600                   0                   0              346001
 1.650                   0                   0               93843
 1.700                   0                   0                9158
 1.750                   0                   0                  44
 1.800                   0                   0                   0
 1.850                   0                   0                   0
 1.900                   0                   0                   0
 1.950                   0                   0                   0
 2.000                   0                   0                   0
 2.050                   0                   0                   0
 2.100                   0                   0                   0
 2.150                   0                   0                   0
 2.200                   0                   0                   0
 2.250                   0                   0                   0
 2.300                   0                   0                   0
 2.350                   0                   0                   0
 2.400                   0                   0                   0
 2.450                   0                   0                   0
 2.500                   0                   0                   0
 2.550                   0                   0                   0
 2.600                   0                   0                   0
 2.650                   0                   0                   0
 2.700                   0                   0                   0
 2.750                   0                   0                   0
 2.800                   0                   0                   0
 2.850                   0                   0                   0
 2.900                   0                   0                   0
 2.950                   0                   0                   0
 3.000                   0                   0                   0
 3.050                   0                   0                   0
 3.100                   0                   0                   0
 3.150                   0                   0                   0
 3.200                   0                   0                   0
 3.250                   0                   0                   0
 3.300                   0                   0                   0
 3.350                   0                   0                   0
 3.400                   0                   0                   0
 3.450                   0                   0                   0
 3.500                   0                   0                   0
 3.550                   0                   0                   0
 3.600                   0                   0                   0
 3.650                   0                   0                   0
 3.700                   0                   0                   0
 3.750                   0                   0                   0
 3.800                   0                   0                   0
 3.850                   0                   0                   0
 3.900                   0                   0                   0
 3.950                   0                   0                   0
 4.000                   0                   0                   0
 4.050                   0                   0                   0
 4.100                   0                   0                   0
 4.150                   0                   0                   0
 4.200                   0                   0                   0
 4.250                   0                   0                   0
 4.300                   0                   0                   0
 4.350                   0                   0                   0
 4.400                   0                   0                   0
 4.450                   0                   0                   0
 4.500                   0                   0                   0
 4.550                   0                   0                   0
 4.600                   0                   0                   0
 4.650                   0                   0                   0
 4.700                   0                   0                   0
 4.750                   0                   0                   0
 4.800                   0                   0                   0
 4.850                   0                   0                   0
 4.900                   0                   0                   0
 4.950                   0                   0                   0
