 0.000             6049622             5761072             5811885
 0.050              428570              275292              263978
 0.100              374019              308281              173228
 0.150              366111              336022              116026
 0.200              371834              359105               76501
 0.250              387579              373291               45338
 0.300              405131              385991               23340
 0.350              426842              401883               10324
 0.400              454809              423907                4520
 0.450              485347              454505                3291
 0.500              521038              494197                3405
 0.550              562091              537480                3988
 0.600              608325              588144                4508
 0.650              663654              645236                5120
 0.700              717507              713241                5687
 0.750              769920              788230                6385
 0.800              822280              865688                7126
 0.850              876721              947685                7837
 0.900              948440             1038071                8594
 0.950             1067140             1159452                9990
 1.000             2233274             2462200             4275860
 1.050             5188816             5411588             5653001
 1.100             7114162             6602073             4886458
 1.150             5469241             5185123             3772333
 1.200             1776290             2232853             2873532
 1.250              175476              460746             2269298
 1.300                2795               49146             1885470
 1.350                   0                4960             1567649
 1.400                   0                1075             1303282
 1.450                   0                 357             1072738
 1.500                   0                 102              859886
 1.550                   0                  32              671551
 1.600                   0                   6              514099
 1.650                   0                   0              382642
 1.700                   0                   0              274317
 1.750                   0                   0              185425
 1.800                   0                   0              114206
 1.850                   0                   0               63500
 1.900                   0                   0               30979
 1.950                   0                   0               13038
 2.000                   0                   0                4958
 2.050                   0                   0                1398
 2.100                   0                   0                 310
 2.150                   0                   0                  31
 2.200                   0                   0                   1
 2.250                   0                   0                   1
 2.300                   0                   0                   0
 2.350                   0                   0                   0
 2.400                   0                   0                   0
 2.450                   0                   0                   0
 2.500                   0                   0                   0
 2.550                   0                   0                   0
 2.600                   0                   0                   0
 2.650                   0                   0                   0
 2.700                   0                   0                   0
 2.750                   0                   0                   0
 2.800                   0                   0                   0
 2.850                   0                   0                   0
 2.900                   0                   0                   0
 2.950                   0                   0                   0
 3.000                   0                   0                   0
 3.050                   0                   0                   0
 3.100                   0                   0                   0
 3.150                   0                   0                   0
 3.200                   0                   0                   0
 3.250                   0                   0                   0
 3.300                   0                   0                   0
 3.350                   0                   0                   0
 3.400                   0                   0                   0
 3.450                   0                   0                   0
 3.500                   0                   0                   0
 3.550                   0                   0                   0
 3.600                   0                   0                   0
 3.650                   0                   0                   0
 3.700                   0                   0                   0
 3.750                   0                   0                   0
 3.800                   0                   0                   0
 3.850                   0                   0                   0
 3.900                   0                   0                   0
 3.950                   0                   0                   0
 4.000                   0                   0                   0
 4.050                   0                   0                   0
 4.100                   0                   0                   0
 4.150                   0                   0                   0
 4.200                   0                   0                   0
 4.250                   0                   0                   0
 4.300                   0                   0                   0
 4.350                   0                   0                   0
 4.400                   0                   0                   0
 4.450                   0                   0                   0
 4.500                   0                   0                   0
 4.550                   0                   0                   0
 4.600                   0                   0                   0
 4.650                   0                   0                   0
 4.700                   0                   0                   0
 4.750                   0                   0                   0
 4.800                   0                   0                   0
 4.850                   0                   0                   0
 4.900                   0                   0                   0
 4.950                   0                   0                   0
