 0.000             6054137             5715410             5820975
 0.050              432241              270082              263120
 0.100              380257              315682              172212
 0.150              373406              352542              119771
 0.200              381033              374012               80767
 0.250              393835              385783               51694
 0.300              411886              397458               30412
 0.350              435723              414700               15798
 0.400              464132              435286                7488
 0.450              494741              464218                3864
 0.500              529785              503672                2851
 0.550              568653              546012                2922
 0.600              612133              594071                3353
 0.650              656543              648548                3940
 0.700              703135              705949                4322
 0.750              752652              772790                4903
 0.800              797768              847525                5381
 0.850              845142              922549                6031
 0.900              911228             1004567                6792
 0.950             1016880             1118204                7749
 1.000             2441761             2710135             4857967
 1.050             5800533             5965350             5894155
 1.100             7779066             7109216             4856395
 1.150             4835471             4715918             3708506
 1.200             1274154             1761496             2760742
 1.250              110881              358175             2179102
 1.300                1822               42220             1782434
 1.350                   0                5378             1483861
 1.400                   0                1392             1241394
 1.450                   0                 453             1018047
 1.500                   0                 147              817595
 1.550                   0                  40              644900
 1.600                   0                  12              495780
 1.650                   0                   4              372431
 1.700                   0                   2              269974
 1.750                   0                   0              187485
 1.800                   0                   0              123627
 1.850                   0                   0               74942
 1.900                   0                   0               41230
 1.950                   0                   0               20281
 2.000                   0                   0                9001
 2.050                   0                   0                3361
 2.100                   0                   0                1101
 2.150                   0                   0                 281
 2.200                   0                   0                  58
 2.250                   0                   0                   3
 2.300                   0                   0                   0
 2.350                   0                   0                   0
 2.400                   0                   0                   0
 2.450                   0                   0                   0
 2.500                   0                   0                   0
 2.550                   0                   0                   0
 2.600                   0                   0                   0
 2.650                   0                   0                   0
 2.700                   0                   0                   0
 2.750                   0                   0                   0
 2.800                   0                   0                   0
 2.850                   0                   0                   0
 2.900                   0                   0                   0
 2.950                   0                   0                   0
 3.000                   0                   0                   0
 3.050                   0                   0                   0
 3.100                   0                   0                   0
 3.150                   0                   0                   0
 3.200                   0                   0                   0
 3.250                   0                   0                   0
 3.300                   0                   0                   0
 3.350                   0                   0                   0
 3.400                   0                   0                   0
 3.450                   0                   0                   0
 3.500                   0                   0                   0
 3.550                   0                   0                   0
 3.600                   0                   0                   0
 3.650                   0                   0                   0
 3.700                   0                   0                   0
 3.750                   0                   0                   0
 3.800                   0                   0                   0
 3.850                   0                   0                   0
 3.900                   0                   0                   0
 3.950                   0                   0                   0
 4.000                   0                   0                   0
 4.050                   0                   0                   0
 4.100                   0                   0                   0
 4.150                   0                   0                   0
 4.200                   0                   0                   0
 4.250                   0                   0                   0
 4.300                   0                   0                   0
 4.350                   0                   0                   0
 4.400                   0                   0                   0
 4.450                   0                   0                   0
 4.500                   0                   0                   0
 4.550                   0                   0                   0
 4.600                   0                   0                   0
 4.650                   0                   0                   0
 4.700                   0                   0                   0
 4.750                   0                   0                   0
 4.800                   0                   0                   0
 4.850                   0                   0                   0
 4.900                   0                   0                   0
 4.950                   0                   0                   0
