 0.000             6011831             5611461             5802846
 0.050              440201              267382              264433
 0.100              391991              332519              176752
 0.150              384391              375080              119017
 0.200              394385              395359               82005
 0.250              410313              405831               56069
 0.300              430345              416550               36730
 0.350              456219              432927               22819
 0.400              482417              458172               12437
 0.450              515171              488535                6581
 0.500              551263              527822                3701
 0.550              595339              569259                2536
 0.600              641421              619161                2251
 0.650              688494              670894                2507
 0.700              733119              731896                2792
 0.750              769691              799125                3213
 0.800              800765              865714                3571
 0.850              836569              930801                3985
 0.900              888309             1003933                4415
 0.950              987250             1107768                5110
 1.000             2370006             2726754             5421582
 1.050             7004919             7081781             6230289
 1.100             8228410             7372599             5078458
 1.150             4019546             4132495             3755403
 1.200              770263             1263442             2651735
 1.250               41614              221507             2060877
 1.300                1313               29578             1680685
 1.350                   0                5157             1378188
 1.400                   0                1399             1142670
 1.450                   0                 419              931738
 1.500                   0                 168              749734
 1.550                   0                  48              591288
 1.600                   0                  15              457922
 1.650                   0                   3              347583
 1.700                   0                   0              255628
 1.750                   0                   1              182368
 1.800                   0                   0              125355
 1.850                   0                   0               81852
 1.900                   0                   0               50697
 1.950                   0                   0               29483
 2.000                   0                   0               15469
 2.050                   0                   0                7470
 2.100                   0                   0                3381
 2.150                   0                   0                1312
 2.200                   0                   0                 438
 2.250                   0                   0                 137
 2.300                   0                   0                  36
 2.350                   0                   0                   7
 2.400                   0                   0                   0
 2.450                   0                   0                   0
 2.500                   0                   0                   0
 2.550                   0                   0                   0
 2.600                   0                   0                   0
 2.650                   0                   0                   0
 2.700                   0                   0                   0
 2.750                   0                   0                   0
 2.800                   0                   0                   0
 2.850                   0                   0                   0
 2.900                   0                   0                   0
 2.950                   0                   0                   0
 3.000                   0                   0                   0
 3.050                   0                   0                   0
 3.100                   0                   0                   0
 3.150                   0                   0                   0
 3.200                   0                   0                   0
 3.250                   0                   0                   0
 3.300                   0                   0                   0
 3.350                   0                   0                   0
 3.400                   0                   0                   0
 3.450                   0                   0                   0
 3.500                   0                   0                   0
 3.550                   0                   0                   0
 3.600                   0                   0                   0
 3.650                   0                   0                   0
 3.700                   0                   0                   0
 3.750                   0                   0                   0
 3.800                   0                   0                   0
 3.850                   0                   0                   0
 3.900                   0                   0                   0
 3.950                   0                   0                   0
 4.000                   0                   0                   0
 4.050                   0                   0                   0
 4.100                   0                   0                   0
 4.150                   0                   0                   0
 4.200                   0                   0                   0
 4.250                   0                   0                   0
 4.300                   0                   0                   0
 4.350                   0                   0                   0
 4.400                   0                   0                   0
 4.450                   0                   0                   0
 4.500                   0                   0                   0
 4.550                   0                   0                   0
 4.600                   0                   0                   0
 4.650                   0                   0                   0
 4.700                   0                   0                   0
 4.750                   0                   0                   0
 4.800                   0                   0                   0
 4.850                   0                   0                   0
 4.900                   0                   0                   0
 4.950                   0                   0                   0
