 0.000             5991771             5579199             5789080
 0.050              441772              267444              268257
 0.100              393341              336491              173915
 0.150              387914              379291              120305
 0.200              394634              399084               81536
 0.250              412250              409247               55272
 0.300              433059              420521               37294
 0.350              456298              435684               23249
 0.400              485763              458653               13384
 0.450              519877              492090                7131
 0.500              557657              528680                3917
 0.550              599079              571532                2599
 0.600              641252              622587                2129
 0.650              685868              675189                2310
 0.700              726836              732848                2492
 0.750              764044              795004                2950
 0.800              795986              856494                3329
 0.850              829752              923750                3614
 0.900              881123              993131                4023
 0.950              976896             1099763                4703
 1.000             2392928             2752360             5531948
 1.050             7161497             7168513             6152189
 1.100             8374972             7548582             5142425
 1.150             3868803             4040635             3785136
 1.200              740174             1216276             2704380
 1.250               40223              215906             2053827
 1.300                1718               29239             1666626
 1.350                   1                5143             1371609
 1.400                   0                1483             1131408
 1.450                   0                 448              924647
 1.500                   0                 158              741842
 1.550                   0                  45              586457
 1.600                   0                  13              453523
 1.650                   0                   4              345709
 1.700                   0                   0              255396
 1.750                   0                   0              183175
 1.800                   0                   1              126070
 1.850                   0                   0               82962
 1.900                   0                   0               52280
 1.950                   0                   0               30779
 2.000                   0                   0               16882
 2.050                   0                   0                8489
 2.100                   0                   0                3810
 2.150                   0                   0                1587
 2.200                   0                   0                 586
 2.250                   0                   0                 184
 2.300                   0                   0                  58
 2.350                   0                   0                  12
 2.400                   0                   0                   3
 2.450                   0                   0                   0
 2.500                   0                   0                   0
 2.550                   0                   0                   0
 2.600                   0                   0                   0
 2.650                   0                   0                   0
 2.700                   0                   0                   0
 2.750                   0                   0                   0
 2.800                   0                   0                   0
 2.850                   0                   0                   0
 2.900                   0                   0                   0
 2.950                   0                   0                   0
 3.000                   0                   0                   0
 3.050                   0                   0                   0
 3.100                   0                   0                   0
 3.150                   0                   0                   0
 3.200                   0                   0                   0
 3.250                   0                   0                   0
 3.300                   0                   0                   0
 3.350                   0                   0                   0
 3.400                   0                   0                   0
 3.450                   0                   0                   0
 3.500                   0                   0                   0
 3.550                   0                   0                   0
 3.600                   0                   0                   0
 3.650                   0                   0                   0
 3.700                   0                   0                   0
 3.750                   0                   0                   0
 3.800                   0                   0                   0
 3.850                   0                   0                   0
 3.900                   0                   0                   0
 3.950                   0                   0                   0
 4.000                   0                   0                   0
 4.050                   0                   0                   0
 4.100                   0                   0                   0
 4.150                   0                   0                   0
 4.200                   0                   0                   0
 4.250                   0                   0                   0
 4.300                   0                   0                   0
 4.350                   0                   0                   0
 4.400                   0                   0                   0
 4.450                   0                   0                   0
 4.500                   0                   0                   0
 4.550                   0                   0                   0
 4.600                   0                   0                   0
 4.650                   0                   0                   0
 4.700                   0                   0                   0
 4.750                   0                   0                   0
 4.800                   0                   0                   0
 4.850                   0                   0                   0
 4.900                   0                   0                   0
 4.950                   0                   0                   0
