 0.000             5929557             5826825             5745252
 0.050              407737              300487              244346
 0.100              350758              286862              129632
 0.150              337524              290861               58160
 0.200              340994              304016               20605
 0.250              351656              318305                6496
 0.300              367649              334823                4126
 0.350              386371              352825                4836
 0.400              410116              374891                5949
 0.450              436341              400676                7000
 0.500              467828              434586                8038
 0.550              505513              477898                9071
 0.600              552069              530141               10081
 0.650              605357              590023               11388
 0.700              667825              658727               12646
 0.750              736423              744637               13668
 0.800              815139              835083               14947
 0.850              899446              944022               16153
 0.900              991688             1059268               18187
 0.950             1125322             1201602               20896
 1.000             1984440             2099625             3045856
 1.050             4067524             4409770             5399410
 1.100             6571459             6298947             5165571
 1.150             6457504             5978727             4258136
 1.200             2690886             3037008             3241861
 1.250              457441              762611             2468096
 1.300               26099               83394             1979063
 1.350                 221                3963             1662270
 1.400                   0                 212             1380750
 1.450                   0                  61             1134325
 1.500                   0                  10              915026
 1.550                   0                   1              703987
 1.600                   0                   0              519203
 1.650                   0                   0              353958
 1.700                   0                   0              206860
 1.750                   0                   0               96913
 1.800                   0                   0               35988
 1.850                   0                   0               10431
 1.900                   0                   0                1638
 1.950                   0                   0                  67
 2.000                   0                   0                   1
 2.050                   0                   0                   0
 2.100                   0                   0                   0
 2.150                   0                   0                   0
 2.200                   0                   0                   0
 2.250                   0                   0                   0
 2.300                   0                   0                   0
 2.350                   0                   0                   0
 2.400                   0                   0                   0
 2.450                   0                   0                   0
 2.500                   0                   0                   0
 2.550                   0                   0                   0
 2.600                   0                   0                   0
 2.650                   0                   0                   0
 2.700                   0                   0                   0
 2.750                   0                   0                   0
 2.800                   0                   0                   0
 2.850                   0                   0                   0
 2.900                   0                   0                   0
 2.950                   0                   0                   0
 3.000                   0                   0                   0
 3.050                   0                   0                   0
 3.100                   0                   0                   0
 3.150                   0                   0                   0
 3.200                   0                   0                   0
 3.250                   0                   0                   0
 3.300                   0                   0                   0
 3.350                   0                   0                   0
 3.400                   0                   0                   0
 3.450                   0                   0                   0
 3.500                   0                   0                   0
 3.550                   0                   0                   0
 3.600                   0                   0                   0
 3.650                   0                   0                   0
 3.700                   0                   0                   0
 3.750                   0                   0                   0
 3.800                   0                   0                   0
 3.850                   0                   0                   0
 3.900                   0                   0                   0
 3.950                   0                   0                   0
 4.000                   0                   0                   0
 4.050                   0                   0                   0
 4.100                   0                   0                   0
 4.150                   0                   0                   0
 4.200                   0                   0                   0
 4.250                   0                   0                   0
 4.300                   0                   0                   0
 4.350                   0                   0                   0
 4.400                   0                   0                   0
 4.450                   0                   0                   0
 4.500                   0                   0                   0
 4.550                   0                   0                   0
 4.600                   0                   0                   0
 4.650                   0                   0                   0
 4.700                   0                   0                   0
 4.750                   0                   0                   0
 4.800                   0                   0                   0
 4.850                   0                   0                   0
 4.900                   0                   0                   0
 4.950                   0                   0                   0
