 0.000             5939263             5511864             5755649
 0.050              447839              270100              275615
 0.100              398447              340487              176562
 0.150              391715              385357              119265
 0.200              402258              404133               84151
 0.250              418272              416089               56264
 0.300              440883              425874               37596
 0.350              469990              444566               24258
 0.400              498891              469898               14870
 0.450              532741              501284                8439
 0.500              566247              539407                4572
 0.550              604148              582950                2796
 0.600              643021              627722                2118
 0.650              681661              677655                1991
 0.700              717123              731908                2169
 0.750              751660              789043                2447
 0.800              777703              847968                2800
 0.850              814341              910215                3067
 0.900              869732              984344                3406
 0.950              982270             1099480                3997
 1.000             2471455             2830471             5461332
 1.050             7195118             7188222             6222225
 1.100             8626114             7702999             5138138
 1.150             3796044             4059311             3874964
 1.200              694853             1183278             2793432
 1.250               35714              207462             2096270
 1.300                  10               27938             1670426
 1.350                   1                5178             1367145
 1.400                   0                1579             1123786
 1.450                   0                 506              919041
 1.500                   0                 159              738681
 1.550                   0                  43              584956
 1.600                   0                  18              454462
 1.650                   0                   3              346112
 1.700                   0                   3              258231
 1.750                   0                   0              187372
 1.800                   0                   0              131098
 1.850                   0                   0               88000
 1.900                   0                   0               56371
 1.950                   0                   0               34137
 2.000                   0                   0               19818
 2.050                   0                   0               10598
 2.100                   0                   0                5102
 2.150                   0                   0                2337
 2.200                   0                   0                 963
 2.250                   0                   0                 328
 2.300                   0                   0                 116
 2.350                   0                   0                  35
 2.400                   0                   0                   2
 2.450                   0                   0                   4
 2.500                   0                   0                   0
 2.550                   0                   0                   0
 2.600                   0                   0                   0
 2.650                   0                   0                   0
 2.700                   0                   0                   0
 2.750                   0                   0                   0
 2.800                   0                   0                   0
 2.850                   0                   0                   0
 2.900                   0                   0                   0
 2.950                   0                   0                   0
 3.000                   0                   0                   0
 3.050                   0                   0                   0
 3.100                   0                   0                   0
 3.150                   0                   0                   0
 3.200                   0                   0                   0
 3.250                   0                   0                   0
 3.300                   0                   0                   0
 3.350                   0                   0                   0
 3.400                   0                   0                   0
 3.450                   0                   0                   0
 3.500                   0                   0                   0
 3.550                   0                   0                   0
 3.600                   0                   0                   0
 3.650                   0                   0                   0
 3.700                   0                   0                   0
 3.750                   0                   0                   0
 3.800                   0                   0                   0
 3.850                   0                   0                   0
 3.900                   0                   0                   0
 3.950                   0                   0                   0
 4.000                   0                   0                   0
 4.050                   0                   0                   0
 4.100                   0                   0                   0
 4.150                   0                   0                   0
 4.200                   0                   0                   0
 4.250                   0                   0                   0
 4.300                   0                   0                   0
 4.350                   0                   0                   0
 4.400                   0                   0                   0
 4.450                   0                   0                   0
 4.500                   0                   0                   0
 4.550                   0                   0                   0
 4.600                   0                   0                   0
 4.650                   0                   0                   0
 4.700                   0                   0                   0
 4.750                   0                   0                   0
 4.800                   0                   0                   0
 4.850                   0                   0                   0
 4.900                   0                   0                   0
 4.950                   0                   0                   0
