 0.000             5999009             5816093             5780172
 0.050              415609              286008              255213
 0.100              358268              294840              162537
 0.150              347604              311085               96680
 0.200              350803              327152               49799
 0.250              364914              339433               20304
 0.300              381511              352723                7140
 0.350              402138              370581                3999
 0.400              427526              394000                4002
 0.450              453698              419158                4975
 0.500              485735              453942                5589
 0.550              524278              495216                6358
 0.600              570033              547801                7292
 0.650              620556              609672                8180
 0.700              681316              678656                9095
 0.750              751008              758574                9940
 0.800              826165              851994               10953
 0.850              901404              949779               12000
 0.900              986033             1058817               13203
 0.950             1102001             1186391               15088
 1.000             2125202             2283383             3567562
 1.050             4248342             4620264             5364285
 1.100             6949385             6496285             4828789
 1.150             6168260             5739980             4034921
 1.200             2299136             2728151             3128005
 1.250              297767              611182             2475354
 1.300                6130               58534             2002905
 1.350                 253                3659             1644821
 1.400                   0                 530             1364508
 1.450                   0                 148             1112399
 1.500                   0                  36              895728
 1.550                   0                  14              701546
 1.600                   0                   1              531139
 1.650                   0                   2              382219
 1.700                   0                   0              254839
 1.750                   0                   0              151164
 1.800                   0                   0               75597
 1.850                   0                   0               31712
 1.900                   0                   0               10841
 1.950                   0                   0                2812
 2.000                   0                   0                 407
 2.050                   0                   0                  12
 2.100                   0                   0                   0
 2.150                   0                   0                   0
 2.200                   0                   0                   0
 2.250                   0                   0                   0
 2.300                   0                   0                   0
 2.350                   0                   0                   0
 2.400                   0                   0                   0
 2.450                   0                   0                   0
 2.500                   0                   0                   0
 2.550                   0                   0                   0
 2.600                   0                   0                   0
 2.650                   0                   0                   0
 2.700                   0                   0                   0
 2.750                   0                   0                   0
 2.800                   0                   0                   0
 2.850                   0                   0                   0
 2.900                   0                   0                   0
 2.950                   0                   0                   0
 3.000                   0                   0                   0
 3.050                   0                   0                   0
 3.100                   0                   0                   0
 3.150                   0                   0                   0
 3.200                   0                   0                   0
 3.250                   0                   0                   0
 3.300                   0                   0                   0
 3.350                   0                   0                   0
 3.400                   0                   0                   0
 3.450                   0                   0                   0
 3.500                   0                   0                   0
 3.550                   0                   0                   0
 3.600                   0                   0                   0
 3.650                   0                   0                   0
 3.700                   0                   0                   0
 3.750                   0                   0                   0
 3.800                   0                   0                   0
 3.850                   0                   0                   0
 3.900                   0                   0                   0
 3.950                   0                   0                   0
 4.000                   0                   0                   0
 4.050                   0                   0                   0
 4.100                   0                   0                   0
 4.150                   0                   0                   0
 4.200                   0                   0                   0
 4.250                   0                   0                   0
 4.300                   0                   0                   0
 4.350                   0                   0                   0
 4.400                   0                   0                   0
 4.450                   0                   0                   0
 4.500                   0                   0                   0
 4.550                   0                   0                   0
 4.600                   0                   0                   0
 4.650                   0                   0                   0
 4.700                   0                   0                   0
 4.750                   0                   0                   0
 4.800                   0                   0                   0
 4.850                   0                   0                   0
 4.900                   0                   0                   0
 4.950                   0                   0                   0
