 0.000             5920303             5481783             5740190
 0.050              448270              271621              275776
 0.100              399525              342993              182951
 0.150              394072              389455              120752
 0.200              403852              408367               84288
 0.250              420959              417726               57430
 0.300              444465              428210               38076
 0.350              471588              444806               24763
 0.400              504145              471513               15592
 0.450              537336              504027                8994
 0.500              572089              544046                4948
 0.550              609191              589094                2940
 0.600              647600              635432                2150
 0.650              689334              686523                1904
 0.700              730331              740477                2014
 0.750              763362              798822                2246
 0.800              790158              861262                2589
 0.850              820131              924997                2813
 0.900              875966              994646                3144
 0.950              992277             1111923                3761
 1.000             2353411             2778043             5540499
 1.050             7551634             7435686             6070065
 1.100             8515860             7585697             5142427
 1.150             3711027             4018889             3895232
 1.200              668183             1161305             2888041
 1.250               37652              208216             2132694
 1.300                  44               29108             1673741
 1.350                   0                5597             1365731
 1.400                   0                1679             1122222
 1.450                   0                 552              917807
 1.500                   0                 172              740531
 1.550                   0                  68              586001
 1.600                   0                  22              456728
 1.650                   0                   4              349059
 1.700                   0                   4              261068
 1.750                   0                   0              189763
 1.800                   0                   0              134540
 1.850                   0                   0               91389
 1.900                   0                   0               58503
 1.950                   0                   0               35952
 2.000                   0                   0               21224
 2.050                   0                   0               11659
 2.100                   0                   0                5990
 2.150                   0                   0                2696
 2.200                   0                   0                1219
 2.250                   0                   0                 432
 2.300                   0                   0                 165
 2.350                   0                   0                  49
 2.400                   0                   0                  14
 2.450                   0                   0                   2
 2.500                   0                   0                   1
 2.550                   0                   0                   0
 2.600                   0                   0                   0
 2.650                   0                   0                   0
 2.700                   0                   0                   0
 2.750                   0                   0                   0
 2.800                   0                   0                   0
 2.850                   0                   0                   0
 2.900                   0                   0                   0
 2.950                   0                   0                   0
 3.000                   0                   0                   0
 3.050                   0                   0                   0
 3.100                   0                   0                   0
 3.150                   0                   0                   0
 3.200                   0                   0                   0
 3.250                   0                   0                   0
 3.300                   0                   0                   0
 3.350                   0                   0                   0
 3.400                   0                   0                   0
 3.450                   0                   0                   0
 3.500                   0                   0                   0
 3.550                   0                   0                   0
 3.600                   0                   0                   0
 3.650                   0                   0                   0
 3.700                   0                   0                   0
 3.750                   0                   0                   0
 3.800                   0                   0                   0
 3.850                   0                   0                   0
 3.900                   0                   0                   0
 3.950                   0                   0                   0
 4.000                   0                   0                   0
 4.050                   0                   0                   0
 4.100                   0                   0                   0
 4.150                   0                   0                   0
 4.200                   0                   0                   0
 4.250                   0                   0                   0
 4.300                   0                   0                   0
 4.350                   0                   0                   0
 4.400                   0                   0                   0
 4.450                   0                   0                   0
 4.500                   0                   0                   0
 4.550                   0                   0                   0
 4.600                   0                   0                   0
 4.650                   0                   0                   0
 4.700                   0                   0                   0
 4.750                   0                   0                   0
 4.800                   0                   0                   0
 4.850                   0                   0                   0
 4.900                   0                   0                   0
 4.950                   0                   0                   0
