 0.000             6027071             5639996             5810604
 0.050              438858              266994              266636
 0.100              390868              330026              175073
 0.150              384798              372631              119304
 0.200              391898              393356               81969
 0.250              407949              403501               55966
 0.300              429170              412727               36759
 0.350              453918              428155               21655
 0.400              480982              452374               11675
 0.450              513065              484337                6061
 0.500              549819              521735                3471
 0.550              589818              563455                2545
 0.600              631974              611895                2389
 0.650              673971              666087                2725
 0.700              720145              725400                3139
 0.750              762900              795952                3499
 0.800              802391              861914                3915
 0.850              840297              930753                4368
 0.900              893780             1003799                4813
 0.950             1000237             1111234                5684
 1.000             2564916             2865565             5369861
 1.050             6631961             6765193             6108118
 1.100             8030977             7232336             5120215
 1.150             4267043             4289730             3630500
 1.200              810633             1334382             2668841
 1.250               49994              238429             2077203
 1.300                 342               30694             1693453
 1.350                   0                5011             1401346
 1.400                   0                1391             1160238
 1.450                   0                 469              947297
 1.500                   0                 182              764725
 1.550                   0                  57              602243
 1.600                   0                  12              465315
 1.650                   0                   2              352873
 1.700                   0                   1              259244
 1.750                   0                   0              184446
 1.800                   0                   0              126262
 1.850                   0                   0               82300
 1.900                   0                   0               49683
 1.950                   0                   0               28179
 2.000                   0                   0               14278
 2.050                   0                   0                6646
 2.100                   0                   0                2801
 2.150                   0                   0                1038
 2.200                   0                   0                 321
 2.250                   0                   0                  80
 2.300                   0                   0                  18
 2.350                   0                   0                   1
 2.400                   0                   0                   0
 2.450                   0                   0                   0
 2.500                   0                   0                   0
 2.550                   0                   0                   0
 2.600                   0                   0                   0
 2.650                   0                   0                   0
 2.700                   0                   0                   0
 2.750                   0                   0                   0
 2.800                   0                   0                   0
 2.850                   0                   0                   0
 2.900                   0                   0                   0
 2.950                   0                   0                   0
 3.000                   0                   0                   0
 3.050                   0                   0                   0
 3.100                   0                   0                   0
 3.150                   0                   0                   0
 3.200                   0                   0                   0
 3.250                   0                   0                   0
 3.300                   0                   0                   0
 3.350                   0                   0                   0
 3.400                   0                   0                   0
 3.450                   0                   0                   0
 3.500                   0                   0                   0
 3.550                   0                   0                   0
 3.600                   0                   0                   0
 3.650                   0                   0                   0
 3.700                   0                   0                   0
 3.750                   0                   0                   0
 3.800                   0                   0                   0
 3.850                   0                   0                   0
 3.900                   0                   0                   0
 3.950                   0                   0                   0
 4.000                   0                   0                   0
 4.050                   0                   0                   0
 4.100                   0                   0                   0
 4.150                   0                   0                   0
 4.200                   0                   0                   0
 4.250                   0                   0                   0
 4.300                   0                   0                   0
 4.350                   0                   0                   0
 4.400                   0                   0                   0
 4.450                   0                   0                   0
 4.500                   0                   0                   0
 4.550                   0                   0                   0
 4.600                   0                   0                   0
 4.650                   0                   0                   0
 4.700                   0                   0                   0
 4.750                   0                   0                   0
 4.800                   0                   0                   0
 4.850                   0                   0                   0
 4.900                   0                   0                   0
 4.950                   0                   0                   0
