 0.000               25725               23121               23942
 0.050                1519                1612                1212
 0.100                1121                2293                 625
 0.150                1021                1635                 506
 0.200                 980                1155                 514
 0.250                 919                 950                 558
 0.300                 928                 850                 590
 0.350                 899                 924                 687
 0.400                1121                1074                 742
 0.450                1165                1100                 858
 0.500                1316                1246                1049
 0.550                1497                1573                1097
 0.600                1966                2009                1241
 0.650                2537                2400                1290
 0.700                3180                3095                1628
 0.750                3946                4280                1841
 0.800                5109                5701                2316
 0.850                8163                8100                2659
 0.900               13231               12613                3268
 0.950               20130               18864                4250
 1.000             3596861             3597055             3587673
 1.050              119595              119447              101549
 1.100              108255              107439               71852
 1.150               96734               97701               75393
 1.200               42279               43367               68560
 1.250               14632               15073               58933
 1.300                5598                5711               36588
 1.350                1326                1375               20654
 1.400                 490                 481                7332
 1.450                  19                  18                2154
 1.500                   0                   0                 675
 1.550                   0                   0                  26
 1.600                   0                   0                   0
 1.650                   0                   0                   0
 1.700                   0                   0                   0
 1.750                   0                   0                   0
 1.800                   0                   0                   0
 1.850                   0                   0                   0
 1.900                   0                   0                   0
 1.950                   0                   0                   0
 2.000                   0                   0                   0
 2.050                   0                   0                   0
 2.100                   0                   0                   0
 2.150                   0                   0                   0
 2.200                   0                   0                   0
 2.250                   0                   0                   0
 2.300                   0                   0                   0
 2.350                   0                   0                   0
 2.400                   0                   0                   0
 2.450                   0                   0                   0
 2.500                   0                   0                   0
 2.550                   0                   0                   0
 2.600                   0                   0                   0
 2.650                   0                   0                   0
 2.700                   0                   0                   0
 2.750                   0                   0                   0
 2.800                   0                   0                   0
 2.850                   0                   0                   0
 2.900                   0                   0                   0
 2.950                   0                   0                   0
 3.000                   0                   0                   0
 3.050                   0                   0                   0
 3.100                   0                   0                   0
 3.150                   0                   0                   0
 3.200                   0                   0                   0
 3.250                   0                   0                   0
 3.300                   0                   0                   0
 3.350                   0                   0                   0
 3.400                   0                   0                   0
 3.450                   0                   0                   0
 3.500                   0                   0                   0
 3.550                   0                   0                   0
 3.600                   0                   0                   0
 3.650                   0                   0                   0
 3.700                   0                   0                   0
 3.750                   0                   0                   0
 3.800                   0                   0                   0
 3.850                   0                   0                   0
 3.900                   0                   0                   0
 3.950                   0                   0                   0
 4.000                   0                   0                   0
 4.050                   0                   0                   0
 4.100                   0                   0                   0
 4.150                   0                   0                   0
 4.200                   0                   0                   0
 4.250                   0                   0                   0
 4.300                   0                   0                   0
 4.350                   0                   0                   0
 4.400                   0                   0                   0
 4.450                   0                   0                   0
 4.500                   0                   0                   0
 4.550                   0                   0                   0
 4.600                   0                   0                   0
 4.650                   0                   0                   0
 4.700                   0                   0                   0
 4.750                   0                   0                   0
 4.800                   0                   0                   0
 4.850                   0                   0                   0
 4.900                   0                   0                   0
 4.950                   0                   0                   0
