 0.000            13825815            12625222            13830700
 0.050              866678              522886              420967
 0.100              719881              667475              303275
 0.150              669701              769966              189564
 0.200              659233              812877              113775
 0.250              666535              807718               73092
 0.300              687228              788653               54110
 0.350              713800              777168               45305
 0.400              756114              787527               40976
 0.450              802109              821082               38083
 0.500              862476              871326               35898
 0.550              927183              943006               35316
 0.600             1013266             1030667               36669
 0.650             1128357             1139605               39133
 0.700             1277095             1275398               42416
 0.750             1472756             1456409               47169
 0.800             1753088             1707769               52388
 0.850             2173658             2086760               58737
 0.900             2811065             2680483               65994
 0.950             3915248             3727545               73826
 1.000             9537005             9018566             7531891
 1.050            23888495            20807099            15565034
 1.100            15935180            16660965            14509223
 1.150             4846629             7266942             9872096
 1.200              737436             1995422             6287080
 1.250               47879              454277             4682822
 1.300                 709              118613             3915523
 1.350                 187               42613             3386379
 1.400                  85               17825             2908989
 1.450                  48                7432             2487923
 1.500                  35                3176             2038970
 1.550                  17                1449             1545051
 1.600                   6                 609             1070680
 1.650                   3                 272              669977
 1.700                   0                 117              370558
 1.750                   0                  52              172065
 1.800                   0                  17               63242
 1.850                   0                   5               17109
 1.900                   0                   6                2811
 1.950                   0                   1                 181
 2.000                   0                   0                   3
 2.050                   0                   0                   0
 2.100                   0                   0                   0
 2.150                   0                   0                   0
 2.200                   0                   0                   0
 2.250                   0                   0                   0
 2.300                   0                   0                   0
 2.350                   0                   0                   0
 2.400                   0                   0                   0
 2.450                   0                   0                   0
 2.500                   0                   0                   0
 2.550                   0                   0                   0
 2.600                   0                   0                   0
 2.650                   0                   0                   0
 2.700                   0                   0                   0
 2.750                   0                   0                   0
 2.800                   0                   0                   0
 2.850                   0                   0                   0
 2.900                   0                   0                   0
 2.950                   0                   0                   0
 3.000                   0                   0                   0
 3.050                   0                   0                   0
 3.100                   0                   0                   0
 3.150                   0                   0                   0
 3.200                   0                   0                   0
 3.250                   0                   0                   0
 3.300                   0                   0                   0
 3.350                   0                   0                   0
 3.400                   0                   0                   0
 3.450                   0                   0                   0
 3.500                   0                   0                   0
 3.550                   0                   0                   0
 3.600                   0                   0                   0
 3.650                   0                   0                   0
 3.700                   0                   0                   0
 3.750                   0                   0                   0
 3.800                   0                   0                   0
 3.850                   0                   0                   0
 3.900                   0                   0                   0
 3.950                   0                   0                   0
 4.000                   0                   0                   0
 4.050                   0                   0                   0
 4.100                   0                   0                   0
 4.150                   0                   0                   0
 4.200                   0                   0                   0
 4.250                   0                   0                   0
 4.300                   0                   0                   0
 4.350                   0                   0                   0
 4.400                   0                   0                   0
 4.450                   0                   0                   0
 4.500                   0                   0                   0
 4.550                   0                   0                   0
 4.600                   0                   0                   0
 4.650                   0                   0                   0
 4.700                   0                   0                   0
 4.750                   0                   0                   0
 4.800                   0                   0                   0
 4.850                   0                   0                   0
 4.900                   0                   0                   0
 4.950                   0                   0                   0
