 0.000            13155349            12090652            13341588
 0.050              763914              427991              285531
 0.100              638461              585103              162089
 0.150              600233              703442               96981
 0.200              596912              747831               70924
 0.250              609651              744122               62351
 0.300              632779              722769               58671
 0.350              669376              709719               53081
 0.400              713272              725015               46269
 0.450              764859              761854               41314
 0.500              823864              818456               39697
 0.550              891069              890220               41511
 0.600              968500              974124               45535
 0.650             1074127             1073471               50228
 0.700             1209991             1198015               55944
 0.750             1383857             1361541               62214
 0.800             1608688             1574457               69115
 0.850             1932617             1870782               77907
 0.900             2420916             2317712               87720
 0.950             3215393             3067126               98976
 1.000             7378555             7161544             4670835
 1.050            17211260            16385844            14283775
 1.100            19205079            17845132            13847988
 1.150             9506516            10974403            10578168
 1.200             2732568             4152000             7565481
 1.250              418570             1025442             5543563
 1.300               14736              171949             4582222
 1.350                  19               38049             3975861
 1.400                   2               13720             3445599
 1.450                   0                5282             2860227
 1.500                   0                2150             2184637
 1.550                   0                 771             1475449
 1.600                   0                 285              828341
 1.650                   0                 100              349814
 1.700                   0                  38               91383
 1.750                   0                  11                9881
 1.800                   0                   7                 263
 1.850                   0                   2                   0
 1.900                   0                   1                   0
 1.950                   0                   1                   0
 2.000                   0                   0                   0
 2.050                   0                   0                   0
 2.100                   0                   0                   0
 2.150                   0                   0                   0
 2.200                   0                   0                   0
 2.250                   0                   0                   0
 2.300                   0                   0                   0
 2.350                   0                   0                   0
 2.400                   0                   0                   0
 2.450                   0                   0                   0
 2.500                   0                   0                   0
 2.550                   0                   0                   0
 2.600                   0                   0                   0
 2.650                   0                   0                   0
 2.700                   0                   0                   0
 2.750                   0                   0                   0
 2.800                   0                   0                   0
 2.850                   0                   0                   0
 2.900                   0                   0                   0
 2.950                   0                   0                   0
 3.000                   0                   0                   0
 3.050                   0                   0                   0
 3.100                   0                   0                   0
 3.150                   0                   0                   0
 3.200                   0                   0                   0
 3.250                   0                   0                   0
 3.300                   0                   0                   0
 3.350                   0                   0                   0
 3.400                   0                   0                   0
 3.450                   0                   0                   0
 3.500                   0                   0                   0
 3.550                   0                   0                   0
 3.600                   0                   0                   0
 3.650                   0                   0                   0
 3.700                   0                   0                   0
 3.750                   0                   0                   0
 3.800                   0                   0                   0
 3.850                   0                   0                   0
 3.900                   0                   0                   0
 3.950                   0                   0                   0
 4.000                   0                   0                   0
 4.050                   0                   0                   0
 4.100                   0                   0                   0
 4.150                   0                   0                   0
 4.200                   0                   0                   0
 4.250                   0                   0                   0
 4.300                   0                   0                   0
 4.350                   0                   0                   0
 4.400                   0                   0                   0
 4.450                   0                   0                   0
 4.500                   0                   0                   0
 4.550                   0                   0                   0
 4.600                   0                   0                   0
 4.650                   0                   0                   0
 4.700                   0                   0                   0
 4.750                   0                   0                   0
 4.800                   0                   0                   0
 4.850                   0                   0                   0
 4.900                   0                   0                   0
 4.950                   0                   0                   0
