 0.000            13155987            12138360            13298455
 0.050              714958              381451              231994
 0.100              595863              542284              110285
 0.150              559367              659613               78396
 0.200              554184              707164               73527
 0.250              564772              704316               75168
 0.300              584890              679745               69704
 0.350              616565              665163               59104
 0.400              653148              674353               48648
 0.450              696435              707266               44438
 0.500              750234              755463               46465
 0.550              815873              817885               50465
 0.600              894270              893448               55314
 0.650              990560              985635               61039
 0.700             1105491             1101449               68027
 0.750             1253857             1244815               75701
 0.800             1453922             1432419               84008
 0.850             1741771             1694585               95545
 0.900             2171755             2096194              106721
 0.950             2902855             2764307              119659
 1.000             5556195             5272714             2024770
 1.050            14620058            14371695            12420983
 1.100            18252720            17045375            13524386
 1.150            13381140            13734265            11621467
 1.200             4999534             6487887             8426956
 1.250             1021954             1773485             6432517
 1.300               95379              308349             5407044
 1.350                5728               49400             4599126
 1.400                   9               12948             3941308
 1.450                   0                4702             3167072
 1.500                   0                1752             2281358
 1.550                   0                 659             1332502
 1.600                   0                 211              550719
 1.650                   0                  86              119035
 1.700                   0                  21                7507
 1.750                   0                   7                  61
 1.800                   0                   2                   0
 1.850                   0                   1                   0
 1.900                   0                   0                   0
 1.950                   0                   0                   0
 2.000                   0                   0                   0
 2.050                   0                   0                   0
 2.100                   0                   0                   0
 2.150                   0                   0                   0
 2.200                   0                   0                   0
 2.250                   0                   0                   0
 2.300                   0                   0                   0
 2.350                   0                   0                   0
 2.400                   0                   0                   0
 2.450                   0                   0                   0
 2.500                   0                   0                   0
 2.550                   0                   0                   0
 2.600                   0                   0                   0
 2.650                   0                   0                   0
 2.700                   0                   0                   0
 2.750                   0                   0                   0
 2.800                   0                   0                   0
 2.850                   0                   0                   0
 2.900                   0                   0                   0
 2.950                   0                   0                   0
 3.000                   0                   0                   0
 3.050                   0                   0                   0
 3.100                   0                   0                   0
 3.150                   0                   0                   0
 3.200                   0                   0                   0
 3.250                   0                   0                   0
 3.300                   0                   0                   0
 3.350                   0                   0                   0
 3.400                   0                   0                   0
 3.450                   0                   0                   0
 3.500                   0                   0                   0
 3.550                   0                   0                   0
 3.600                   0                   0                   0
 3.650                   0                   0                   0
 3.700                   0                   0                   0
 3.750                   0                   0                   0
 3.800                   0                   0                   0
 3.850                   0                   0                   0
 3.900                   0                   0                   0
 3.950                   0                   0                   0
 4.000                   0                   0                   0
 4.050                   0                   0                   0
 4.100                   0                   0                   0
 4.150                   0                   0                   0
 4.200                   0                   0                   0
 4.250                   0                   0                   0
 4.300                   0                   0                   0
 4.350                   0                   0                   0
 4.400                   0                   0                   0
 4.450                   0                   0                   0
 4.500                   0                   0                   0
 4.550                   0                   0                   0
 4.600                   0                   0                   0
 4.650                   0                   0                   0
 4.700                   0                   0                   0
 4.750                   0                   0                   0
 4.800                   0                   0                   0
 4.850                   0                   0                   0
 4.900                   0                   0                   0
 4.950                   0                   0                   0
