 0.000            13199775            12197095            13276410
 0.050              673350              352671              177640
 0.100              563473              517336               92575
 0.150              527438              642770               75077
 0.200              520305              691742               82866
 0.250              531392              675987               84737
 0.300              550803              641780               76120
 0.350              579647              623565               59677
 0.400              611083              631153               49574
 0.450              654868              659594               48779
 0.500              703279              705335               51898
 0.550              762467              762740               56687
 0.600              828325              833328               62315
 0.650              910138              919427               68937
 0.700             1016190             1025759               76484
 0.750             1162762             1163686               85060
 0.800             1352213             1340042               95566
 0.850             1634010             1586168              107456
 0.900             2046080             1948695              119927
 0.950             2684409             2539980              136049
 1.000             4208297             4066197              712824
 1.050            12841997            12869383            11606150
 1.100            18246793            17104667            13005774
 1.150            15380812            15232402            11973116
 1.200             6544527             7835527             9106761
 1.250             1562533             2424824             7130913
 1.300              185454              424146             5872093
 1.350                9334               56778             5029922
 1.400                   0               12201             4226478
 1.450                   0                4275             3316514
 1.500                   0                1618             2205390
 1.550                   0                 612             1089506
 1.600                   0                 195              305029
 1.650                   0                  50               27152
 1.700                   0                  23                 298
 1.750                   0                   3                   0
 1.800                   0                   0                   0
 1.850                   0                   0                   0
 1.900                   0                   0                   0
 1.950                   0                   0                   0
 2.000                   0                   0                   0
 2.050                   0                   0                   0
 2.100                   0                   0                   0
 2.150                   0                   0                   0
 2.200                   0                   0                   0
 2.250                   0                   0                   0
 2.300                   0                   0                   0
 2.350                   0                   0                   0
 2.400                   0                   0                   0
 2.450                   0                   0                   0
 2.500                   0                   0                   0
 2.550                   0                   0                   0
 2.600                   0                   0                   0
 2.650                   0                   0                   0
 2.700                   0                   0                   0
 2.750                   0                   0                   0
 2.800                   0                   0                   0
 2.850                   0                   0                   0
 2.900                   0                   0                   0
 2.950                   0                   0                   0
 3.000                   0                   0                   0
 3.050                   0                   0                   0
 3.100                   0                   0                   0
 3.150                   0                   0                   0
 3.200                   0                   0                   0
 3.250                   0                   0                   0
 3.300                   0                   0                   0
 3.350                   0                   0                   0
 3.400                   0                   0                   0
 3.450                   0                   0                   0
 3.500                   0                   0                   0
 3.550                   0                   0                   0
 3.600                   0                   0                   0
 3.650                   0                   0                   0
 3.700                   0                   0                   0
 3.750                   0                   0                   0
 3.800                   0                   0                   0
 3.850                   0                   0                   0
 3.900                   0                   0                   0
 3.950                   0                   0                   0
 4.000                   0                   0                   0
 4.050                   0                   0                   0
 4.100                   0                   0                   0
 4.150                   0                   0                   0
 4.200                   0                   0                   0
 4.250                   0                   0                   0
 4.300                   0                   0                   0
 4.350                   0                   0                   0
 4.400                   0                   0                   0
 4.450                   0                   0                   0
 4.500                   0                   0                   0
 4.550                   0                   0                   0
 4.600                   0                   0                   0
 4.650                   0                   0                   0
 4.700                   0                   0                   0
 4.750                   0                   0                   0
 4.800                   0                   0                   0
 4.850                   0                   0                   0
 4.900                   0                   0                   0
 4.950                   0                   0                   0
