 0.000            13226042            12353593            12852004
 0.050              541803              311657              124554
 0.100              449005              451489              143050
 0.150              420574              556367              189194
 0.200              416281              583684              168414
 0.250              425436              545770              105682
 0.300              446449              510466               86961
 0.350              477180              503000               87596
 0.400              517902              527208               93402
 0.450              569433              571630              101463
 0.500              633202              632952              110856
 0.550              705860              707015              121851
 0.600              786895              795974              133969
 0.650              882885              894667              148495
 0.700             1002079             1013566              165136
 0.750             1147039             1159968              185100
 0.800             1336032             1335079              206578
 0.850             1581185             1575956              232190
 0.900             1930748             1913877              262689
 0.950             2458711             2430134              298878
 1.000             3313856             3230214              344434
 1.050             6288188             5988579             2225795
 1.100            15735912            15303051            10429478
 1.150            18624962            18226398            11141806
 1.200            11736642            12473745            11649973
 1.250             3672592             4444942            11047168
 1.300              525399              767721            10276970
 1.350               24270               58266             8760167
 1.400                 294                6723             5935914
 1.450                   0                1967             2079028
 1.500                   0                 769              167581
 1.550                   0                 258                 480
 1.600                   0                 111                   0
 1.650                   0                  34                   0
 1.700                   0                  18                   0
 1.750                   0                   6                   0
 1.800                   0                   1                   0
 1.850                   0                   1                   0
 1.900                   0                   0                   0
 1.950                   0                   0                   0
 2.000                   0                   0                   0
 2.050                   0                   0                   0
 2.100                   0                   0                   0
 2.150                   0                   0                   0
 2.200                   0                   0                   0
 2.250                   0                   0                   0
 2.300                   0                   0                   0
 2.350                   0                   0                   0
 2.400                   0                   0                   0
 2.450                   0                   0                   0
 2.500                   0                   0                   0
 2.550                   0                   0                   0
 2.600                   0                   0                   0
 2.650                   0                   0                   0
 2.700                   0                   0                   0
 2.750                   0                   0                   0
 2.800                   0                   0                   0
 2.850                   0                   0                   0
 2.900                   0                   0                   0
 2.950                   0                   0                   0
 3.000                   0                   0                   0
 3.050                   0                   0                   0
 3.100                   0                   0                   0
 3.150                   0                   0                   0
 3.200                   0                   0                   0
 3.250                   0                   0                   0
 3.300                   0                   0                   0
 3.350                   0                   0                   0
 3.400                   0                   0                   0
 3.450                   0                   0                   0
 3.500                   0                   0                   0
 3.550                   0                   0                   0
 3.600                   0                   0                   0
 3.650                   0                   0                   0
 3.700                   0                   0                   0
 3.750                   0                   0                   0
 3.800                   0                   0                   0
 3.850                   0                   0                   0
 3.900                   0                   0                   0
 3.950                   0                   0                   0
 4.000                   0                   0                   0
 4.050                   0                   0                   0
 4.100                   0                   0                   0
 4.150                   0                   0                   0
 4.200                   0                   0                   0
 4.250                   0                   0                   0
 4.300                   0                   0                   0
 4.350                   0                   0                   0
 4.400                   0                   0                   0
 4.450                   0                   0                   0
 4.500                   0                   0                   0
 4.550                   0                   0                   0
 4.600                   0                   0                   0
 4.650                   0                   0                   0
 4.700                   0                   0                   0
 4.750                   0                   0                   0
 4.800                   0                   0                   0
 4.850                   0                   0                   0
 4.900                   0                   0                   0
 4.950                   0                   0                   0
