 0.000                9079                9106                8619
 0.050                 377                 396                 212
 0.100                 292                 293                 192
 0.150                 295                 247                 188
 0.200                 265                 248                 183
 0.250                 296                 248                 170
 0.300                 302                 289                 174
 0.350                 310                 295                 179
 0.400                 342                 321                 183
 0.450                 356                 358                 205
 0.500                 342                 372                 199
 0.550                 369                 376                 242
 0.600                 369                 345                 243
 0.650                 421                 406                 226
 0.700                 465                 449                 307
 0.750                 456                 489                 307
 0.800                 505                 499                 310
 0.850                 551                 546                 307
 0.900                 615                 612                 362
 0.950                 738                 725                 372
 1.000              706023              706130              707373
 1.050               17339               17583               18471
 1.100               13041               12866               10153
 1.150               15708               15062                8559
 1.200               17026               16971                9041
 1.250                9104                9616                9789
 1.300                1946                2077                8150
 1.350                  45                  52                5873
 1.400                   0                   0                3621
 1.450                   0                   0                2594
 1.500                   0                   0                 173
 1.550                   0                   0                   0
 1.600                   0                   0                   0
 1.650                   0                   0                   0
 1.700                   0                   0                   0
 1.750                   0                   0                   0
 1.800                   0                   0                   0
 1.850                   0                   0                   0
 1.900                   0                   0                   0
 1.950                   0                   0                   0
 2.000                   0                   0                   0
 2.050                   0                   0                   0
 2.100                   0                   0                   0
 2.150                   0                   0                   0
 2.200                   0                   0                   0
 2.250                   0                   0                   0
 2.300                   0                   0                   0
 2.350                   0                   0                   0
 2.400                   0                   0                   0
 2.450                   0                   0                   0
 2.500                   0                   0                   0
 2.550                   0                   0                   0
 2.600                   0                   0                   0
 2.650                   0                   0                   0
 2.700                   0                   0                   0
 2.750                   0                   0                   0
 2.800                   0                   0                   0
 2.850                   0                   0                   0
 2.900                   0                   0                   0
 2.950                   0                   0                   0
 3.000                   0                   0                   0
 3.050                   0                   0                   0
 3.100                   0                   0                   0
 3.150                   0                   0                   0
 3.200                   0                   0                   0
 3.250                   0                   0                   0
 3.300                   0                   0                   0
 3.350                   0                   0                   0
 3.400                   0                   0                   0
 3.450                   0                   0                   0
 3.500                   0                   0                   0
 3.550                   0                   0                   0
 3.600                   0                   0                   0
 3.650                   0                   0                   0
 3.700                   0                   0                   0
 3.750                   0                   0                   0
 3.800                   0                   0                   0
 3.850                   0                   0                   0
 3.900                   0                   0                   0
 3.950                   0                   0                   0
 4.000                   0                   0                   0
 4.050                   0                   0                   0
 4.100                   0                   0                   0
 4.150                   0                   0                   0
 4.200                   0                   0                   0
 4.250                   0                   0                   0
 4.300                   0                   0                   0
 4.350                   0                   0                   0
 4.400                   0                   0                   0
 4.450                   0                   0                   0
 4.500                   0                   0                   0
 4.550                   0                   0                   0
 4.600                   0                   0                   0
 4.650                   0                   0                   0
 4.700                   0                   0                   0
 4.750                   0                   0                   0
 4.800                   0                   0                   0
 4.850                   0                   0                   0
 4.900                   0                   0                   0
 4.950                   0                   0                   0
