 0.000             9532778             9290180             9622726
 0.050              552041              388113              527296
 0.100              488206              429528              318096
 0.150              479161              460282              185268
 0.200              489120              480826              121217
 0.250              512309              498013               92327
 0.300              542452              518015               86110
 0.350              581062              547310               89656
 0.400              623364              587277               96486
 0.450              668847              637583              104409
 0.500              725446              697847              112800
 0.550              788146              769308              121266
 0.600              859819              848595              127842
 0.650              953986              937569              134927
 0.700             1062532             1046851              139988
 0.750             1184271             1179972              143769
 0.800             1339741             1335303              146613
 0.850             1531808             1524651              147603
 0.900             1770452             1767560              148067
 0.950             2070797             2080226              146478
 1.000             4489660             4542905             5145819
 1.050             8000053             8502803            12524552
 1.100            12097479            12346918            12376579
 1.150            16720921            15511314            10430521
 1.200            14474252            13762592             8338926
 1.250             6344811             7257849             6520834
 1.300             1216349             1976237             5209235
 1.350               89530              249460             4249903
 1.400                1176               13497             3531213
 1.450                   0                1467             2912775
 1.500                   0                 347             2315864
 1.550                   0                 121             1749792
 1.600                   0                  43             1187354
 1.650                   0                   6              682073
 1.700                   0                   0              304129
 1.750                   0                   1               86129
 1.800                   0                   0               11480
 1.850                   0                   0                 447
 1.900                   0                   0                   0
 1.950                   0                   0                   0
 2.000                   0                   0                   0
 2.050                   0                   0                   0
 2.100                   0                   0                   0
 2.150                   0                   0                   0
 2.200                   0                   0                   0
 2.250                   0                   0                   0
 2.300                   0                   0                   0
 2.350                   0                   0                   0
 2.400                   0                   0                   0
 2.450                   0                   0                   0
 2.500                   0                   0                   0
 2.550                   0                   0                   0
 2.600                   0                   0                   0
 2.650                   0                   0                   0
 2.700                   0                   0                   0
 2.750                   0                   0                   0
 2.800                   0                   0                   0
 2.850                   0                   0                   0
 2.900                   0                   0                   0
 2.950                   0                   0                   0
 3.000                   0                   0                   0
 3.050                   0                   0                   0
 3.100                   0                   0                   0
 3.150                   0                   0                   0
 3.200                   0                   0                   0
 3.250                   0                   0                   0
 3.300                   0                   0                   0
 3.350                   0                   0                   0
 3.400                   0                   0                   0
 3.450                   0                   0                   0
 3.500                   0                   0                   0
 3.550                   0                   0                   0
 3.600                   0                   0                   0
 3.650                   0                   0                   0
 3.700                   0                   0                   0
 3.750                   0                   0                   0
 3.800                   0                   0                   0
 3.850                   0                   0                   0
 3.900                   0                   0                   0
 3.950                   0                   0                   0
 4.000                   0                   0                   0
 4.050                   0                   0                   0
 4.100                   0                   0                   0
 4.150                   0                   0                   0
 4.200                   0                   0                   0
 4.250                   0                   0                   0
 4.300                   0                   0                   0
 4.350                   0                   0                   0
 4.400                   0                   0                   0
 4.450                   0                   0                   0
 4.500                   0                   0                   0
 4.550                   0                   0                   0
 4.600                   0                   0                   0
 4.650                   0                   0                   0
 4.700                   0                   0                   0
 4.750                   0                   0                   0
 4.800                   0                   0                   0
 4.850                   0                   0                   0
 4.900                   0                   0                   0
 4.950                   0                   0                   0
