 0.000            10139246            10285804             9745083
 0.050              466076              381534              216491
 0.100              391003              345635              161865
 0.150              374614              350181              155947
 0.200              374757              360298              161953
 0.250              385675              372695              171546
 0.300              401483              383860              184163
 0.350              417605              397833              197844
 0.400              439261              416014              213767
 0.450              461155              438118              229324
 0.500              489430              463588              243158
 0.550              517762              495445              255398
 0.600              554320              533090              268123
 0.650              596615              577799              281448
 0.700              646888              629292              295799
 0.750              707075              691905              311491
 0.800              776593              767956              326151
 0.850              866531              861259              344613
 0.900              978241              979950              364983
 0.950             1122547             1135112              388575
 1.000             1322978             1347593              415440
 1.050             3383418             3425821             3505807
 1.100             8139340             8371967            10905066
 1.150            10832626            10994425            10275005
 1.200            15401990            14943752            10197054
 1.250            17472374            16995496             9705302
 1.300            10294077            10721106             9060515
 1.350             1527947             1804598             8165519
 1.400               15450               24902             6839716
 1.450                   0                  41             4617387
 1.500                   0                   5             1260013
 1.550                   0                   3               32526
 1.600                   0                   0                   5
 1.650                   0                   0                   0
 1.700                   0                   0                   0
 1.750                   0                   0                   0
 1.800                   0                   0                   0
 1.850                   0                   0                   0
 1.900                   0                   0                   0
 1.950                   0                   0                   0
 2.000                   0                   0                   0
 2.050                   0                   0                   0
 2.100                   0                   0                   0
 2.150                   0                   0                   0
 2.200                   0                   0                   0
 2.250                   0                   0                   0
 2.300                   0                   0                   0
 2.350                   0                   0                   0
 2.400                   0                   0                   0
 2.450                   0                   0                   0
 2.500                   0                   0                   0
 2.550                   0                   0                   0
 2.600                   0                   0                   0
 2.650                   0                   0                   0
 2.700                   0                   0                   0
 2.750                   0                   0                   0
 2.800                   0                   0                   0
 2.850                   0                   0                   0
 2.900                   0                   0                   0
 2.950                   0                   0                   0
 3.000                   0                   0                   0
 3.050                   0                   0                   0
 3.100                   0                   0                   0
 3.150                   0                   0                   0
 3.200                   0                   0                   0
 3.250                   0                   0                   0
 3.300                   0                   0                   0
 3.350                   0                   0                   0
 3.400                   0                   0                   0
 3.450                   0                   0                   0
 3.500                   0                   0                   0
 3.550                   0                   0                   0
 3.600                   0                   0                   0
 3.650                   0                   0                   0
 3.700                   0                   0                   0
 3.750                   0                   0                   0
 3.800                   0                   0                   0
 3.850                   0                   0                   0
 3.900                   0                   0                   0
 3.950                   0                   0                   0
 4.000                   0                   0                   0
 4.050                   0                   0                   0
 4.100                   0                   0                   0
 4.150                   0                   0                   0
 4.200                   0                   0                   0
 4.250                   0                   0                   0
 4.300                   0                   0                   0
 4.350                   0                   0                   0
 4.400                   0                   0                   0
 4.450                   0                   0                   0
 4.500                   0                   0                   0
 4.550                   0                   0                   0
 4.600                   0                   0                   0
 4.650                   0                   0                   0
 4.700                   0                   0                   0
 4.750                   0                   0                   0
 4.800                   0                   0                   0
 4.850                   0                   0                   0
 4.900                   0                   0                   0
 4.950                   0                   0                   0
