 0.000             9962801            10025778             9817580
 0.050              489059              388443              307590
 0.100              425243              369529              177807
 0.150              415569              385352              137391
 0.200              421873              400902              132858
 0.250              435659              414811              140949
 0.300              455349              428746              150427
 0.350              477412              448422              161241
 0.400              504674              473580              174827
 0.450              533852              504353              188373
 0.500              570974              541818              200597
 0.550              613661              585250              212289
 0.600              659043              635062              222754
 0.650              715788              697222              232413
 0.700              784276              766982              241350
 0.750              860422              849679              250948
 0.800              955739              955933              258590
 0.850             1073372             1081784              265651
 0.900             1224786             1240367              271577
 0.950             1428589             1448384              278795
 1.000             1716071             1743230              295359
 1.050             6854296             6975913             9504614
 1.100             9219068             9597803            11426136
 1.150            12517838            12503364            11037745
 1.200            15772979            14921272             9857824
 1.250            13907663            13693786             8339544
 1.300             5751197             6405529             6957787
 1.350              907571             1152046             5701388
 1.400               28512               47757             4777960
 1.450                 261                 490             3820068
 1.500                   0                  10             2649552
 1.550                   0                   0             1243320
 1.600                   0                   0              241211
 1.650                   0                   0                7081
 1.700                   0                   0                   1
 1.750                   0                   0                   0
 1.800                   0                   0                   0
 1.850                   0                   0                   0
 1.900                   0                   0                   0
 1.950                   0                   0                   0
 2.000                   0                   0                   0
 2.050                   0                   0                   0
 2.100                   0                   0                   0
 2.150                   0                   0                   0
 2.200                   0                   0                   0
 2.250                   0                   0                   0
 2.300                   0                   0                   0
 2.350                   0                   0                   0
 2.400                   0                   0                   0
 2.450                   0                   0                   0
 2.500                   0                   0                   0
 2.550                   0                   0                   0
 2.600                   0                   0                   0
 2.650                   0                   0                   0
 2.700                   0                   0                   0
 2.750                   0                   0                   0
 2.800                   0                   0                   0
 2.850                   0                   0                   0
 2.900                   0                   0                   0
 2.950                   0                   0                   0
 3.000                   0                   0                   0
 3.050                   0                   0                   0
 3.100                   0                   0                   0
 3.150                   0                   0                   0
 3.200                   0                   0                   0
 3.250                   0                   0                   0
 3.300                   0                   0                   0
 3.350                   0                   0                   0
 3.400                   0                   0                   0
 3.450                   0                   0                   0
 3.500                   0                   0                   0
 3.550                   0                   0                   0
 3.600                   0                   0                   0
 3.650                   0                   0                   0
 3.700                   0                   0                   0
 3.750                   0                   0                   0
 3.800                   0                   0                   0
 3.850                   0                   0                   0
 3.900                   0                   0                   0
 3.950                   0                   0                   0
 4.000                   0                   0                   0
 4.050                   0                   0                   0
 4.100                   0                   0                   0
 4.150                   0                   0                   0
 4.200                   0                   0                   0
 4.250                   0                   0                   0
 4.300                   0                   0                   0
 4.350                   0                   0                   0
 4.400                   0                   0                   0
 4.450                   0                   0                   0
 4.500                   0                   0                   0
 4.550                   0                   0                   0
 4.600                   0                   0                   0
 4.650                   0                   0                   0
 4.700                   0                   0                   0
 4.750                   0                   0                   0
 4.800                   0                   0                   0
 4.850                   0                   0                   0
 4.900                   0                   0                   0
 4.950                   0                   0                   0
