 0.000             9432686             8944946             9700930
 0.050              625242              415639              572319
 0.100              565445              492689              355199
 0.150              564525              549352              239260
 0.200              580607              577908              158086
 0.250              610088              598028              100628
 0.300              644548              625103               68496
 0.350              693467              664874               55156
 0.400              750370              716728               52057
 0.450              814653              782074               54255
 0.500              898349              855561               57885
 0.550              980109              942791               63073
 0.600             1068801             1041316               66924
 0.650             1176949             1147404               71154
 0.700             1298228             1271786               74761
 0.750             1446320             1414520               78195
 0.800             1609756             1580546               80354
 0.850             1767926             1778186               81478
 0.900             1975325             2009250               82785
 0.950             2242076             2303105               83297
 1.000             4291920             4546104             7923238
 1.050             7780985             8664222            14433830
 1.100            16032024            16116060            13459867
 1.150            21224935            18428047             9860764
 1.200             9976542            10517351             7144380
 1.250             1937103             3439101             5449439
 1.300              181848              659430             4450005
 1.350                4293               77930             3742990
 1.400                   0               10566             3197307
 1.450                   0                2871             2643478
 1.500                   0                1001             2109274
 1.550                   0                 388             1620724
 1.600                   0                 148             1184939
 1.650                   0                  54              812203
 1.700                   0                  25              515681
 1.750                   0                  10              295001
 1.800                   0                   3              148678
 1.850                   0                   1               62809
 1.900                   0                   0               19959
 1.950                   0                   2                3876
 2.000                   0                   0                 371
 2.050                   0                   0                  15
 2.100                   0                   0                   0
 2.150                   0                   0                   0
 2.200                   0                   0                   0
 2.250                   0                   0                   0
 2.300                   0                   0                   0
 2.350                   0                   0                   0
 2.400                   0                   0                   0
 2.450                   0                   0                   0
 2.500                   0                   0                   0
 2.550                   0                   0                   0
 2.600                   0                   0                   0
 2.650                   0                   0                   0
 2.700                   0                   0                   0
 2.750                   0                   0                   0
 2.800                   0                   0                   0
 2.850                   0                   0                   0
 2.900                   0                   0                   0
 2.950                   0                   0                   0
 3.000                   0                   0                   0
 3.050                   0                   0                   0
 3.100                   0                   0                   0
 3.150                   0                   0                   0
 3.200                   0                   0                   0
 3.250                   0                   0                   0
 3.300                   0                   0                   0
 3.350                   0                   0                   0
 3.400                   0                   0                   0
 3.450                   0                   0                   0
 3.500                   0                   0                   0
 3.550                   0                   0                   0
 3.600                   0                   0                   0
 3.650                   0                   0                   0
 3.700                   0                   0                   0
 3.750                   0                   0                   0
 3.800                   0                   0                   0
 3.850                   0                   0                   0
 3.900                   0                   0                   0
 3.950                   0                   0                   0
 4.000                   0                   0                   0
 4.050                   0                   0                   0
 4.100                   0                   0                   0
 4.150                   0                   0                   0
 4.200                   0                   0                   0
 4.250                   0                   0                   0
 4.300                   0                   0                   0
 4.350                   0                   0                   0
 4.400                   0                   0                   0
 4.450                   0                   0                   0
 4.500                   0                   0                   0
 4.550                   0                   0                   0
 4.600                   0                   0                   0
 4.650                   0                   0                   0
 4.700                   0                   0                   0
 4.750                   0                   0                   0
 4.800                   0                   0                   0
 4.850                   0                   0                   0
 4.900                   0                   0                   0
 4.950                   0                   0                   0
