 0.000             9732441             9919021             9442179
 0.050              449975              357014              231454
 0.100              368662              314285              205583
 0.150              340760              314146              217036
 0.200              335528              322260              232389
 0.250              341164              332287              247974
 0.300              353701              345263              262549
 0.350              368173              359907              279001
 0.400              386639              377742              296096
 0.450              407198              399194              314641
 0.500              432400              424871              334701
 0.550              462314              453146              357294
 0.600              495166              486040              383478
 0.650              534452              527044              414616
 0.700              581833              575199              452822
 0.750              638884              634394              501252
 0.800              712220              709204              557675
 0.850              802886              806066              630610
 0.900              930035              937926              726887
 0.950             1108428             1125514              858075
 1.000             1390379             1421960             1035951
 1.050             1930378             1986800             1455383
 1.100             7732100             7930328             9558880
 1.150            19697142            19435603            14322441
 1.200            31450599            30753034            17772047
 1.250             7339762             8065734            19970565
 1.300               15635               24822             8162663
 1.350                   0                  41              114597
 1.400                   0                   7                  15
 1.450                   0                   2                   0
 1.500                   0                   0                   0
 1.550                   0                   0                   0
 1.600                   0                   0                   0
 1.650                   0                   0                   0
 1.700                   0                   0                   0
 1.750                   0                   0                   0
 1.800                   0                   0                   0
 1.850                   0                   0                   0
 1.900                   0                   0                   0
 1.950                   0                   0                   0
 2.000                   0                   0                   0
 2.050                   0                   0                   0
 2.100                   0                   0                   0
 2.150                   0                   0                   0
 2.200                   0                   0                   0
 2.250                   0                   0                   0
 2.300                   0                   0                   0
 2.350                   0                   0                   0
 2.400                   0                   0                   0
 2.450                   0                   0                   0
 2.500                   0                   0                   0
 2.550                   0                   0                   0
 2.600                   0                   0                   0
 2.650                   0                   0                   0
 2.700                   0                   0                   0
 2.750                   0                   0                   0
 2.800                   0                   0                   0
 2.850                   0                   0                   0
 2.900                   0                   0                   0
 2.950                   0                   0                   0
 3.000                   0                   0                   0
 3.050                   0                   0                   0
 3.100                   0                   0                   0
 3.150                   0                   0                   0
 3.200                   0                   0                   0
 3.250                   0                   0                   0
 3.300                   0                   0                   0
 3.350                   0                   0                   0
 3.400                   0                   0                   0
 3.450                   0                   0                   0
 3.500                   0                   0                   0
 3.550                   0                   0                   0
 3.600                   0                   0                   0
 3.650                   0                   0                   0
 3.700                   0                   0                   0
 3.750                   0                   0                   0
 3.800                   0                   0                   0
 3.850                   0                   0                   0
 3.900                   0                   0                   0
 3.950                   0                   0                   0
 4.000                   0                   0                   0
 4.050                   0                   0                   0
 4.100                   0                   0                   0
 4.150                   0                   0                   0
 4.200                   0                   0                   0
 4.250                   0                   0                   0
 4.300                   0                   0                   0
 4.350                   0                   0                   0
 4.400                   0                   0                   0
 4.450                   0                   0                   0
 4.500                   0                   0                   0
 4.550                   0                   0                   0
 4.600                   0                   0                   0
 4.650                   0                   0                   0
 4.700                   0                   0                   0
 4.750                   0                   0                   0
 4.800                   0                   0                   0
 4.850                   0                   0                   0
 4.900                   0                   0                   0
 4.950                   0                   0                   0
