 0.000             9441901             8971375             9698215
 0.050              619533              414425              571179
 0.100              559237              489890              355511
 0.150              557205              543229              242179
 0.200              573687              571119              159192
 0.250              605357              594404               98992
 0.300              644902              620947               69966
 0.350              690357              659958               57211
 0.400              745113              709994               55167
 0.450              807628              769001               57956
 0.500              877513              846257               61709
 0.550              953411              930718               67370
 0.600             1044695             1019682               71590
 0.650             1148344             1128243               75893
 0.700             1280385             1247872               79960
 0.750             1439215             1397452               82988
 0.800             1603311             1574522               85395
 0.850             1781841             1777092               86663
 0.900             1992894             2015970               87511
 0.950             2289929             2325977               88369
 1.000             4043706             4252049             7564219
 1.050             7661049             8703577            14619519
 1.100            16971791            16813660            13112509
 1.150            20319389            17722618             9858717
 1.200             9730828            10352465             7234486
 1.250             2394901             3701964             5548550
 1.300              258057              779706             4486566
 1.350                4729               91132             3810639
 1.400                   2               11009             3226075
 1.450                   0                2965             2658013
 1.500                   0                1026             2116241
 1.550                   0                 372             1630242
 1.600                   0                 139             1190413
 1.650                   0                  64              813958
 1.700                   0                  23              512214
 1.750                   0                  11              288874
 1.800                   0                   1              141689
 1.850                   0                   0               56339
 1.900                   0                   2               15813
 1.950                   0                   0                2638
 2.000                   0                   0                 176
 2.050                   0                   0                   4
 2.100                   0                   0                   0
 2.150                   0                   0                   0
 2.200                   0                   0                   0
 2.250                   0                   0                   0
 2.300                   0                   0                   0
 2.350                   0                   0                   0
 2.400                   0                   0                   0
 2.450                   0                   0                   0
 2.500                   0                   0                   0
 2.550                   0                   0                   0
 2.600                   0                   0                   0
 2.650                   0                   0                   0
 2.700                   0                   0                   0
 2.750                   0                   0                   0
 2.800                   0                   0                   0
 2.850                   0                   0                   0
 2.900                   0                   0                   0
 2.950                   0                   0                   0
 3.000                   0                   0                   0
 3.050                   0                   0                   0
 3.100                   0                   0                   0
 3.150                   0                   0                   0
 3.200                   0                   0                   0
 3.250                   0                   0                   0
 3.300                   0                   0                   0
 3.350                   0                   0                   0
 3.400                   0                   0                   0
 3.450                   0                   0                   0
 3.500                   0                   0                   0
 3.550                   0                   0                   0
 3.600                   0                   0                   0
 3.650                   0                   0                   0
 3.700                   0                   0                   0
 3.750                   0                   0                   0
 3.800                   0                   0                   0
 3.850                   0                   0                   0
 3.900                   0                   0                   0
 3.950                   0                   0                   0
 4.000                   0                   0                   0
 4.050                   0                   0                   0
 4.100                   0                   0                   0
 4.150                   0                   0                   0
 4.200                   0                   0                   0
 4.250                   0                   0                   0
 4.300                   0                   0                   0
 4.350                   0                   0                   0
 4.400                   0                   0                   0
 4.450                   0                   0                   0
 4.500                   0                   0                   0
 4.550                   0                   0                   0
 4.600                   0                   0                   0
 4.650                   0                   0                   0
 4.700                   0                   0                   0
 4.750                   0                   0                   0
 4.800                   0                   0                   0
 4.850                   0                   0                   0
 4.900                   0                   0                   0
 4.950                   0                   0                   0
