 0.000             9514146             9210462             9617181
 0.050              570058              394142              529415
 0.100              505995              441565              344119
 0.150              497892              484247              203060
 0.200              508252              506030              126663
 0.250              529499              520689               92740
 0.300              559404              541324               79602
 0.350              596274              569407               80653
 0.400              641723              611163               86169
 0.450              694115              662964               93384
 0.500              754745              724111              100533
 0.550              825197              798808              108929
 0.600              908186              883307              114458
 0.650             1002730              981348              120939
 0.700             1107557             1094704              125690
 0.750             1237673             1228245              129388
 0.800             1394434             1383042              132061
 0.850             1567797             1574556              132792
 0.900             1783237             1800400              133099
 0.950             2094785             2107795              131722
 1.000             4618440             4722568             6277672
 1.050             8907480             9420693            12698155
 1.100            12206784            12392058            12336647
 1.150            17067799            15676304            10336559
 1.200            13770723            13171624             7879179
 1.250             5501312             6537477             6333657
 1.300              894508             1662073             5061436
 1.350               55961              199465             4139781
 1.400                 300               13446             3414291
 1.450                   0                2092             2826568
 1.500                   0                 629             2270893
 1.550                   0                 184             1724652
 1.600                   0                  58             1215655
 1.650                   0                  20              749578
 1.700                   0                   3              385806
 1.750                   0                   2              147257
 1.800                   0                   0               33260
 1.850                   0                   0                3280
 1.900                   0                   0                  83
 1.950                   0                   0                   0
 2.000                   0                   0                   0
 2.050                   0                   0                   0
 2.100                   0                   0                   0
 2.150                   0                   1                   0
 2.200                   0                   0                   0
 2.250                   0                   0                   0
 2.300                   0                   0                   0
 2.350                   0                   0                   0
 2.400                   0                   0                   0
 2.450                   0                   0                   0
 2.500                   0                   0                   0
 2.550                   0                   0                   0
 2.600                   0                   0                   0
 2.650                   0                   0                   0
 2.700                   0                   0                   0
 2.750                   0                   0                   0
 2.800                   0                   0                   0
 2.850                   0                   0                   0
 2.900                   0                   0                   0
 2.950                   0                   0                   0
 3.000                   0                   0                   0
 3.050                   0                   0                   0
 3.100                   0                   0                   0
 3.150                   0                   0                   0
 3.200                   0                   0                   0
 3.250                   0                   0                   0
 3.300                   0                   0                   0
 3.350                   0                   0                   0
 3.400                   0                   0                   0
 3.450                   0                   0                   0
 3.500                   0                   0                   0
 3.550                   0                   0                   0
 3.600                   0                   0                   0
 3.650                   0                   0                   0
 3.700                   0                   0                   0
 3.750                   0                   0                   0
 3.800                   0                   0                   0
 3.850                   0                   0                   0
 3.900                   0                   0                   0
 3.950                   0                   0                   0
 4.000                   0                   0                   0
 4.050                   0                   0                   0
 4.100                   0                   0                   0
 4.150                   0                   0                   0
 4.200                   0                   0                   0
 4.250                   0                   0                   0
 4.300                   0                   0                   0
 4.350                   0                   0                   0
 4.400                   0                   0                   0
 4.450                   0                   0                   0
 4.500                   0                   0                   0
 4.550                   0                   0                   0
 4.600                   0                   0                   0
 4.650                   0                   0                   0
 4.700                   0                   0                   0
 4.750                   0                   0                   0
 4.800                   0                   0                   0
 4.850                   0                   0                   0
 4.900                   0                   0                   0
 4.950                   0                   0                   0
