 0.000             9593008             9456220             9677679
 0.050              530512              383943              490275
 0.100              464500              405339              269790
 0.150              455769              435997              162848
 0.200              465661              451170              111643
 0.250              483623              461921               98133
 0.300              508856              479422              100512
 0.350              539284              509671              106957
 0.400              579857              545219              115489
 0.450              622654              590543              124895
 0.500              673910              647221              135417
 0.550              736104              709435              144067
 0.600              806162              786592              152085
 0.650              886178              871860              159039
 0.700              988780              974189              163675
 0.750             1109663             1099587              168326
 0.800             1268288             1251593              172389
 0.850             1449566             1437143              173106
 0.900             1674037             1663389              173824
 0.950             1965526             1963527              173272
 1.000             3921528             3951782             3685543
 1.050             7974195             8395691            12279585
 1.100            11017032            11311824            12057692
 1.150            15416823            14745273            10868979
 1.200            15674787            14645413             8724823
 1.250             8199405             8831346             6909735
 1.300             1855872             2677778             5486947
 1.350              164734              329405             4509014
 1.400                5591               18494             3727178
 1.450                   0                 740             3035783
 1.500                   0                 135             2411335
 1.550                   0                  33             1736615
 1.600                   0                   6             1065974
 1.650                   0                   3              497425
 1.700                   0                   0              143234
 1.750                   0                   1               18116
 1.800                   0                   0                 506
 1.850                   0                   0                   0
 1.900                   0                   0                   0
 1.950                   0                   0                   0
 2.000                   0                   0                   0
 2.050                   0                   0                   0
 2.100                   0                   0                   0
 2.150                   0                   0                   0
 2.200                   0                   0                   0
 2.250                   0                   0                   0
 2.300                   0                   0                   0
 2.350                   0                   0                   0
 2.400                   0                   0                   0
 2.450                   0                   0                   0
 2.500                   0                   0                   0
 2.550                   0                   0                   0
 2.600                   0                   0                   0
 2.650                   0                   0                   0
 2.700                   0                   0                   0
 2.750                   0                   0                   0
 2.800                   0                   0                   0
 2.850                   0                   0                   0
 2.900                   0                   0                   0
 2.950                   0                   0                   0
 3.000                   0                   0                   0
 3.050                   0                   0                   0
 3.100                   0                   0                   0
 3.150                   0                   0                   0
 3.200                   0                   0                   0
 3.250                   0                   0                   0
 3.300                   0                   0                   0
 3.350                   0                   0                   0
 3.400                   0                   0                   0
 3.450                   0                   0                   0
 3.500                   0                   0                   0
 3.550                   0                   0                   0
 3.600                   0                   0                   0
 3.650                   0                   0                   0
 3.700                   0                   0                   0
 3.750                   0                   0                   0
 3.800                   0                   0                   0
 3.850                   0                   0                   0
 3.900                   0                   0                   0
 3.950                   0                   0                   0
 4.000                   0                   0                   0
 4.050                   0                   0                   0
 4.100                   0                   0                   0
 4.150                   0                   0                   0
 4.200                   0                   0                   0
 4.250                   0                   0                   0
 4.300                   0                   0                   0
 4.350                   0                   0                   0
 4.400                   0                   0                   0
 4.450                   0                   0                   0
 4.500                   0                   0                   0
 4.550                   0                   0                   0
 4.600                   0                   0                   0
 4.650                   0                   0                   0
 4.700                   0                   0                   0
 4.750                   0                   0                   0
 4.800                   0                   0                   0
 4.850                   0                   0                   0
 4.900                   0                   0                   0
 4.950                   0                   0                   0
