 0.000             8965181             9308747             9308747
 0.050              426455              278371              278371
 0.100              350794              271459              271459
 0.150              325836              280888              280888
 0.200              319168              292471              292471
 0.250              322988              307271              307271
 0.300              334282              324212              324212
 0.350              348817              342460              342460
 0.400              371005              366861              366861
 0.450              394881              392164              392164
 0.500              424758              422821              422821
 0.550              459054              457788              457788
 0.600              502070              501320              501320
 0.650              556958              556324              556324
 0.700              623117              622710              622710
 0.750              706174              705978              705978
 0.800              818556              818415              818415
 0.850              977202              977102              977102
 0.900             1205068             1205028             1205028
 0.950             1546039             1546027             1546027
 1.000             2089931             2089921             2089921
 1.050             4678314             4678310             4678310
 1.100            26535867            26535867            26535867
 1.150            33999775            33999775            33999775
 1.200             2010448             2010448             2010448
 1.250                  42                  42                  42
 1.300                   0                   0                   0
 1.350                   0                   0                   0
 1.400                   0                   0                   0
 1.450                   0                   0                   0
 1.500                   0                   0                   0
 1.550                   0                   0                   0
 1.600                   0                   0                   0
 1.650                   0                   0                   0
 1.700                   0                   0                   0
 1.750                   0                   0                   0
 1.800                   0                   0                   0
 1.850                   0                   0                   0
 1.900                   0                   0                   0
 1.950                   0                   0                   0
 2.000                   0                   0                   0
 2.050                   0                   0                   0
 2.100                   0                   0                   0
 2.150                   0                   0                   0
 2.200                   0                   0                   0
 2.250                   0                   0                   0
 2.300                   0                   0                   0
 2.350                   0                   0                   0
 2.400                   0                   0                   0
 2.450                   0                   0                   0
 2.500                   0                   0                   0
 2.550                   0                   0                   0
 2.600                   0                   0                   0
 2.650                   0                   0                   0
 2.700                   0                   0                   0
 2.750                   0                   0                   0
 2.800                   0                   0                   0
 2.850                   0                   0                   0
 2.900                   0                   0                   0
 2.950                   0                   0                   0
 3.000                   0                   0                   0
 3.050                   0                   0                   0
 3.100                   0                   0                   0
 3.150                   0                   0                   0
 3.200                   0                   0                   0
 3.250                   0                   0                   0
 3.300                   0                   0                   0
 3.350                   0                   0                   0
 3.400                   0                   0                   0
 3.450                   0                   0                   0
 3.500                   0                   0                   0
 3.550                   0                   0                   0
 3.600                   0                   0                   0
 3.650                   0                   0                   0
 3.700                   0                   0                   0
 3.750                   0                   0                   0
 3.800                   0                   0                   0
 3.850                   0                   0                   0
 3.900                   0                   0                   0
 3.950                   0                   0                   0
 4.000                   0                   0                   0
 4.050                   0                   0                   0
 4.100                   0                   0                   0
 4.150                   0                   0                   0
 4.200                   0                   0                   0
 4.250                   0                   0                   0
 4.300                   0                   0                   0
 4.350                   0                   0                   0
 4.400                   0                   0                   0
 4.450                   0                   0                   0
 4.500                   0                   0                   0
 4.550                   0                   0                   0
 4.600                   0                   0                   0
 4.650                   0                   0                   0
 4.700                   0                   0                   0
 4.750                   0                   0                   0
 4.800                   0                   0                   0
 4.850                   0                   0                   0
 4.900                   0                   0                   0
 4.950                   0                   0                   0
