 0.000             9460900             9023089             9688507
 0.050              610498              412288              546208
 0.100              546418              486816              355796
 0.150              546065              539631              242364
 0.200              565869              560947              153981
 0.250              591596              576682               97322
 0.300              622625              603575               71557
 0.350              663230              637797               61590
 0.400              714288              681792               61702
 0.450              774973              740469               65885
 0.500              840216              808006               71029
 0.550              913655              886877               76783
 0.600             1000588              976276               81937
 0.650             1102446             1082930               86748
 0.700             1236709             1209293               90352
 0.750             1389090             1355982               93886
 0.800             1547844             1531931               96376
 0.850             1744566             1733727               97382
 0.900             1976701             1980132               97986
 0.950             2281468             2304653               98395
 1.000             4003522             4176659             7655960
 1.050             9126765            10168505            13988570
 1.100            16432240            15878166            12882100
 1.150            17983258            16168819             9845674
 1.200            10290241            10606038             7360822
 1.250             3445320             4495166             5680283
 1.300              383553             1042667             4584631
 1.350               12803              121215             3893675
 1.400                 182               12676             3262355
 1.450                   0                3162             2664997
 1.500                   0                1037             2136104
 1.550                   0                 385             1653112
 1.600                   0                 148             1204953
 1.650                   0                  55              816596
 1.700                   0                  22              500835
 1.750                   0                  11              270435
 1.800                   0                   3              120976
 1.850                   0                   0               40519
 1.900                   0                   0                8474
 1.950                   0                   2                 750
 2.000                   0                   0                  22
 2.050                   0                   0                   0
 2.100                   0                   0                   0
 2.150                   0                   0                   0
 2.200                   0                   0                   0
 2.250                   0                   0                   0
 2.300                   0                   0                   0
 2.350                   0                   0                   0
 2.400                   0                   0                   0
 2.450                   0                   0                   0
 2.500                   0                   0                   0
 2.550                   0                   0                   0
 2.600                   0                   0                   0
 2.650                   0                   0                   0
 2.700                   0                   0                   0
 2.750                   0                   0                   0
 2.800                   0                   0                   0
 2.850                   0                   0                   0
 2.900                   0                   0                   0
 2.950                   0                   0                   0
 3.000                   0                   0                   0
 3.050                   0                   0                   0
 3.100                   0                   0                   0
 3.150                   0                   0                   0
 3.200                   0                   0                   0
 3.250                   0                   0                   0
 3.300                   0                   0                   0
 3.350                   0                   0                   0
 3.400                   0                   0                   0
 3.450                   0                   0                   0
 3.500                   0                   0                   0
 3.550                   0                   0                   0
 3.600                   0                   0                   0
 3.650                   0                   0                   0
 3.700                   0                   0                   0
 3.750                   0                   0                   0
 3.800                   0                   0                   0
 3.850                   0                   0                   0
 3.900                   0                   0                   0
 3.950                   0                   0                   0
 4.000                   0                   0                   0
 4.050                   0                   0                   0
 4.100                   0                   0                   0
 4.150                   0                   0                   0
 4.200                   0                   0                   0
 4.250                   0                   0                   0
 4.300                   0                   0                   0
 4.350                   0                   0                   0
 4.400                   0                   0                   0
 4.450                   0                   0                   0
 4.500                   0                   0                   0
 4.550                   0                   0                   0
 4.600                   0                   0                   0
 4.650                   0                   0                   0
 4.700                   0                   0                   0
 4.750                   0                   0                   0
 4.800                   0                   0                   0
 4.850                   0                   0                   0
 4.900                   0                   0                   0
 4.950                   0                   0                   0
