 0.000            10155327            10320313             9679414
 0.050              464433              380235              207758
 0.100              385588              340485              169551
 0.150              363026              340337              167469
 0.200              363495              349780              173430
 0.250              372996              358638              185516
 0.300              386173              370297              199708
 0.350              402371              386302              214371
 0.400              421471              404050              230781
 0.450              442458              423972              246122
 0.500              466745              447031              260795
 0.550              493879              475786              274183
 0.600              526154              507268              288423
 0.650              563842              546340              304712
 0.700              610058              592838              321704
 0.750              664375              646275              341427
 0.800              727271              716274              362332
 0.850              807300              803617              388955
 0.900              907246              911040              418382
 0.950             1037087             1048970              454143
 1.000             1217656             1234701              497359
 1.050             2198793             2226723             1807441
 1.100             7279901             7466738            10159305
 1.150            10725970            10935648            10287547
 1.200            15782720            15411822            10470403
 1.250            19824210            19236658            10401447
 1.300            10888079            11379235            10376573
 1.350              954099             1169101             9706056
 1.400                1038                3251             7732691
 1.450                   0                  27             2986729
 1.500                   0                   6              119019
 1.550                   0                   3                  15
 1.600                   0                   0                   0
 1.650                   0                   0                   0
 1.700                   0                   0                   0
 1.750                   0                   0                   0
 1.800                   0                   0                   0
 1.850                   0                   0                   0
 1.900                   0                   0                   0
 1.950                   0                   0                   0
 2.000                   0                   0                   0
 2.050                   0                   0                   0
 2.100                   0                   0                   0
 2.150                   0                   0                   0
 2.200                   0                   0                   0
 2.250                   0                   0                   0
 2.300                   0                   0                   0
 2.350                   0                   0                   0
 2.400                   0                   0                   0
 2.450                   0                   0                   0
 2.500                   0                   0                   0
 2.550                   0                   0                   0
 2.600                   0                   0                   0
 2.650                   0                   0                   0
 2.700                   0                   0                   0
 2.750                   0                   0                   0
 2.800                   0                   0                   0
 2.850                   0                   0                   0
 2.900                   0                   0                   0
 2.950                   0                   0                   0
 3.000                   0                   0                   0
 3.050                   0                   0                   0
 3.100                   0                   0                   0
 3.150                   0                   0                   0
 3.200                   0                   0                   0
 3.250                   0                   0                   0
 3.300                   0                   0                   0
 3.350                   0                   0                   0
 3.400                   0                   0                   0
 3.450                   0                   0                   0
 3.500                   0                   0                   0
 3.550                   0                   0                   0
 3.600                   0                   0                   0
 3.650                   0                   0                   0
 3.700                   0                   0                   0
 3.750                   0                   0                   0
 3.800                   0                   0                   0
 3.850                   0                   0                   0
 3.900                   0                   0                   0
 3.950                   0                   0                   0
 4.000                   0                   0                   0
 4.050                   0                   0                   0
 4.100                   0                   0                   0
 4.150                   0                   0                   0
 4.200                   0                   0                   0
 4.250                   0                   0                   0
 4.300                   0                   0                   0
 4.350                   0                   0                   0
 4.400                   0                   0                   0
 4.450                   0                   0                   0
 4.500                   0                   0                   0
 4.550                   0                   0                   0
 4.600                   0                   0                   0
 4.650                   0                   0                   0
 4.700                   0                   0                   0
 4.750                   0                   0                   0
 4.800                   0                   0                   0
 4.850                   0                   0                   0
 4.900                   0                   0                   0
 4.950                   0                   0                   0
