 0.000            10002459            10181841             9530233
 0.050              459036              370179              225124
 0.100              377070              324680              190413
 0.150              347073              323494              190141
 0.200              342341              331042              205011
 0.250              349584              339551              220395
 0.300              361723              350960              235930
 0.350              376126              365564              251851
 0.400              394278              382660              268327
 0.450              414716              403296              285192
 0.500              437213              425640              302462
 0.550              463724              452733              320434
 0.600              494084              483405              341256
 0.650              529101              519284              365375
 0.700              572567              562107              392889
 0.750              623788              616324              427166
 0.800              688402              683010              469470
 0.850              764083              761762              519166
 0.900              863910              866184              581063
 0.950             1000784             1006407              663442
 1.000             1191687             1206103              770292
 1.050             1537763             1574600             1066024
 1.100             6208772             6396266             8639057
 1.150            13055077            13226442            11509833
 1.200            23489288            22683629            12740412
 1.250            21785723            21891628            14705849
 1.300             2230086             2629672            15222890
 1.350                 864                2810             8263038
 1.400                   0                  37              458549
 1.450                   0                   9                  38
 1.500                   0                   3                   0
 1.550                   0                   0                   0
 1.600                   0                   0                   0
 1.650                   0                   0                   0
 1.700                   0                   0                   0
 1.750                   0                   0                   0
 1.800                   0                   0                   0
 1.850                   0                   0                   0
 1.900                   0                   0                   0
 1.950                   0                   0                   0
 2.000                   0                   0                   0
 2.050                   0                   0                   0
 2.100                   0                   0                   0
 2.150                   0                   0                   0
 2.200                   0                   0                   0
 2.250                   0                   0                   0
 2.300                   0                   0                   0
 2.350                   0                   0                   0
 2.400                   0                   0                   0
 2.450                   0                   0                   0
 2.500                   0                   0                   0
 2.550                   0                   0                   0
 2.600                   0                   0                   0
 2.650                   0                   0                   0
 2.700                   0                   0                   0
 2.750                   0                   0                   0
 2.800                   0                   0                   0
 2.850                   0                   0                   0
 2.900                   0                   0                   0
 2.950                   0                   0                   0
 3.000                   0                   0                   0
 3.050                   0                   0                   0
 3.100                   0                   0                   0
 3.150                   0                   0                   0
 3.200                   0                   0                   0
 3.250                   0                   0                   0
 3.300                   0                   0                   0
 3.350                   0                   0                   0
 3.400                   0                   0                   0
 3.450                   0                   0                   0
 3.500                   0                   0                   0
 3.550                   0                   0                   0
 3.600                   0                   0                   0
 3.650                   0                   0                   0
 3.700                   0                   0                   0
 3.750                   0                   0                   0
 3.800                   0                   0                   0
 3.850                   0                   0                   0
 3.900                   0                   0                   0
 3.950                   0                   0                   0
 4.000                   0                   0                   0
 4.050                   0                   0                   0
 4.100                   0                   0                   0
 4.150                   0                   0                   0
 4.200                   0                   0                   0
 4.250                   0                   0                   0
 4.300                   0                   0                   0
 4.350                   0                   0                   0
 4.400                   0                   0                   0
 4.450                   0                   0                   0
 4.500                   0                   0                   0
 4.550                   0                   0                   0
 4.600                   0                   0                   0
 4.650                   0                   0                   0
 4.700                   0                   0                   0
 4.750                   0                   0                   0
 4.800                   0                   0                   0
 4.850                   0                   0                   0
 4.900                   0                   0                   0
 4.950                   0                   0                   0
