 0.000             9882760             9909627             9812877
 0.050              494882              386125              341725
 0.100              432159              375004              190189
 0.150              421688              394881              136322
 0.200              430415              409520              126415
 0.250              446324              422534              132290
 0.300              468616              439767              141696
 0.350              492557              462806              151272
 0.400              522250              491955              164350
 0.450              558470              527836              177305
 0.500              598712              569769              188632
 0.550              645480              617925              199925
 0.600              699918              674506              209935
 0.650              762502              740369              219237
 0.700              838374              817172              226619
 0.750              927989              915273              235595
 0.800             1032638             1031255              241427
 0.850             1167173             1176062              247317
 0.900             1336217             1354806              251041
 0.950             1555223             1575874              255667
 1.000             1917234             1939943              391958
 1.050             7566772             7720640            10880786
 1.100             9483823             9897082            11436905
 1.150            12761661            12678348            11290621
 1.200            15999679            15090866             9781442
 1.250            13045235            12892310             7977804
 1.300             4632361             5376105             6528638
 1.350              596278              814317             5322202
 1.400               14660               29199             4406222
 1.450                   0                 163             3563268
 1.500                   0                   8             2587884
 1.550                   0                   2             1435331
 1.600                   0                   1              438446
 1.650                   0                   0               40476
 1.700                   0                   0                 230
 1.750                   0                   0                   1
 1.800                   0                   0                   0
 1.850                   0                   0                   0
 1.900                   0                   0                   0
 1.950                   0                   0                   0
 2.000                   0                   0                   0
 2.050                   0                   0                   0
 2.100                   0                   0                   0
 2.150                   0                   0                   0
 2.200                   0                   0                   0
 2.250                   0                   0                   0
 2.300                   0                   0                   0
 2.350                   0                   0                   0
 2.400                   0                   0                   0
 2.450                   0                   0                   0
 2.500                   0                   0                   0
 2.550                   0                   0                   0
 2.600                   0                   0                   0
 2.650                   0                   0                   0
 2.700                   0                   0                   0
 2.750                   0                   0                   0
 2.800                   0                   0                   0
 2.850                   0                   0                   0
 2.900                   0                   0                   0
 2.950                   0                   0                   0
 3.000                   0                   0                   0
 3.050                   0                   0                   0
 3.100                   0                   0                   0
 3.150                   0                   0                   0
 3.200                   0                   0                   0
 3.250                   0                   0                   0
 3.300                   0                   0                   0
 3.350                   0                   0                   0
 3.400                   0                   0                   0
 3.450                   0                   0                   0
 3.500                   0                   0                   0
 3.550                   0                   0                   0
 3.600                   0                   0                   0
 3.650                   0                   0                   0
 3.700                   0                   0                   0
 3.750                   0                   0                   0
 3.800                   0                   0                   0
 3.850                   0                   0                   0
 3.900                   0                   0                   0
 3.950                   0                   0                   0
 4.000                   0                   0                   0
 4.050                   0                   0                   0
 4.100                   0                   0                   0
 4.150                   0                   0                   0
 4.200                   0                   0                   0
 4.250                   0                   0                   0
 4.300                   0                   0                   0
 4.350                   0                   0                   0
 4.400                   0                   0                   0
 4.450                   0                   0                   0
 4.500                   0                   0                   0
 4.550                   0                   0                   0
 4.600                   0                   0                   0
 4.650                   0                   0                   0
 4.700                   0                   0                   0
 4.750                   0                   0                   0
 4.800                   0                   0                   0
 4.850                   0                   0                   0
 4.900                   0                   0                   0
 4.950                   0                   0                   0
