 0.000             9450893             8993583             9693738
 0.050              614813              411197              562270
 0.100              552340              488677              355427
 0.150              550973              543137              243730
 0.200              570574              566330              157809
 0.250              602303              589343               98238
 0.300              637357              615459               71018
 0.350              682960              649759               59450
 0.400              730121              696463               58363
 0.450              790716              759445               62024
 0.500              854743              831463               66494
 0.550              932733              909547               72201
 0.600             1028227             1000425               76710
 0.650             1128250             1104898               81287
 0.700             1261712             1228575               85246
 0.750             1419128             1381659               88541
 0.800             1584587             1559805               91157
 0.850             1780348             1765858               91940
 0.900             2008006             2020491               92766
 0.950             2309917             2335342               93766
 1.000             3800129             3982395             7407961
 1.050             8205726             9323975            14481553
 1.100            17332779            16845188            12995947
 1.150            19020337            16858179             9840242
 1.200             9835934            10362959             7295335
 1.250             2887244             4051742             5644702
 1.300              333500              914648             4519864
 1.350                6849              106393             3860506
 1.400                  32               11728             3246756
 1.450                   1                2985             2663664
 1.500                   0                 988             2122090
 1.550                   0                 353             1639785
 1.600                   0                 134             1195767
 1.650                   0                  72              815340
 1.700                   0                  26              507190
 1.750                   0                   7              279775
 1.800                   0                   4              132368
 1.850                   0                   0               48660
 1.900                   0                   0               11950
 1.950                   0                   0                1531
 2.000                   0                   0                  71
 2.050                   0                   0                   0
 2.100                   0                   0                   0
 2.150                   0                   0                   0
 2.200                   0                   0                   0
 2.250                   0                   0                   0
 2.300                   0                   0                   0
 2.350                   0                   0                   0
 2.400                   0                   0                   0
 2.450                   0                   0                   0
 2.500                   0                   0                   0
 2.550                   0                   0                   0
 2.600                   0                   0                   0
 2.650                   0                   0                   0
 2.700                   0                   0                   0
 2.750                   0                   0                   0
 2.800                   0                   0                   0
 2.850                   0                   0                   0
 2.900                   0                   0                   0
 2.950                   0                   0                   0
 3.000                   0                   0                   0
 3.050                   0                   0                   0
 3.100                   0                   0                   0
 3.150                   0                   0                   0
 3.200                   0                   0                   0
 3.250                   0                   0                   0
 3.300                   0                   0                   0
 3.350                   0                   0                   0
 3.400                   0                   0                   0
 3.450                   0                   0                   0
 3.500                   0                   0                   0
 3.550                   0                   0                   0
 3.600                   0                   0                   0
 3.650                   0                   0                   0
 3.700                   0                   0                   0
 3.750                   0                   0                   0
 3.800                   0                   0                   0
 3.850                   0                   0                   0
 3.900                   0                   0                   0
 3.950                   0                   0                   0
 4.000                   0                   0                   0
 4.050                   0                   0                   0
 4.100                   0                   0                   0
 4.150                   0                   0                   0
 4.200                   0                   0                   0
 4.250                   0                   0                   0
 4.300                   0                   0                   0
 4.350                   0                   0                   0
 4.400                   0                   0                   0
 4.450                   0                   0                   0
 4.500                   0                   0                   0
 4.550                   0                   0                   0
 4.600                   0                   0                   0
 4.650                   0                   0                   0
 4.700                   0                   0                   0
 4.750                   0                   0                   0
 4.800                   0                   0                   0
 4.850                   0                   0                   0
 4.900                   0                   0                   0
 4.950                   0                   0                   0
