 0.000             9476486             9059428             9673233
 0.050              607423              413511              536806
 0.100              541875              478922              356883
 0.150              536157              529496              239694
 0.200              553739              550568              148492
 0.250              577502              566489               96011
 0.300              610903              590328               71960
 0.350              651826              626563               64011
 0.400              700947              670170               64852
 0.450              756799              724170               69657
 0.500              821328              792588               75139
 0.550              897229              868405               80980
 0.600              987453              958519               86673
 0.650             1092446             1065002               91450
 0.700             1217116             1190387               95489
 0.750             1355122             1331794               98590
 0.800             1509371             1503249              101463
 0.850             1706580             1700298              102497
 0.900             1934277             1941514              103143
 0.950             2245743             2266133              102618
 1.000             4342114             4521591             7896260
 1.050             9487229            10341696            13549747
 1.100            15229751            14910652            12619193
 1.150            17554780            15828169             9879729
 1.200            10853340            11022220             7472307
 1.250             3983951             4927734             5703418
 1.300              458888             1175270             4680732
 1.350               31817              147791             3939540
 1.400                  29               14790             3279171
 1.450                   1                3090             2677986
 1.500                   0                1045             2157965
 1.550                   0                 395             1669256
 1.600                   0                 150             1216222
 1.650                   0                  62              818703
 1.700                   0                  21              494545
 1.750                   0                   9              258845
 1.800                   0                   1              109793
 1.850                   0                   1               33137
 1.900                   0                   1                5649
 1.950                   0                   0                 376
 2.000                   0                   0                   7
 2.050                   0                   0                   0
 2.100                   0                   0                   0
 2.150                   0                   0                   0
 2.200                   0                   0                   0
 2.250                   0                   0                   0
 2.300                   0                   0                   0
 2.350                   0                   0                   0
 2.400                   0                   0                   0
 2.450                   0                   0                   0
 2.500                   0                   0                   0
 2.550                   0                   0                   0
 2.600                   0                   0                   0
 2.650                   0                   0                   0
 2.700                   0                   0                   0
 2.750                   0                   0                   0
 2.800                   0                   0                   0
 2.850                   0                   0                   0
 2.900                   0                   0                   0
 2.950                   0                   0                   0
 3.000                   0                   0                   0
 3.050                   0                   0                   0
 3.100                   0                   0                   0
 3.150                   0                   0                   0
 3.200                   0                   0                   0
 3.250                   0                   0                   0
 3.300                   0                   0                   0
 3.350                   0                   0                   0
 3.400                   0                   0                   0
 3.450                   0                   0                   0
 3.500                   0                   0                   0
 3.550                   0                   0                   0
 3.600                   0                   0                   0
 3.650                   0                   0                   0
 3.700                   0                   0                   0
 3.750                   0                   0                   0
 3.800                   0                   0                   0
 3.850                   0                   0                   0
 3.900                   0                   0                   0
 3.950                   0                   0                   0
 4.000                   0                   0                   0
 4.050                   0                   0                   0
 4.100                   0                   0                   0
 4.150                   0                   0                   0
 4.200                   0                   0                   0
 4.250                   0                   0                   0
 4.300                   0                   0                   0
 4.350                   0                   0                   0
 4.400                   0                   0                   0
 4.450                   0                   0                   0
 4.500                   0                   0                   0
 4.550                   0                   0                   0
 4.600                   0                   0                   0
 4.650                   0                   0                   0
 4.700                   0                   0                   0
 4.750                   0                   0                   0
 4.800                   0                   0                   0
 4.850                   0                   0                   0
 4.900                   0                   0                   0
 4.950                   0                   0                   0
