 0.000             9489218             9091103             9654066
 0.050              598313              408924              535396
 0.100              534153              472765              354716
 0.150              525448              517716              236310
 0.200              541311              539204              142763
 0.250              566636              558344               94921
 0.300              597744              577654               72837
 0.350              637948              613119               66328
 0.400              690989              657409               68591
 0.450              745418              714053               73668
 0.500              809485              780884               79527
 0.550              885937              860726               85462
 0.600              974989              945357               91335
 0.650             1080987             1049366               96473
 0.700             1190983             1166025              100599
 0.750             1325079             1310385              103974
 0.800             1479962             1474296              106684
 0.850             1675803             1663906              107330
 0.900             1890599             1905461              107850
 0.950             2192184             2216994              107542
 1.000             4757976             4931082             7548490
 1.050             9100690             9810005            13571482
 1.100            14438584            14381489            12432967
 1.150            17504599            15688277             9944104
 1.200            11437583            11513975             7570448
 1.250             4373666             5304361             5747951
 1.300              562266             1299101             4779836
 1.350               33090              170001             3996981
 1.400                   1               15007             3299710
 1.450                   0                3019             2698450
 1.500                   0                1004             2183238
 1.550                   0                 367             1687885
 1.600                   0                 152             1223943
 1.650                   0                  58              815389
 1.700                   0                  31              483450
 1.750                   0                  14              244480
 1.800                   0                   6               97139
 1.850                   0                   0               25677
 1.900                   0                   1                3480
 1.950                   0                   0                 168
 2.000                   0                   0                   1
 2.050                   0                   0                   0
 2.100                   0                   0                   0
 2.150                   0                   0                   0
 2.200                   0                   0                   0
 2.250                   0                   0                   0
 2.300                   0                   0                   0
 2.350                   0                   0                   0
 2.400                   0                   0                   0
 2.450                   0                   0                   0
 2.500                   0                   0                   0
 2.550                   0                   0                   0
 2.600                   0                   0                   0
 2.650                   0                   0                   0
 2.700                   0                   0                   0
 2.750                   0                   0                   0
 2.800                   0                   0                   0
 2.850                   0                   0                   0
 2.900                   0                   0                   0
 2.950                   0                   0                   0
 3.000                   0                   0                   0
 3.050                   0                   0                   0
 3.100                   0                   0                   0
 3.150                   0                   0                   0
 3.200                   0                   0                   0
 3.250                   0                   0                   0
 3.300                   0                   0                   0
 3.350                   0                   0                   0
 3.400                   0                   0                   0
 3.450                   0                   0                   0
 3.500                   0                   0                   0
 3.550                   0                   0                   0
 3.600                   0                   0                   0
 3.650                   0                   0                   0
 3.700                   0                   0                   0
 3.750                   0                   0                   0
 3.800                   0                   0                   0
 3.850                   0                   0                   0
 3.900                   0                   0                   0
 3.950                   0                   0                   0
 4.000                   0                   0                   0
 4.050                   0                   0                   0
 4.100                   0                   0                   0
 4.150                   0                   0                   0
 4.200                   0                   0                   0
 4.250                   0                   0                   0
 4.300                   0                   0                   0
 4.350                   0                   0                   0
 4.400                   0                   0                   0
 4.450                   0                   0                   0
 4.500                   0                   0                   0
 4.550                   0                   0                   0
 4.600                   0                   0                   0
 4.650                   0                   0                   0
 4.700                   0                   0                   0
 4.750                   0                   0                   0
 4.800                   0                   0                   0
 4.850                   0                   0                   0
 4.900                   0                   0                   0
 4.950                   0                   0                   0
