 0.000                6898                6115                6246
 0.050                 376                 496                  42
 0.100                 311                 539                  25
 0.150                 248                 380                  21
 0.200                 267                 349                  19
 0.250                 250                 277                  10
 0.300                 267                 248                  12
 0.350                 286                 281                  14
 0.400                 327                 309                  11
 0.450                 395                 362                  12
 0.500                 371                 373                  11
 0.550                 445                 408                  12
 0.600                 504                 542                  12
 0.650                 603                 568                  22
 0.700                 669                 691                  31
 0.750                 864                 878                  31
 0.800                1052                1042                  63
 0.850                1377                1374                  72
 0.900                1781                1997                  63
 0.950                2694                2870                  88
 1.000              898307              898103              896340
 1.050               35229               34359               25946
 1.100               24971               24995               15281
 1.150               19141               19292               11463
 1.200               13557               13881               12268
 1.250                7557                7786               16030
 1.300                2694                2854               14909
 1.350                 281                 351               11552
 1.400                   0                   2                6766
 1.450                   0                   0                3500
 1.500                   0                   0                 750
 1.550                   0                   0                  96
 1.600                   0                   0                   4
 1.650                   0                   0                   0
 1.700                   0                   0                   0
 1.750                   0                   0                   0
 1.800                   0                   0                   0
 1.850                   0                   0                   0
 1.900                   0                   0                   0
 1.950                   0                   0                   0
 2.000                   0                   0                   0
 2.050                   0                   0                   0
 2.100                   0                   0                   0
 2.150                   0                   0                   0
 2.200                   0                   0                   0
 2.250                   0                   0                   0
 2.300                   0                   0                   0
 2.350                   0                   0                   0
 2.400                   0                   0                   0
 2.450                   0                   0                   0
 2.500                   0                   0                   0
 2.550                   0                   0                   0
 2.600                   0                   0                   0
 2.650                   0                   0                   0
 2.700                   0                   0                   0
 2.750                   0                   0                   0
 2.800                   0                   0                   0
 2.850                   0                   0                   0
 2.900                   0                   0                   0
 2.950                   0                   0                   0
 3.000                   0                   0                   0
 3.050                   0                   0                   0
 3.100                   0                   0                   0
 3.150                   0                   0                   0
 3.200                   0                   0                   0
 3.250                   0                   0                   0
 3.300                   0                   0                   0
 3.350                   0                   0                   0
 3.400                   0                   0                   0
 3.450                   0                   0                   0
 3.500                   0                   0                   0
 3.550                   0                   0                   0
 3.600                   0                   0                   0
 3.650                   0                   0                   0
 3.700                   0                   0                   0
 3.750                   0                   0                   0
 3.800                   0                   0                   0
 3.850                   0                   0                   0
 3.900                   0                   0                   0
 3.950                   0                   0                   0
 4.000                   0                   0                   0
 4.050                   0                   0                   0
 4.100                   0                   0                   0
 4.150                   0                   0                   0
 4.200                   0                   0                   0
 4.250                   0                   0                   0
 4.300                   0                   0                   0
 4.350                   0                   0                   0
 4.400                   0                   0                   0
 4.450                   0                   0                   0
 4.500                   0                   0                   0
 4.550                   0                   0                   0
 4.600                   0                   0                   0
 4.650                   0                   0                   0
 4.700                   0                   0                   0
 4.750                   0                   0                   0
 4.800                   0                   0                   0
 4.850                   0                   0                   0
 4.900                   0                   0                   0
 4.950                   0                   0                   0
