 0.000             2875652             2531739             2918860
 0.050              371767              247208              598861
 0.100              337804              297485              467875
 0.150              341186              330431              321093
 0.200              355535              351193              208977
 0.250              375690              363863              126186
 0.300              401024              381098               71372
 0.350              434673              407863               43545
 0.400              470771              439745               34636
 0.450              511738              480276               35267
 0.500              562133              534254               40086
 0.550              620466              594986               46388
 0.600              687544              670471               53878
 0.650              769323              762358               60980
 0.700              868856              874643               68944
 0.750              998862             1024558               78342
 0.800             1193073             1237545               89873
 0.850             1452181             1561740              102756
 0.900             1825613             2064346              123861
 0.950             2705994            26935910            26150834
 1.000           679715887           670126904           770528971
 1.050           143142575           125957962            32004917
 1.100           113687809            99872274            26971566
 1.150            49198129            55985797            27323040
 1.200            12594835            19382578            26957556
 1.250             1920328             4359302            24126672
 1.300               77144              617698            20396109
 1.350                  71               75977            16666732
 1.400                   0               17844            13190148
 1.450                   0                5718             9910840
 1.500                   0                1982             7052841
 1.550                   0                 656             4789349
 1.600                   0                 164             3082543
 1.650                   0                  65             1862556
 1.700                   0                  17             1043291
 1.750                   0                  11              539371
 1.800                   0                   1              254090
 1.850                   0                   0              105090
 1.900                   0                   1               36484
 1.950                   0                   0                9930
 2.000                   0                   0                1764
 2.050                   0                   0                 186
 2.100                   0                   0                   3
 2.150                   0                   0                   0
 2.200                   0                   0                   0
 2.250                   0                   0                   0
 2.300                   0                   0                   0
 2.350                   0                   0                   0
 2.400                   0                   0                   0
 2.450                   0                   0                   0
 2.500                   0                   0                   0
 2.550                   0                   0                   0
 2.600                   0                   0                   0
 2.650                   0                   0                   0
 2.700                   0                   0                   0
 2.750                   0                   0                   0
 2.800                   0                   0                   0
 2.850                   0                   0                   0
 2.900                   0                   0                   0
 2.950                   0                   0                   0
 3.000                   0                   0                   0
 3.050                   0                   0                   0
 3.100                   0                   0                   0
 3.150                   0                   0                   0
 3.200                   0                   0                   0
 3.250                   0                   0                   0
 3.300                   0                   0                   0
 3.350                   0                   0                   0
 3.400                   0                   0                   0
 3.450                   0                   0                   0
 3.500                   0                   0                   0
 3.550                   0                   0                   0
 3.600                   0                   0                   0
 3.650                   0                   0                   0
 3.700                   0                   0                   0
 3.750                   0                   0                   0
 3.800                   0                   0                   0
 3.850                   0                   0                   0
 3.900                   0                   0                   0
 3.950                   0                   0                   0
 4.000                   0                   0                   0
 4.050                   0                   0                   0
 4.100                   0                   0                   0
 4.150                   0                   0                   0
 4.200                   0                   0                   0
 4.250                   0                   0                   0
 4.300                   0                   0                   0
 4.350                   0                   0                   0
 4.400                   0                   0                   0
 4.450                   0                   0                   0
 4.500                   0                   0                   0
 4.550                   0                   0                   0
 4.600                   0                   0                   0
 4.650                   0                   0                   0
 4.700                   0                   0                   0
 4.750                   0                   0                   0
 4.800                   0                   0                   0
 4.850                   0                   0                   0
 4.900                   0                   0                   0
 4.950                   0                   0                   0
