 0.000             3062895             2791177             3053937
 0.050              374840              247395              449092
 0.100              336197              291406              349564
 0.150              335911              317296              222924
 0.200              348109              336577              128229
 0.250              366767              353218               70086
 0.300              389902              370617               42569
 0.350              418103              394616               34245
 0.400              450107              423598               36643
 0.450              489691              462197               42417
 0.500              532070              507385               49448
 0.550              583509              559019               57531
 0.600              638525              623618               65221
 0.650              708109              700035               73443
 0.700              794216              792474               81752
 0.750              898349              915807               91188
 0.800             1039531             1083095              101188
 0.850             1244164             1315197              114156
 0.900             1557069             1678697              135085
 0.950             2128077            14541013            11165818
 1.000           723377389           722126834           812224262
 1.050           105708779            96666364            29016324
 1.100            98753045            85855235            23911446
 1.150            55650730            57885118            23852144
 1.200            16624402            22459805            23646770
 1.250             2505443             5056989            21729084
 1.300              179290              668807            18572186
 1.350                1820               60226            15230767
 1.400                   0                9371            11978467
 1.450                   0                2661             8737037
 1.500                   0                 852             5930802
 1.550                   0                 256             3786182
 1.600                   0                  65             2263784
 1.650                   0                  10             1243800
 1.700                   0                   5              619886
 1.750                   0                   4              268171
 1.800                   0                   0               94342
 1.850                   0                   0               23614
 1.900                   0                   0                3293
 1.950                   0                   0                 140
 2.000                   0                   0                   2
 2.050                   0                   0                   0
 2.100                   0                   0                   0
 2.150                   0                   0                   0
 2.200                   0                   0                   0
 2.250                   0                   0                   0
 2.300                   0                   0                   0
 2.350                   0                   0                   0
 2.400                   0                   0                   0
 2.450                   0                   0                   0
 2.500                   0                   0                   0
 2.550                   0                   0                   0
 2.600                   0                   0                   0
 2.650                   0                   0                   0
 2.700                   0                   0                   0
 2.750                   0                   0                   0
 2.800                   0                   0                   0
 2.850                   0                   0                   0
 2.900                   0                   0                   0
 2.950                   0                   0                   0
 3.000                   0                   0                   0
 3.050                   0                   0                   0
 3.100                   0                   0                   0
 3.150                   0                   0                   0
 3.200                   0                   0                   0
 3.250                   0                   0                   0
 3.300                   0                   0                   0
 3.350                   0                   0                   0
 3.400                   0                   0                   0
 3.450                   0                   0                   0
 3.500                   0                   0                   0
 3.550                   0                   0                   0
 3.600                   0                   0                   0
 3.650                   0                   0                   0
 3.700                   0                   0                   0
 3.750                   0                   0                   0
 3.800                   0                   0                   0
 3.850                   0                   0                   0
 3.900                   0                   0                   0
 3.950                   0                   0                   0
 4.000                   0                   0                   0
 4.050                   0                   0                   0
 4.100                   0                   0                   0
 4.150                   0                   0                   0
 4.200                   0                   0                   0
 4.250                   0                   0                   0
 4.300                   0                   0                   0
 4.350                   0                   0                   0
 4.400                   0                   0                   0
 4.450                   0                   0                   0
 4.500                   0                   0                   0
 4.550                   0                   0                   0
 4.600                   0                   0                   0
 4.650                   0                   0                   0
 4.700                   0                   0                   0
 4.750                   0                   0                   0
 4.800                   0                   0                   0
 4.850                   0                   0                   0
 4.900                   0                   0                   0
 4.950                   0                   0                   0
