 0.000             3295647             3252060             3186534
 0.050              351014              239048              253759
 0.100              306001              260121              129829
 0.150              298967              272014               62668
 0.200              305406              281335               40044
 0.250              319098              294134               38569
 0.300              336964              308184               45578
 0.350              357158              325178               54333
 0.400              380931              349498               64087
 0.450              408595              378682               74656
 0.500              441511              411794               84678
 0.550              476940              454474               95143
 0.600              522260              504666              103794
 0.650              574223              565112              111265
 0.700              637553              638868              119096
 0.750              716170              732445              126358
 0.800              820573              842604              134563
 0.850              962700              988811              146304
 0.900             1162741             1195815              164438
 0.950             1466763             3900172             2368185
 1.000           809468493           811251742           862174133
 1.050            49554575            48724852            26012719
 1.100            56210656            51633652            19406625
 1.150            51962488            48708560            18358891
 1.200            30159552            31908241            18342881
 1.250             7791236            10217506            17600170
 1.300              964424             1553169            15617206
 1.350               58479              115937            12818589
 1.400                 367                2616             9614883
 1.450                   0                 153             6391241
 1.500                   0                  34             3709355
 1.550                   0                   7             1867020
 1.600                   0                   1              754325
 1.650                   0                   0              211493
 1.700                   0                   0               27344
 1.750                   0                   0                 728
 1.800                   0                   0                   1
 1.850                   0                   0                   0
 1.900                   0                   0                   0
 1.950                   0                   0                   0
 2.000                   0                   0                   0
 2.050                   0                   0                   0
 2.100                   0                   0                   0
 2.150                   0                   0                   0
 2.200                   0                   0                   0
 2.250                   0                   0                   0
 2.300                   0                   0                   0
 2.350                   0                   0                   0
 2.400                   0                   0                   0
 2.450                   0                   0                   0
 2.500                   0                   0                   0
 2.550                   0                   0                   0
 2.600                   0                   0                   0
 2.650                   0                   0                   0
 2.700                   0                   0                   0
 2.750                   0                   0                   0
 2.800                   0                   0                   0
 2.850                   0                   0                   0
 2.900                   0                   0                   0
 2.950                   0                   0                   0
 3.000                   0                   0                   0
 3.050                   0                   0                   0
 3.100                   0                   0                   0
 3.150                   0                   0                   0
 3.200                   0                   0                   0
 3.250                   0                   0                   0
 3.300                   0                   0                   0
 3.350                   0                   0                   0
 3.400                   0                   0                   0
 3.450                   0                   0                   0
 3.500                   0                   0                   0
 3.550                   0                   0                   0
 3.600                   0                   0                   0
 3.650                   0                   0                   0
 3.700                   0                   0                   0
 3.750                   0                   0                   0
 3.800                   0                   0                   0
 3.850                   0                   0                   0
 3.900                   0                   0                   0
 3.950                   0                   0                   0
 4.000                   0                   0                   0
 4.050                   0                   0                   0
 4.100                   0                   0                   0
 4.150                   0                   0                   0
 4.200                   0                   0                   0
 4.250                   0                   0                   0
 4.300                   0                   0                   0
 4.350                   0                   0                   0
 4.400                   0                   0                   0
 4.450                   0                   0                   0
 4.500                   0                   0                   0
 4.550                   0                   0                   0
 4.600                   0                   0                   0
 4.650                   0                   0                   0
 4.700                   0                   0                   0
 4.750                   0                   0                   0
 4.800                   0                   0                   0
 4.850                   0                   0                   0
 4.900                   0                   0                   0
 4.950                   0                   0                   0
