 0.000             3351064             3513487             3045931
 0.050              321957              216846               68704
 0.100              273155              218958               50476
 0.150              258558              230033               57638
 0.200              259865              239720               70974
 0.250              265671              246838               85734
 0.300              276879              254882               99464
 0.350              289775              266019              111108
 0.400              304286              279632              122267
 0.450              321336              295704              130253
 0.500              339712              314431              138496
 0.550              362273              338948              145614
 0.600              388033              367923              151860
 0.650              419383              404094              157913
 0.700              454469              443998              166872
 0.750              498797              495031              175394
 0.800              549196              555472              185934
 0.850              615203              630883              199443
 0.900              703456              728174              217846
 0.950              823822             1464461              921723
 1.000           883457488           883531871           896320383
 1.050            24116798            24644119            24763843
 1.100            25014937            24427966            15479049
 1.150            26296179            25445398            15046421
 1.200            26121228            25393567            15178614
 1.250            18849007            19264269            14828177
 1.300             5481603             6108342            13066512
 1.350              341059              433111            10149674
 1.400                2630                3641             6508011
 1.450                   0                   1             2659524
 1.500                   0                   0              443204
 1.550                   0                   0               10763
 1.600                   0                   0                   0
 1.650                   0                   0                   0
 1.700                   0                   0                   0
 1.750                   0                   0                   0
 1.800                   0                   0                   0
 1.850                   0                   0                   0
 1.900                   0                   0                   0
 1.950                   0                   0                   0
 2.000                   0                   0                   0
 2.050                   0                   0                   0
 2.100                   0                   0                   0
 2.150                   0                   0                   0
 2.200                   0                   0                   0
 2.250                   0                   0                   0
 2.300                   0                   0                   0
 2.350                   0                   0                   0
 2.400                   0                   0                   0
 2.450                   0                   0                   0
 2.500                   0                   0                   0
 2.550                   0                   0                   0
 2.600                   0                   0                   0
 2.650                   0                   0                   0
 2.700                   0                   0                   0
 2.750                   0                   0                   0
 2.800                   0                   0                   0
 2.850                   0                   0                   0
 2.900                   0                   0                   0
 2.950                   0                   0                   0
 3.000                   0                   0                   0
 3.050                   0                   0                   0
 3.100                   0                   0                   0
 3.150                   0                   0                   0
 3.200                   0                   0                   0
 3.250                   0                   0                   0
 3.300                   0                   0                   0
 3.350                   0                   0                   0
 3.400                   0                   0                   0
 3.450                   0                   0                   0
 3.500                   0                   0                   0
 3.550                   0                   0                   0
 3.600                   0                   0                   0
 3.650                   0                   0                   0
 3.700                   0                   0                   0
 3.750                   0                   0                   0
 3.800                   0                   0                   0
 3.850                   0                   0                   0
 3.900                   0                   0                   0
 3.950                   0                   0                   0
 4.000                   0                   0                   0
 4.050                   0                   0                   0
 4.100                   0                   0                   0
 4.150                   0                   0                   0
 4.200                   0                   0                   0
 4.250                   0                   0                   0
 4.300                   0                   0                   0
 4.350                   0                   0                   0
 4.400                   0                   0                   0
 4.450                   0                   0                   0
 4.500                   0                   0                   0
 4.550                   0                   0                   0
 4.600                   0                   0                   0
 4.650                   0                   0                   0
 4.700                   0                   0                   0
 4.750                   0                   0                   0
 4.800                   0                   0                   0
 4.850                   0                   0                   0
 4.900                   0                   0                   0
 4.950                   0                   0                   0
