 0.000             2972120             2664753             2990106
 0.050              376752              249752              502476
 0.100              339342              295756              389514
 0.150              338070              324271              264857
 0.200              352264              343662              161194
 0.250              372788              359032               89751
 0.300              396743              377336               51922
 0.350              425385              402044               36346
 0.400              459767              434212               34505
 0.450              502280              474580               38895
 0.500              546642              523587               45494
 0.550              600895              578867               52723
 0.600              660959              646668               60353
 0.650              733792              725639               68047
 0.700              829086              824810               76553
 0.750              945117              953582               85782
 0.800             1092362             1133009               96470
 0.850             1322635             1400308              109398
 0.900             1646355             1815769              130353
 0.950             2298932            18951312            15857241
 1.000           705911633           701762291           797318000
 1.050           119802075           108038762            30276292
 1.100           106513463            92380079            24770514
 1.150            52367649            56948318            25227321
 1.200            15032580            21086998            24937849
 1.250             2187781             4736185            22679751
 1.300              146073              654925            19313893
 1.350                1842               70420            15804603
 1.400                   0               12852            12458615
 1.450                   0                3834             9211825
 1.500                   0                1263             6390544
 1.550                   0                 361             4189429
 1.600                   0                 105             2592665
 1.650                   0                  26             1488688
 1.700                   0                   6              783685
 1.750                   0                   6              371734
 1.800                   0                   1              153193
 1.850                   0                   1               50960
 1.900                   0                   0               12102
 1.950                   0                   0                1674
 2.000                   0                   0                  64
 2.050                   0                   0                   1
 2.100                   0                   0                   0
 2.150                   0                   0                   0
 2.200                   0                   0                   0
 2.250                   0                   0                   0
 2.300                   0                   0                   0
 2.350                   0                   0                   0
 2.400                   0                   0                   0
 2.450                   0                   0                   0
 2.500                   0                   0                   0
 2.550                   0                   0                   0
 2.600                   0                   0                   0
 2.650                   0                   0                   0
 2.700                   0                   0                   0
 2.750                   0                   0                   0
 2.800                   0                   0                   0
 2.850                   0                   0                   0
 2.900                   0                   0                   0
 2.950                   0                   0                   0
 3.000                   0                   0                   0
 3.050                   0                   0                   0
 3.100                   0                   0                   0
 3.150                   0                   0                   0
 3.200                   0                   0                   0
 3.250                   0                   0                   0
 3.300                   0                   0                   0
 3.350                   0                   0                   0
 3.400                   0                   0                   0
 3.450                   0                   0                   0
 3.500                   0                   0                   0
 3.550                   0                   0                   0
 3.600                   0                   0                   0
 3.650                   0                   0                   0
 3.700                   0                   0                   0
 3.750                   0                   0                   0
 3.800                   0                   0                   0
 3.850                   0                   0                   0
 3.900                   0                   0                   0
 3.950                   0                   0                   0
 4.000                   0                   0                   0
 4.050                   0                   0                   0
 4.100                   0                   0                   0
 4.150                   0                   0                   0
 4.200                   0                   0                   0
 4.250                   0                   0                   0
 4.300                   0                   0                   0
 4.350                   0                   0                   0
 4.400                   0                   0                   0
 4.450                   0                   0                   0
 4.500                   0                   0                   0
 4.550                   0                   0                   0
 4.600                   0                   0                   0
 4.650                   0                   0                   0
 4.700                   0                   0                   0
 4.750                   0                   0                   0
 4.800                   0                   0                   0
 4.850                   0                   0                   0
 4.900                   0                   0                   0
 4.950                   0                   0                   0
