 0.000             3351460             3391397             3200181
 0.050              340538              233561              167879
 0.100              293276              244761               73429
 0.150              283558              256708               43611
 0.200              289188              266020               41529
 0.250              301427              275320               48611
 0.300              315649              287002               59461
 0.350              334229              303123               70298
 0.400              355719              323058               81859
 0.450              381417              347501               93603
 0.500              410016              380067              103445
 0.550              444419              415367              113557
 0.600              484051              459824              121036
 0.650              528166              512228              127998
 0.700              580968              575544              134689
 0.750              644877              650761              142110
 0.800              727252              742480              150066
 0.850              837795              862548              162186
 0.900              981914             1018561              179150
 0.950             1198739             2628187             1586029
 1.000           839621158           840737914           876044002
 1.050            36306074            36532451            25099397
 1.100            41880949            39238393            17551294
 1.150            42103617            39707213            16817317
 1.200            32427431            32429973            16935428
 1.250            12767210            14592991            16519938
 1.300             2172691             2866294            14621067
 1.350              144982              227321            11915162
 1.400                1138                3320             8753313
 1.450                   0                  16             5448205
 1.500                   0                   4             2780860
 1.550                   0                   0             1058816
 1.600                   0                   0              244670
 1.650                   0                   0               19587
 1.700                   0                   0                 125
 1.750                   0                   0                   0
 1.800                   0                   0                   0
 1.850                   0                   0                   0
 1.900                   0                   0                   0
 1.950                   0                   0                   0
 2.000                   0                   0                   0
 2.050                   0                   0                   0
 2.100                   0                   0                   0
 2.150                   0                   0                   0
 2.200                   0                   0                   0
 2.250                   0                   0                   0
 2.300                   0                   0                   0
 2.350                   0                   0                   0
 2.400                   0                   0                   0
 2.450                   0                   0                   0
 2.500                   0                   0                   0
 2.550                   0                   0                   0
 2.600                   0                   0                   0
 2.650                   0                   0                   0
 2.700                   0                   0                   0
 2.750                   0                   0                   0
 2.800                   0                   0                   0
 2.850                   0                   0                   0
 2.900                   0                   0                   0
 2.950                   0                   0                   0
 3.000                   0                   0                   0
 3.050                   0                   0                   0
 3.100                   0                   0                   0
 3.150                   0                   0                   0
 3.200                   0                   0                   0
 3.250                   0                   0                   0
 3.300                   0                   0                   0
 3.350                   0                   0                   0
 3.400                   0                   0                   0
 3.450                   0                   0                   0
 3.500                   0                   0                   0
 3.550                   0                   0                   0
 3.600                   0                   0                   0
 3.650                   0                   0                   0
 3.700                   0                   0                   0
 3.750                   0                   0                   0
 3.800                   0                   0                   0
 3.850                   0                   0                   0
 3.900                   0                   0                   0
 3.950                   0                   0                   0
 4.000                   0                   0                   0
 4.050                   0                   0                   0
 4.100                   0                   0                   0
 4.150                   0                   0                   0
 4.200                   0                   0                   0
 4.250                   0                   0                   0
 4.300                   0                   0                   0
 4.350                   0                   0                   0
 4.400                   0                   0                   0
 4.450                   0                   0                   0
 4.500                   0                   0                   0
 4.550                   0                   0                   0
 4.600                   0                   0                   0
 4.650                   0                   0                   0
 4.700                   0                   0                   0
 4.750                   0                   0                   0
 4.800                   0                   0                   0
 4.850                   0                   0                   0
 4.900                   0                   0                   0
 4.950                   0                   0                   0
