 0.000             3133672             2908799             3084261
 0.050              370243              242071              414271
 0.100              328906              281158              301399
 0.150              327975              307968              181949
 0.200              339987              325205               99407
 0.250              358258              340665               53832
 0.300              379496              357938               36964
 0.350              405434              379432               35106
 0.400              434239              407180               40113
 0.450              468847              441609               47103
 0.500              508357              485546               54869
 0.550              551338              535845               63246
 0.600              606783              593696               71566
 0.650              674670              668304               79673
 0.700              756592              757303               88574
 0.750              857512              870958               97157
 0.800              992265             1021671              107178
 0.850             1183084             1240386              119987
 0.900             1470058             1567535              139795
 0.950             1940719            10905224             7796150
 1.000           741547055           742110253           825075211
 1.050            92515241            85697656            28365751
 1.100            88681741            78283697            22910985
 1.150            59408610            58826108            22551238
 1.200            18444335            24040542            22477818
 1.250             2873658             5422852            20734718
 1.300              186927              670012            17815018
 1.350                1838               49394            14701346
 1.400                   0                6378            11494494
 1.450                   0                1710             8248205
 1.500                   0                 550             5456016
 1.550                   0                 140             3379060
 1.600                   0                  45             1935331
 1.650                   0                   6             1003663
 1.700                   0                   3              461223
 1.750                   0                   1              172336
 1.800                   0                   0               45769
 1.850                   0                   0                6703
 1.900                   0                   0                 353
 1.950                   0                   0                   2
 2.000                   0                   0                   0
 2.050                   0                   0                   0
 2.100                   0                   0                   0
 2.150                   0                   0                   0
 2.200                   0                   0                   0
 2.250                   0                   0                   0
 2.300                   0                   0                   0
 2.350                   0                   0                   0
 2.400                   0                   0                   0
 2.450                   0                   0                   0
 2.500                   0                   0                   0
 2.550                   0                   0                   0
 2.600                   0                   0                   0
 2.650                   0                   0                   0
 2.700                   0                   0                   0
 2.750                   0                   0                   0
 2.800                   0                   0                   0
 2.850                   0                   0                   0
 2.900                   0                   0                   0
 2.950                   0                   0                   0
 3.000                   0                   0                   0
 3.050                   0                   0                   0
 3.100                   0                   0                   0
 3.150                   0                   0                   0
 3.200                   0                   0                   0
 3.250                   0                   0                   0
 3.300                   0                   0                   0
 3.350                   0                   0                   0
 3.400                   0                   0                   0
 3.450                   0                   0                   0
 3.500                   0                   0                   0
 3.550                   0                   0                   0
 3.600                   0                   0                   0
 3.650                   0                   0                   0
 3.700                   0                   0                   0
 3.750                   0                   0                   0
 3.800                   0                   0                   0
 3.850                   0                   0                   0
 3.900                   0                   0                   0
 3.950                   0                   0                   0
 4.000                   0                   0                   0
 4.050                   0                   0                   0
 4.100                   0                   0                   0
 4.150                   0                   0                   0
 4.200                   0                   0                   0
 4.250                   0                   0                   0
 4.300                   0                   0                   0
 4.350                   0                   0                   0
 4.400                   0                   0                   0
 4.450                   0                   0                   0
 4.500                   0                   0                   0
 4.550                   0                   0                   0
 4.600                   0                   0                   0
 4.650                   0                   0                   0
 4.700                   0                   0                   0
 4.750                   0                   0                   0
 4.800                   0                   0                   0
 4.850                   0                   0                   0
 4.900                   0                   0                   0
 4.950                   0                   0                   0
