 0.000             3008755             2721389             3019311
 0.050              374592              247810              473413
 0.100              337582              292063              369356
 0.150              338241              321958              244010
 0.200              351164              339845              144423
 0.250              371928              356133               79084
 0.300              395330              375981               46865
 0.350              424470              399646               35015
 0.400              457590              431836               35370
 0.450              497029              470807               40428
 0.500              540516              517176               47477
 0.550              593197              572907               54909
 0.600              652244              637700               62629
 0.650              726269              715516               70777
 0.700              813777              810363               78987
 0.750              927315              933161               88405
 0.800             1075259             1109381               98701
 0.850             1271285             1361771              111632
 0.900             1586945             1742122              132678
 0.950             2213925            16628576            13309365
 1.000           714689077           712090432           805111803
 1.050           112456186           102152730            29558467
 1.100           102971992            89329328            24338322
 1.150            53961123            57424243            24542117
 1.200            15784809            21735260            24290718
 1.250             2376871             4896890            22197008
 1.300              159903              662934            18942078
 1.350                2457               66081            15516150
 1.400                   0               11106            12215412
 1.450                   0                3240             8976494
 1.500                   0                1017             6162283
 1.550                   0                 318             3987049
 1.600                   0                  82             2427928
 1.650                   0                  16             1365303
 1.700                   0                   9              700341
 1.750                   0                   2              319296
 1.800                   0                   2              122723
 1.850                   0                   0               35980
 1.900                   0                   0                6897
 1.950                   0                   0                 615
 2.000                   0                   0                  12
 2.050                   0                   0                   0
 2.100                   0                   0                   0
 2.150                   0                   0                   0
 2.200                   0                   0                   0
 2.250                   0                   0                   0
 2.300                   0                   0                   0
 2.350                   0                   0                   0
 2.400                   0                   0                   0
 2.450                   0                   0                   0
 2.500                   0                   0                   0
 2.550                   0                   0                   0
 2.600                   0                   0                   0
 2.650                   0                   0                   0
 2.700                   0                   0                   0
 2.750                   0                   0                   0
 2.800                   0                   0                   0
 2.850                   0                   0                   0
 2.900                   0                   0                   0
 2.950                   0                   0                   0
 3.000                   0                   0                   0
 3.050                   0                   0                   0
 3.100                   0                   0                   0
 3.150                   0                   0                   0
 3.200                   0                   0                   0
 3.250                   0                   0                   0
 3.300                   0                   0                   0
 3.350                   0                   0                   0
 3.400                   0                   0                   0
 3.450                   0                   0                   0
 3.500                   0                   0                   0
 3.550                   0                   0                   0
 3.600                   0                   0                   0
 3.650                   0                   0                   0
 3.700                   0                   0                   0
 3.750                   0                   0                   0
 3.800                   0                   0                   0
 3.850                   0                   0                   0
 3.900                   0                   0                   0
 3.950                   0                   0                   0
 4.000                   0                   0                   0
 4.050                   0                   0                   0
 4.100                   0                   0                   0
 4.150                   0                   0                   0
 4.200                   0                   0                   0
 4.250                   0                   0                   0
 4.300                   0                   0                   0
 4.350                   0                   0                   0
 4.400                   0                   0                   0
 4.450                   0                   0                   0
 4.500                   0                   0                   0
 4.550                   0                   0                   0
 4.600                   0                   0                   0
 4.650                   0                   0                   0
 4.700                   0                   0                   0
 4.750                   0                   0                   0
 4.800                   0                   0                   0
 4.850                   0                   0                   0
 4.900                   0                   0                   0
 4.950                   0                   0                   0
