 0.000             3106499             2858572             3076118
 0.050              373433              246954              430002
 0.100              332992              287217              325957
 0.150              332056              311567              202216
 0.200              342585              330681              112370
 0.250              362128              346621               61383
 0.300              386039              363404               39293
 0.350              415193              385878               34545
 0.400              442639              415958               38122
 0.450              477623              451516               44926
 0.500              518453              494682               52167
 0.550              565403              546077               60523
 0.600              619939              609110               68295
 0.650              685853              682315               76847
 0.700              771101              771408               85089
 0.750              873924              888266               94214
 0.800             1014113             1046324              104133
 0.850             1211198             1272485              117471
 0.900             1520699             1624575              137516
 0.950             2045515            12563165             9272197
 1.000           732449335           732251128           819052870
 1.050            99237251            91315798            28620120
 1.100            93539728            81914544            23397220
 1.150            57641073            58461923            23201695
 1.200            17514227            23229648            23020663
 1.250             2656020             5222890            21226209
 1.300              189070              666879            18180478
 1.350                 923               54581            14952762
 1.400                   0                7732            11733565
 1.450                   0                2186             8486522
 1.500                   0                 671             5690059
 1.550                   0                 190             3576272
 1.600                   0                  50             2094919
 1.650                   0                   9             1120381
 1.700                   0                   6              537629
 1.750                   0                   2              217995
 1.800                   0                   0               67472
 1.850                   0                   0               13553
 1.900                   0                   0                1211
 1.950                   0                   0                  33
 2.000                   0                   0                   0
 2.050                   0                   0                   0
 2.100                   0                   0                   0
 2.150                   0                   0                   0
 2.200                   0                   0                   0
 2.250                   0                   0                   0
 2.300                   0                   0                   0
 2.350                   0                   0                   0
 2.400                   0                   0                   0
 2.450                   0                   0                   0
 2.500                   0                   0                   0
 2.550                   0                   0                   0
 2.600                   0                   0                   0
 2.650                   0                   0                   0
 2.700                   0                   0                   0
 2.750                   0                   0                   0
 2.800                   0                   0                   0
 2.850                   0                   0                   0
 2.900                   0                   0                   0
 2.950                   0                   0                   0
 3.000                   0                   0                   0
 3.050                   0                   0                   0
 3.100                   0                   0                   0
 3.150                   0                   0                   0
 3.200                   0                   0                   0
 3.250                   0                   0                   0
 3.300                   0                   0                   0
 3.350                   0                   0                   0
 3.400                   0                   0                   0
 3.450                   0                   0                   0
 3.500                   0                   0                   0
 3.550                   0                   0                   0
 3.600                   0                   0                   0
 3.650                   0                   0                   0
 3.700                   0                   0                   0
 3.750                   0                   0                   0
 3.800                   0                   0                   0
 3.850                   0                   0                   0
 3.900                   0                   0                   0
 3.950                   0                   0                   0
 4.000                   0                   0                   0
 4.050                   0                   0                   0
 4.100                   0                   0                   0
 4.150                   0                   0                   0
 4.200                   0                   0                   0
 4.250                   0                   0                   0
 4.300                   0                   0                   0
 4.350                   0                   0                   0
 4.400                   0                   0                   0
 4.450                   0                   0                   0
 4.500                   0                   0                   0
 4.550                   0                   0                   0
 4.600                   0                   0                   0
 4.650                   0                   0                   0
 4.700                   0                   0                   0
 4.750                   0                   0                   0
 4.800                   0                   0                   0
 4.850                   0                   0                   0
 4.900                   0                   0                   0
 4.950                   0                   0                   0
