 0.000             2427438             2058464             2656084
 0.050              352516              228776              838643
 0.100              324244              280390              699620
 0.150              331487              319808              512312
 0.200              350894              342443              359360
 0.250              377521              358747              238770
 0.300              410086              381021              149014
 0.350              446516              412888               88859
 0.400              486182              454427               54971
 0.450              533703              501017               39002
 0.500              586207              556471               35128
 0.550              646981              625187               37282
 0.600              722665              704866               42007
 0.650              815969              805711               48084
 0.700              928089              944083               55942
 0.750             1082255             1143750               64548
 0.800             1311769             1456336               75824
 0.850             1631792             1967129               89372
 0.900             2132812             2740384              110369
 0.950             5160322            46362926            76674154
 1.000           602269643           579898628           665420194
 1.050           219192811           182544519            38776312
 1.100           126587509           118184752            33885149
 1.150            36407561            51793224            34906436
 1.200             7538002            14974845            33151938
 1.250              787614             3124515            28649520
 1.300               43654              551348            23511933
 1.350                 775              116749            19068804
 1.400                   0               35020            15281436
 1.450                   0               12178            11819604
 1.500                   0                4293             8808762
 1.550                   0                1461             6345779
 1.600                   0                 434             4392921
 1.650                   0                 159             2902658
 1.700                   0                  43             1820961
 1.750                   0                  17             1077683
 1.800                   0                   3              604138
 1.850                   0                   5              318055
 1.900                   0                   0              156844
 1.950                   0                   0               71342
 2.000                   0                   0               30414
 2.050                   0                   0               11507
 2.100                   0                   0                3940
 2.150                   0                   0                1089
 2.200                   0                   0                 218
 2.250                   0                   0                  33
 2.300                   0                   0                   2
 2.350                   0                   0                   0
 2.400                   0                   0                   0
 2.450                   0                   0                   0
 2.500                   0                   0                   0
 2.550                   0                   0                   0
 2.600                   0                   0                   0
 2.650                   0                   0                   0
 2.700                   0                   0                   0
 2.750                   0                   0                   0
 2.800                   0                   0                   0
 2.850                   0                   0                   0
 2.900                   0                   0                   0
 2.950                   0                   0                   0
 3.000                   0                   0                   0
 3.050                   0                   0                   0
 3.100                   0                   0                   0
 3.150                   0                   0                   0
 3.200                   0                   0                   0
 3.250                   0                   0                   0
 3.300                   0                   0                   0
 3.350                   0                   0                   0
 3.400                   0                   0                   0
 3.450                   0                   0                   0
 3.500                   0                   0                   0
 3.550                   0                   0                   0
 3.600                   0                   0                   0
 3.650                   0                   0                   0
 3.700                   0                   0                   0
 3.750                   0                   0                   0
 3.800                   0                   0                   0
 3.850                   0                   0                   0
 3.900                   0                   0                   0
 3.950                   0                   0                   0
 4.000                   0                   0                   0
 4.050                   0                   0                   0
 4.100                   0                   0                   0
 4.150                   0                   0                   0
 4.200                   0                   0                   0
 4.250                   0                   0                   0
 4.300                   0                   0                   0
 4.350                   0                   0                   0
 4.400                   0                   0                   0
 4.450                   0                   0                   0
 4.500                   0                   0                   0
 4.550                   0                   0                   0
 4.600                   0                   0                   0
 4.650                   0                   0                   0
 4.700                   0                   0                   0
 4.750                   0                   0                   0
 4.800                   0                   0                   0
 4.850                   0                   0                   0
 4.900                   0                   0                   0
 4.950                   0                   0                   0
