 0.000             3268068             3189714             3183170
 0.050              355399              240390              288873
 0.100              310547              262049              163834
 0.150              304010              276171               79981
 0.200              313483              291067               44586
 0.250              325530              303105               36562
 0.300              345475              319374               40605
 0.350              366678              336550               48442
 0.400              392360              362711               57184
 0.450              422774              392449               67160
 0.500              457326              432481               77031
 0.550              497147              475974               87256
 0.600              543161              526533               96124
 0.650              600487              589894              104143
 0.700              667611              668496              112088
 0.750              755845              765057              119483
 0.800              866548              884726              128126
 0.850             1013276             1046172              140233
 0.900             1233838             1273561              158552
 0.950             1570281             4765008             2946333
 1.000           795711350           797618199           855349081
 1.050            56535718            54983834            26516447
 1.100            62994441            57386797            20175825
 1.150            55955928            52412115            19212220
 1.200            27658323            30547880            19072133
 1.250             6044350             8564075            18133419
 1.300              676091             1215618            16042741
 1.350               35858               88920            13233925
 1.400                 207                2799            10014144
 1.450                   0                 299             6772669
 1.500                   0                  68             4083332
 1.550                   0                  21             2189575
 1.600                   0                   2             1003494
 1.650                   0                   1              358660
 1.700                   0                   0               78500
 1.750                   0                   0                6081
 1.800                   0                   0                  98
 1.850                   0                   0                   0
 1.900                   0                   0                   0
 1.950                   0                   0                   0
 2.000                   0                   0                   0
 2.050                   0                   0                   0
 2.100                   0                   0                   0
 2.150                   0                   0                   0
 2.200                   0                   0                   0
 2.250                   0                   0                   0
 2.300                   0                   0                   0
 2.350                   0                   0                   0
 2.400                   0                   0                   0
 2.450                   0                   0                   0
 2.500                   0                   0                   0
 2.550                   0                   0                   0
 2.600                   0                   0                   0
 2.650                   0                   0                   0
 2.700                   0                   0                   0
 2.750                   0                   0                   0
 2.800                   0                   0                   0
 2.850                   0                   0                   0
 2.900                   0                   0                   0
 2.950                   0                   0                   0
 3.000                   0                   0                   0
 3.050                   0                   0                   0
 3.100                   0                   0                   0
 3.150                   0                   0                   0
 3.200                   0                   0                   0
 3.250                   0                   0                   0
 3.300                   0                   0                   0
 3.350                   0                   0                   0
 3.400                   0                   0                   0
 3.450                   0                   0                   0
 3.500                   0                   0                   0
 3.550                   0                   0                   0
 3.600                   0                   0                   0
 3.650                   0                   0                   0
 3.700                   0                   0                   0
 3.750                   0                   0                   0
 3.800                   0                   0                   0
 3.850                   0                   0                   0
 3.900                   0                   0                   0
 3.950                   0                   0                   0
 4.000                   0                   0                   0
 4.050                   0                   0                   0
 4.100                   0                   0                   0
 4.150                   0                   0                   0
 4.200                   0                   0                   0
 4.250                   0                   0                   0
 4.300                   0                   0                   0
 4.350                   0                   0                   0
 4.400                   0                   0                   0
 4.450                   0                   0                   0
 4.500                   0                   0                   0
 4.550                   0                   0                   0
 4.600                   0                   0                   0
 4.650                   0                   0                   0
 4.700                   0                   0                   0
 4.750                   0                   0                   0
 4.800                   0                   0                   0
 4.850                   0                   0                   0
 4.900                   0                   0                   0
 4.950                   0                   0                   0
