 0.000             2712859             2340143             2804027
 0.050              374726              248460              652791
 0.100              341353              302009              540229
 0.150              344741              336724              373691
 0.200              361919              357733              247700
 0.250              383765              371642              154716
 0.300              409031              389199               91108
 0.350              442081              415292               53355
 0.400              477807              450059               36810
 0.450              519099              491695               34111
 0.500              568677              541382               37132
 0.550              629638              603715               42468
 0.600              701910              680417               49416
 0.650              784537              776350               56573
 0.700              890704              897270               64250
 0.750             1032330             1061944               73290
 0.800             1217070             1302619               85082
 0.850             1487844             1672849               98187
 0.900             1953737             2251396              119708
 0.950             3225660            33286447            36850379
 1.000           658812207           644675351           745543177
 1.050           162540825           141534556            33809079
 1.100           120024837           105296991            28645816
 1.150            44521284            54581038            29582554
 1.200            11210316            18009956            28582459
 1.250             1715584             4132711            25335741
 1.300               92469              643715            21229079
 1.350                 169               91339            17354434
 1.400                   0               22548            13788396
 1.450                   0                7673            10457238
 1.500                   0                2657             7566450
 1.550                   0                 880             5252112
 1.600                   0                 286             3469099
 1.650                   0                  88             2162585
 1.700                   0                  29             1260002
 1.750                   0                  10              681876
 1.800                   0                   5              343557
 1.850                   0                   1              155857
 1.900                   0                   0               63140
 1.950                   0                   0               21979
 2.000                   0                   0                6176
 2.050                   0                   0                1185
 2.100                   0                   0                 158
 2.150                   0                   0                   7
 2.200                   0                   0                   0
 2.250                   0                   0                   0
 2.300                   0                   0                   0
 2.350                   0                   0                   0
 2.400                   0                   0                   0
 2.450                   0                   0                   0
 2.500                   0                   0                   0
 2.550                   0                   0                   0
 2.600                   0                   0                   0
 2.650                   0                   0                   0
 2.700                   0                   0                   0
 2.750                   0                   0                   0
 2.800                   0                   0                   0
 2.850                   0                   0                   0
 2.900                   0                   0                   0
 2.950                   0                   0                   0
 3.000                   0                   0                   0
 3.050                   0                   0                   0
 3.100                   0                   0                   0
 3.150                   0                   0                   0
 3.200                   0                   0                   0
 3.250                   0                   0                   0
 3.300                   0                   0                   0
 3.350                   0                   0                   0
 3.400                   0                   0                   0
 3.450                   0                   0                   0
 3.500                   0                   0                   0
 3.550                   0                   0                   0
 3.600                   0                   0                   0
 3.650                   0                   0                   0
 3.700                   0                   0                   0
 3.750                   0                   0                   0
 3.800                   0                   0                   0
 3.850                   0                   0                   0
 3.900                   0                   0                   0
 3.950                   0                   0                   0
 4.000                   0                   0                   0
 4.050                   0                   0                   0
 4.100                   0                   0                   0
 4.150                   0                   0                   0
 4.200                   0                   0                   0
 4.250                   0                   0                   0
 4.300                   0                   0                   0
 4.350                   0                   0                   0
 4.400                   0                   0                   0
 4.450                   0                   0                   0
 4.500                   0                   0                   0
 4.550                   0                   0                   0
 4.600                   0                   0                   0
 4.650                   0                   0                   0
 4.700                   0                   0                   0
 4.750                   0                   0                   0
 4.800                   0                   0                   0
 4.850                   0                   0                   0
 4.900                   0                   0                   0
 4.950                   0                   0                   0
