 0.000             2651172             2280454             2763783
 0.050              375007              246485              674179
 0.100              342768              299682              562576
 0.150              347320              336295              392106
 0.200              363689              359696              260524
 0.250              387167              374566              164536
 0.300              413725              391413               97686
 0.350              445567              419769               57201
 0.400              481726              456326               38340
 0.450              526015              499003               34153
 0.500              576724              549329               36632
 0.550              633643              609912               41638
 0.600              705154              685095               48264
 0.650              792909              779174               55445
 0.700              903998              904620               63157
 0.750             1051632             1076239               72090
 0.800             1243970             1329486               83790
 0.850             1503714             1715181               97275
 0.900             1956936             2312554              118513
 0.950             3395844            35156560            40826583
 1.000           652368502           636864602           736918588
 1.050           168331897           146153268            34362392
 1.100           122298501           107264947            29189484
 1.150            42829938            53992571            30267748
 1.200            10865940            17636739            29174888
 1.250             1625355             4037694            25732303
 1.300               81576              636652            21493696
 1.350                 145               95574            17569688
 1.400                   0               24156            13981755
 1.450                   0                8190            10632106
 1.500                   0                2898             7727537
 1.550                   0                 954             5394892
 1.600                   0                 314             3592204
 1.650                   0                  87             2258014
 1.700                   0                  33             1329555
 1.750                   0                   9              729949
 1.800                   0                   6              373520
 1.850                   0                   1              173990
 1.900                   0                   0               72768
 1.950                   0                   0               26636
 2.000                   0                   0                8164
 2.050                   0                   0                1872
 2.100                   0                   0                 285
 2.150                   0                   0                  29
 2.200                   0                   0                   0
 2.250                   0                   0                   0
 2.300                   0                   0                   0
 2.350                   0                   0                   0
 2.400                   0                   0                   0
 2.450                   0                   0                   0
 2.500                   0                   0                   0
 2.550                   0                   0                   0
 2.600                   0                   0                   0
 2.650                   0                   0                   0
 2.700                   0                   0                   0
 2.750                   0                   0                   0
 2.800                   0                   0                   0
 2.850                   0                   0                   0
 2.900                   0                   0                   0
 2.950                   0                   0                   0
 3.000                   0                   0                   0
 3.050                   0                   0                   0
 3.100                   0                   0                   0
 3.150                   0                   0                   0
 3.200                   0                   0                   0
 3.250                   0                   0                   0
 3.300                   0                   0                   0
 3.350                   0                   0                   0
 3.400                   0                   0                   0
 3.450                   0                   0                   0
 3.500                   0                   0                   0
 3.550                   0                   0                   0
 3.600                   0                   0                   0
 3.650                   0                   0                   0
 3.700                   0                   0                   0
 3.750                   0                   0                   0
 3.800                   0                   0                   0
 3.850                   0                   0                   0
 3.900                   0                   0                   0
 3.950                   0                   0                   0
 4.000                   0                   0                   0
 4.050                   0                   0                   0
 4.100                   0                   0                   0
 4.150                   0                   0                   0
 4.200                   0                   0                   0
 4.250                   0                   0                   0
 4.300                   0                   0                   0
 4.350                   0                   0                   0
 4.400                   0                   0                   0
 4.450                   0                   0                   0
 4.500                   0                   0                   0
 4.550                   0                   0                   0
 4.600                   0                   0                   0
 4.650                   0                   0                   0
 4.700                   0                   0                   0
 4.750                   0                   0                   0
 4.800                   0                   0                   0
 4.850                   0                   0                   0
 4.900                   0                   0                   0
 4.950                   0                   0                   0
