 0.000             3148393             2947013             3085334
 0.050              368870              243067              395192
 0.100              327450              278515              276058
 0.150              322588              300933              161186
 0.200              334032              317393               86049
 0.250              352100              332853               47660
 0.300              372426              348543               35671
 0.350              397768              370041               36335
 0.400              424843              397580               42538
 0.450              458502              432678               49901
 0.500              497734              476882               58049
 0.550              541741              527646               66828
 0.600              596149              585455               75185
 0.650              660257              652693               83447
 0.700              736212              738973               92255
 0.750              834962              850543              100667
 0.800              967000              998453              110614
 0.850             1150574             1204693              123107
 0.900             1421023             1510513              142405
 0.950             1886858             9371642             6494014
 1.000           751463739           752658363           831104134
 1.050            85116871            79404883            28097001
 1.100            83971246            74705776            22359806
 1.150            60476359            58709136            21947112
 1.200            19625940            25049550            21885723
 1.250             3188377             5694144            20198526
 1.300              213602              698101            17459373
 1.350                4019               46467            14443776
 1.400                  93                5317            11238913
 1.450                   0                1358             7990989
 1.500                   0                 377             5211564
 1.550                   0                 110             3168113
 1.600                   0                  31             1768255
 1.650                   0                   3              883523
 1.700                   0                   3              383263
 1.750                   0                   0              127591
 1.800                   0                   0               26964
 1.850                   0                   0                2542
 1.900                   0                   0                  65
 1.950                   0                   0                   0
 2.000                   0                   0                   0
 2.050                   0                   0                   0
 2.100                   0                   0                   0
 2.150                   0                   0                   0
 2.200                   0                   0                   0
 2.250                   0                   0                   0
 2.300                   0                   0                   0
 2.350                   0                   0                   0
 2.400                   0                   0                   0
 2.450                   0                   0                   0
 2.500                   0                   0                   0
 2.550                   0                   0                   0
 2.600                   0                   0                   0
 2.650                   0                   0                   0
 2.700                   0                   0                   0
 2.750                   0                   0                   0
 2.800                   0                   0                   0
 2.850                   0                   0                   0
 2.900                   0                   0                   0
 2.950                   0                   0                   0
 3.000                   0                   0                   0
 3.050                   0                   0                   0
 3.100                   0                   0                   0
 3.150                   0                   0                   0
 3.200                   0                   0                   0
 3.250                   0                   0                   0
 3.300                   0                   0                   0
 3.350                   0                   0                   0
 3.400                   0                   0                   0
 3.450                   0                   0                   0
 3.500                   0                   0                   0
 3.550                   0                   0                   0
 3.600                   0                   0                   0
 3.650                   0                   0                   0
 3.700                   0                   0                   0
 3.750                   0                   0                   0
 3.800                   0                   0                   0
 3.850                   0                   0                   0
 3.900                   0                   0                   0
 3.950                   0                   0                   0
 4.000                   0                   0                   0
 4.050                   0                   0                   0
 4.100                   0                   0                   0
 4.150                   0                   0                   0
 4.200                   0                   0                   0
 4.250                   0                   0                   0
 4.300                   0                   0                   0
 4.350                   0                   0                   0
 4.400                   0                   0                   0
 4.450                   0                   0                   0
 4.500                   0                   0                   0
 4.550                   0                   0                   0
 4.600                   0                   0                   0
 4.650                   0                   0                   0
 4.700                   0                   0                   0
 4.750                   0                   0                   0
 4.800                   0                   0                   0
 4.850                   0                   0                   0
 4.900                   0                   0                   0
 4.950                   0                   0                   0
