 0.000             5980294             5566831             7038237
 0.050              441906              267900              376110
 0.100              392665              335727              261414
 0.150              386488              379299              196418
 0.200              395363              399071              146052
 0.250              410446              408241              111910
 0.300              432712              420254               86436
 0.350              457059              434854               64712
 0.400              486236              460032               49549
 0.450              518462              491032               40141
 0.500              557428              528042               34929
 0.550              599046              570992               33050
 0.600              640575              621695               33499
 0.650              685226              675720               34421
 0.700              726219              732650               36392
 0.750              763108              793267               38695
 0.800              798482              858460               42351
 0.850              830879              924267               46352
 0.900              881347              994198               52108
 0.950              978232             1102304               61076
 1.000             2393555             2752760             5574613
 1.050             7161824             7165698             5874954
 1.100             8374309             7551292             4734079
 1.150             3869755             4040808             3467316
 1.200              739574             1214950             2461443
 1.250               39916              215720             1864770
 1.300                1745               29407             1510196
 1.350                   0                5182             1243669
 1.400                   0                1470             1021952
 1.450                   0                 505              827953
 1.500                   0                 169              659999
 1.550                   0                  45              517883
 1.600                   0                   8              401695
 1.650                   0                   0              305746
 1.700                   0                   1              227205
 1.750                   0                   0              164272
 1.800                   0                   0              115695
 1.850                   0                   0               77388
 1.900                   0                   0               49186
 1.950                   0                   0               29197
 2.000                   0                   0               15838
 2.050                   0                   0                7868
 2.100                   0                   0                3700
 2.150                   0                   0                1545
 2.200                   0                   0                 593
 2.250                   0                   0                 182
 2.300                   0                   0                  48
 2.350                   0                   0                  12
 2.400                   0                   0                   2
 2.450                   0                   0                   0
 2.500                   0                   0                   0
 2.550                   0                   0                   0
 2.600                   0                   0                   0
 2.650                   0                   0                   0
 2.700                   0                   0                   0
 2.750                   0                   0                   0
 2.800                   0                   0                   0
 2.850                   0                   0                   0
 2.900                   0                   0                   0
 2.950                   0                   0                   0
 3.000                   0                   0                   0
 3.050                   0                   0                   0
 3.100                   0                   0                   0
 3.150                   0                   0                   0
 3.200                   0                   0                   0
 3.250                   0                   0                   0
 3.300                   0                   0                   0
 3.350                   0                   0                   0
 3.400                   0                   0                   0
 3.450                   0                   0                   0
 3.500                   0                   0                   0
 3.550                   0                   0                   0
 3.600                   0                   0                   0
 3.650                   0                   0                   0
 3.700                   0                   0                   0
 3.750                   0                   0                   0
 3.800                   0                   0                   0
 3.850                   0                   0                   0
 3.900                   0                   0                   0
 3.950                   0                   0                   0
 4.000                   0                   0                   0
 4.050                   0                   0                   0
 4.100                   0                   0                   0
 4.150                   0                   0                   0
 4.200                   0                   0                   0
 4.250                   0                   0                   0
 4.300                   0                   0                   0
 4.350                   0                   0                   0
 4.400                   0                   0                   0
 4.450                   0                   0                   0
 4.500                   0                   0                   0
 4.550                   0                   0                   0
 4.600                   0                   0                   0
 4.650                   0                   0                   0
 4.700                   0                   0                   0
 4.750                   0                   0                   0
 4.800                   0                   0                   0
 4.850                   0                   0                   0
 4.900                   0                   0                   0
 4.950                   0                   0                   0
