 0.000             6035080             5746677             7021790
 0.050              428002              275406              370920
 0.100              374720              307967              274233
 0.150              365912              337403              207225
 0.200              372812              358263              150861
 0.250              386659              372747              103051
 0.300              404079              385308               65693
 0.350              426848              401951               43346
 0.400              453205              423133               32376
 0.450              484987              453831               29584
 0.500              521013              492388               28942
 0.550              561744              538253               29543
 0.600              607662              585954               30633
 0.650              664020              644203               32046
 0.700              715574              713831               33059
 0.750              770772              787904               35212
 0.800              818790              864556               37627
 0.850              877375              946589               41753
 0.900              948920             1037833               47052
 0.950             1064755             1158190               55301
 1.000             2232992             2460989             4306260
 1.050             5185822             5409025             5352611
 1.100             7112928             6600505             4560225
 1.150             5464772             5182360             3497820
 1.200             1771937             2228068             2644441
 1.250              174874              459733             2080862
 1.300                2704               49397             1723469
 1.350                   0                4933             1419230
 1.400                   0                1082             1166865
 1.450                   0                 340              950906
 1.500                   0                  94              765121
 1.550                   0                  36              603914
 1.600                   0                   9              468833
 1.650                   0                   0              355545
 1.700                   0                   0              260512
 1.750                   0                   0              178616
 1.800                   0                   0              111607
 1.850                   0                   0               61839
 1.900                   0                   0               30182
 1.950                   0                   0               13112
 2.000                   0                   0                4934
 2.050                   0                   0                1449
 2.100                   0                   0                 310
 2.150                   0                   0                  46
 2.200                   0                   0                   1
 2.250                   0                   0                   0
 2.300                   0                   0                   1
 2.350                   0                   0                   0
 2.400                   0                   0                   0
 2.450                   0                   0                   0
 2.500                   0                   0                   0
 2.550                   0                   0                   0
 2.600                   0                   0                   0
 2.650                   0                   0                   0
 2.700                   0                   0                   0
 2.750                   0                   0                   0
 2.800                   0                   0                   0
 2.850                   0                   0                   0
 2.900                   0                   0                   0
 2.950                   0                   0                   0
 3.000                   0                   0                   0
 3.050                   0                   0                   0
 3.100                   0                   0                   0
 3.150                   0                   0                   0
 3.200                   0                   0                   0
 3.250                   0                   0                   0
 3.300                   0                   0                   0
 3.350                   0                   0                   0
 3.400                   0                   0                   0
 3.450                   0                   0                   0
 3.500                   0                   0                   0
 3.550                   0                   0                   0
 3.600                   0                   0                   0
 3.650                   0                   0                   0
 3.700                   0                   0                   0
 3.750                   0                   0                   0
 3.800                   0                   0                   0
 3.850                   0                   0                   0
 3.900                   0                   0                   0
 3.950                   0                   0                   0
 4.000                   0                   0                   0
 4.050                   0                   0                   0
 4.100                   0                   0                   0
 4.150                   0                   0                   0
 4.200                   0                   0                   0
 4.250                   0                   0                   0
 4.300                   0                   0                   0
 4.350                   0                   0                   0
 4.400                   0                   0                   0
 4.450                   0                   0                   0
 4.500                   0                   0                   0
 4.550                   0                   0                   0
 4.600                   0                   0                   0
 4.650                   0                   0                   0
 4.700                   0                   0                   0
 4.750                   0                   0                   0
 4.800                   0                   0                   0
 4.850                   0                   0                   0
 4.900                   0                   0                   0
 4.950                   0                   0                   0
