 0.000             5858050             5360215             6931184
 0.050              466852              270706              402529
 0.100              418294              344455              294418
 0.150              415356              400992              214351
 0.200              425252              428716              159287
 0.250              439902              440308              119413
 0.300              460263              449856               93278
 0.350              482653              464512               73333
 0.400              513020              487755               60655
 0.450              545098              519541               51150
 0.500              577200              558838               46424
 0.550              615761              600198               43438
 0.600              658328              647747               41904
 0.650              704995              701669               42121
 0.700              756168              762239               44013
 0.750              804702              831066               46496
 0.800              848457              911569               50738
 0.850              901775              997296               55375
 0.900              986513             1101681               61990
 0.950             1124071             1257070               71429
 1.000             3930829             4351304             6548527
 1.050             8664622             8219394             5994513
 1.100             7656694             7002062             4605858
 1.150             2797955             3260740             3422200
 1.200              368386              865425             2580075
 1.250               10064              156907             2013707
 1.300                   0               28201             1611449
 1.350                   0                7124             1278172
 1.400                   0                2411             1015281
 1.450                   0                 817              803591
 1.500                   0                 299              632149
 1.550                   0                 100              500217
 1.600                   0                  22              393343
 1.650                   0                  19              305134
 1.700                   0                   4              235013
 1.750                   0                   2              177085
 1.800                   0                   0              130598
 1.850                   0                   0               94151
 1.900                   0                   0               66644
 1.950                   0                   0               45355
 2.000                   0                   0               29758
 2.050                   0                   0               18958
 2.100                   0                   0               11729
 2.150                   0                   0                6707
 2.200                   0                   0                3839
 2.250                   0                   0                1982
 2.300                   0                   0                 926
 2.350                   0                   0                 447
 2.400                   0                   0                 191
 2.450                   0                   0                  87
 2.500                   0                   0                  30
 2.550                   0                   0                  11
 2.600                   0                   0                   5
 2.650                   0                   0                   1
 2.700                   0                   0                   1
 2.750                   0                   0                   0
 2.800                   0                   0                   0
 2.850                   0                   0                   0
 2.900                   0                   0                   0
 2.950                   0                   0                   0
 3.000                   0                   0                   0
 3.050                   0                   0                   0
 3.100                   0                   0                   0
 3.150                   0                   0                   0
 3.200                   0                   0                   0
 3.250                   0                   0                   0
 3.300                   0                   0                   0
 3.350                   0                   0                   0
 3.400                   0                   0                   0
 3.450                   0                   0                   0
 3.500                   0                   0                   0
 3.550                   0                   0                   0
 3.600                   0                   0                   0
 3.650                   0                   0                   0
 3.700                   0                   0                   0
 3.750                   0                   0                   0
 3.800                   0                   0                   0
 3.850                   0                   0                   0
 3.900                   0                   0                   0
 3.950                   0                   0                   0
 4.000                   0                   0                   0
 4.050                   0                   0                   0
 4.100                   0                   0                   0
 4.150                   0                   0                   0
 4.200                   0                   0                   0
 4.250                   0                   0                   0
 4.300                   0                   0                   0
 4.350                   0                   0                   0
 4.400                   0                   0                   0
 4.450                   0                   0                   0
 4.500                   0                   0                   0
 4.550                   0                   0                   0
 4.600                   0                   0                   0
 4.650                   0                   0                   0
 4.700                   0                   0                   0
 4.750                   0                   0                   0
 4.800                   0                   0                   0
 4.850                   0                   0                   0
 4.900                   0                   0                   0
 4.950                   0                   0                   0
