 0.000             5859248             5368196             6919737
 0.050              460957              268468              410880
 0.100              412153              342373              290516
 0.150              407517              394120              213949
 0.200              417565              421982              158411
 0.250              433805              434955              119496
 0.300              454299              446886               93308
 0.350              477870              461222               73057
 0.400              511192              485499               59705
 0.450              545408              516038               50886
 0.500              580690              554703               45980
 0.550              620434              599485               42591
 0.600              663325              647262               41251
 0.650              710196              701827               41552
 0.700              756010              760924               43394
 0.750              797169              831441               45429
 0.800              839076              908626               49497
 0.850              889938              987861               54290
 0.900              961471             1082985               60525
 0.950             1102841             1234949               70372
 1.000             3817761             4231993             6586207
 1.050             8679378             8200246             5869084
 1.100             7687788             7064423             4589480
 1.150             2815165             3279779             3413410
 1.200              405139              892733             2567746
 1.250                6867              156299             2031226
 1.300                   0               27623             1625273
 1.350                   0                6813             1278836
 1.400                   0                2333             1015496
 1.450                   0                 803              799130
 1.500                   0                 280              633037
 1.550                   0                  88              501111
 1.600                   0                  28              393825
 1.650                   0                  15              306682
 1.700                   0                   4              235567
 1.750                   0                   0              176894
 1.800                   0                   0              129829
 1.850                   0                   0               93479
 1.900                   0                   0               65847
 1.950                   0                   0               44525
 2.000                   0                   0               29224
 2.050                   0                   0               18344
 2.100                   0                   0               10907
 2.150                   0                   0                6400
 2.200                   0                   0                3555
 2.250                   0                   0                1808
 2.300                   0                   0                 829
 2.350                   0                   0                 406
 2.400                   0                   0                 171
 2.450                   0                   0                  71
 2.500                   0                   0                  24
 2.550                   0                   0                  11
 2.600                   0                   0                   1
 2.650                   0                   0                   1
 2.700                   0                   0                   0
 2.750                   0                   0                   0
 2.800                   0                   0                   0
 2.850                   0                   0                   0
 2.900                   0                   0                   0
 2.950                   0                   0                   0
 3.000                   0                   0                   0
 3.050                   0                   0                   0
 3.100                   0                   0                   0
 3.150                   0                   0                   0
 3.200                   0                   0                   0
 3.250                   0                   0                   0
 3.300                   0                   0                   0
 3.350                   0                   0                   0
 3.400                   0                   0                   0
 3.450                   0                   0                   0
 3.500                   0                   0                   0
 3.550                   0                   0                   0
 3.600                   0                   0                   0
 3.650                   0                   0                   0
 3.700                   0                   0                   0
 3.750                   0                   0                   0
 3.800                   0                   0                   0
 3.850                   0                   0                   0
 3.900                   0                   0                   0
 3.950                   0                   0                   0
 4.000                   0                   0                   0
 4.050                   0                   0                   0
 4.100                   0                   0                   0
 4.150                   0                   0                   0
 4.200                   0                   0                   0
 4.250                   0                   0                   0
 4.300                   0                   0                   0
 4.350                   0                   0                   0
 4.400                   0                   0                   0
 4.450                   0                   0                   0
 4.500                   0                   0                   0
 4.550                   0                   0                   0
 4.600                   0                   0                   0
 4.650                   0                   0                   0
 4.700                   0                   0                   0
 4.750                   0                   0                   0
 4.800                   0                   0                   0
 4.850                   0                   0                   0
 4.900                   0                   0                   0
 4.950                   0                   0                   0
