 0.000             5684913             5701702             6328342
 0.050              376756              361962               61622
 0.100              311245              294792               24211
 0.150              290858              269144               22045
 0.200              284983              266883               22331
 0.250              289016              268264               22224
 0.300              295777              269870               21794
 0.350              306635              274271               21588
 0.400              318888              286054               20399
 0.450              334068              301812               20451
 0.500              350535              321400               21624
 0.550              371298              343708               22859
 0.600              394972              369492               24312
 0.650              423196              402702               26033
 0.700              456814              444295               27565
 0.750              497571              491591               29377
 0.800              550427              556942               31475
 0.850              618548              636803               34109
 0.900              712071              740999               37253
 0.950              839364              872302               41306
 1.000             1137425             1174067              376179
 1.050             4363634             4482849             5805697
 1.100             5764804             6004616             5089375
 1.150             5961205             5697575             4533534
 1.200             4972759             4772386             3859459
 1.250             2453222             2604813             2964498
 1.300              476976              612156             2326756
 1.350               18783               32855             1967608
 1.400                 100                 504             1721646
 1.450                   0                  31             1439850
 1.500                   0                   2             1091353
 1.550                   0                   1              635730
 1.600                   0                   0              174861
 1.650                   0                   0                9355
 1.700                   0                   0                  12
 1.750                   0                   0                   5
 1.800                   0                   0                   2
 1.850                   0                   0                   3
 1.900                   0                   0                   0
 1.950                   0                   0                   0
 2.000                   0                   0                   0
 2.050                   0                   0                   0
 2.100                   0                   0                   0
 2.150                   0                   0                   0
 2.200                   0                   0                   0
 2.250                   0                   0                   0
 2.300                   0                   0                   0
 2.350                   0                   0                   0
 2.400                   0                   0                   0
 2.450                   0                   0                   0
 2.500                   0                   0                   0
 2.550                   0                   0                   0
 2.600                   0                   0                   0
 2.650                   0                   0                   0
 2.700                   0                   0                   0
 2.750                   0                   0                   0
 2.800                   0                   0                   0
 2.850                   0                   0                   0
 2.900                   0                   0                   0
 2.950                   0                   0                   0
 3.000                   0                   0                   0
 3.050                   0                   0                   0
 3.100                   0                   0                   0
 3.150                   0                   0                   0
 3.200                   0                   0                   0
 3.250                   0                   0                   0
 3.300                   0                   0                   0
 3.350                   0                   0                   0
 3.400                   0                   0                   0
 3.450                   0                   0                   0
 3.500                   0                   0                   0
 3.550                   0                   0                   0
 3.600                   0                   0                   0
 3.650                   0                   0                   0
 3.700                   0                   0                   0
 3.750                   0                   0                   0
 3.800                   0                   0                   0
 3.850                   0                   0                   0
 3.900                   0                   0                   0
 3.950                   0                   0                   0
 4.000                   0                   0                   0
 4.050                   0                   0                   0
 4.100                   0                   0                   0
 4.150                   0                   0                   0
 4.200                   0                   0                   0
 4.250                   0                   0                   0
 4.300                   0                   0                   0
 4.350                   0                   0                   0
 4.400                   0                   0                   0
 4.450                   0                   0                   0
 4.500                   0                   0                   0
 4.550                   0                   0                   0
 4.600                   0                   0                   0
 4.650                   0                   0                   0
 4.700                   0                   0                   0
 4.750                   0                   0                   0
 4.800                   0                   0                   0
 4.850                   0                   0                   0
 4.900                   0                   0                   0
 4.950                   0                   0                   0
