 0.000             5891046             5408406             6938478
 0.050              454970              269733              410759
 0.100              405551              344139              284812
 0.150              400361              391082              212081
 0.200              411970              413936              164805
 0.250              428340              428226              121510
 0.300              451063              441500               91092
 0.350              477554              459642               71184
 0.400              508630              485612               58343
 0.450              546493              518390               49777
 0.500              585332              558809               43532
 0.550              625187              602333               40430
 0.600              667902              653456               39131
 0.650              708093              705207               39346
 0.700              750037              760264               40952
 0.750              786355              822647               43366
 0.800              824590              889566               47060
 0.850              871111              961298               51670
 0.900              934704             1053659               58032
 0.950             1054450             1193904               67415
 1.000             2855653             3277027             5828678
 1.050             8000612             7731998             5764607
 1.100             8301643             7459688             4535835
 1.150             3419374             3801840             3567065
 1.200              437061              981152             2750708
 1.250               17824              166794             2089364
 1.300                  17               26529             1633823
 1.350                   0                6194             1282826
 1.400                   0                1936             1005450
 1.450                   0                 625              802901
 1.500                   0                 217              645571
 1.550                   0                  71              515245
 1.600                   0                  35              404897
 1.650                   0                   6              313694
 1.700                   0                   1              237724
 1.750                   0                   1              177976
 1.800                   0                   0              129144
 1.850                   0                   0               91742
 1.900                   0                   0               62634
 1.950                   0                   0               41781
 2.000                   0                   0               26091
 2.050                   0                   0               15855
 2.100                   0                   0                9050
 2.150                   0                   0                4995
 2.200                   0                   0                2480
 2.250                   0                   0                1140
 2.300                   0                   0                 548
 2.350                   0                   0                 206
 2.400                   0                   0                  83
 2.450                   0                   0                  27
 2.500                   0                   0                   6
 2.550                   0                   0                   2
 2.600                   0                   0                   0
 2.650                   0                   0                   0
 2.700                   0                   0                   0
 2.750                   0                   0                   0
 2.800                   0                   0                   0
 2.850                   0                   0                   0
 2.900                   0                   0                   0
 2.950                   0                   0                   0
 3.000                   0                   0                   0
 3.050                   0                   0                   0
 3.100                   0                   0                   0
 3.150                   0                   0                   0
 3.200                   0                   0                   0
 3.250                   0                   0                   0
 3.300                   0                   0                   0
 3.350                   0                   0                   0
 3.400                   0                   0                   0
 3.450                   0                   0                   0
 3.500                   0                   0                   0
 3.550                   0                   0                   0
 3.600                   0                   0                   0
 3.650                   0                   0                   0
 3.700                   0                   0                   0
 3.750                   0                   0                   0
 3.800                   0                   0                   0
 3.850                   0                   0                   0
 3.900                   0                   0                   0
 3.950                   0                   0                   0
 4.000                   0                   0                   0
 4.050                   0                   0                   0
 4.100                   0                   0                   0
 4.150                   0                   0                   0
 4.200                   0                   0                   0
 4.250                   0                   0                   0
 4.300                   0                   0                   0
 4.350                   0                   0                   0
 4.400                   0                   0                   0
 4.450                   0                   0                   0
 4.500                   0                   0                   0
 4.550                   0                   0                   0
 4.600                   0                   0                   0
 4.650                   0                   0                   0
 4.700                   0                   0                   0
 4.750                   0                   0                   0
 4.800                   0                   0                   0
 4.850                   0                   0                   0
 4.900                   0                   0                   0
 4.950                   0                   0                   0
