 0.000             5881477             5417912             6945869
 0.050              450977              272217              395143
 0.100              401971              344597              281994
 0.150              397132              392457              215756
 0.200              407768              413111              157844
 0.250              425036              422539              115533
 0.300              447222              434759               88812
 0.350              473423              453037               69765
 0.400              504314              478046               56907
 0.450              539026              512369               47915
 0.500              578176              550959               41735
 0.550              616335              592690               38628
 0.600              659420              642724               37208
 0.650              699466              694800               38037
 0.700              740566              750074               39589
 0.750              785820              810196               42082
 0.800              822910              879199               45479
 0.850              859825              956308               49807
 0.900              913699             1039546               56133
 0.950             1027757             1164210               65178
 1.000             2668192             3071606             5646680
 1.050             7712422             7510171             5768156
 1.100             8513304             7665321             4738992
 1.150             3527644             3869275             3585374
 1.200              513520             1038472             2651439
 1.250               19156              175115             2055977
 1.300                   0               26319             1592759
 1.350                   0                5776             1237889
 1.400                   0                1793              998421
 1.450                   0                 621              811470
 1.500                   0                 236              652751
 1.550                   0                  70              520190
 1.600                   0                  24              406747
 1.650                   0                   7              313100
 1.700                   0                   1              236374
 1.750                   0                   1              174983
 1.800                   0                   0              125666
 1.850                   0                   0               88376
 1.900                   0                   0               60031
 1.950                   0                   0               38636
 2.000                   0                   0               23908
 2.050                   0                   0               14186
 2.100                   0                   0                7778
 2.150                   0                   0                3992
 2.200                   0                   0                1907
 2.250                   0                   0                 857
 2.300                   0                   0                 319
 2.350                   0                   0                 127
 2.400                   0                   0                  41
 2.450                   0                   0                  15
 2.500                   0                   0                   2
 2.550                   0                   0                   0
 2.600                   0                   0                   1
 2.650                   0                   0                   0
 2.700                   0                   0                   0
 2.750                   0                   0                   0
 2.800                   0                   0                   0
 2.850                   0                   0                   0
 2.900                   0                   0                   0
 2.950                   0                   0                   0
 3.000                   0                   0                   0
 3.050                   0                   0                   0
 3.100                   0                   0                   0
 3.150                   0                   0                   0
 3.200                   0                   0                   0
 3.250                   0                   0                   0
 3.300                   0                   0                   0
 3.350                   0                   0                   0
 3.400                   0                   0                   0
 3.450                   0                   0                   0
 3.500                   0                   0                   0
 3.550                   0                   0                   0
 3.600                   0                   0                   0
 3.650                   0                   0                   0
 3.700                   0                   0                   0
 3.750                   0                   0                   0
 3.800                   0                   0                   0
 3.850                   0                   0                   0
 3.900                   0                   0                   0
 3.950                   0                   0                   0
 4.000                   0                   0                   0
 4.050                   0                   0                   0
 4.100                   0                   0                   0
 4.150                   0                   0                   0
 4.200                   0                   0                   0
 4.250                   0                   0                   0
 4.300                   0                   0                   0
 4.350                   0                   0                   0
 4.400                   0                   0                   0
 4.450                   0                   0                   0
 4.500                   0                   0                   0
 4.550                   0                   0                   0
 4.600                   0                   0                   0
 4.650                   0                   0                   0
 4.700                   0                   0                   0
 4.750                   0                   0                   0
 4.800                   0                   0                   0
 4.850                   0                   0                   0
 4.900                   0                   0                   0
 4.950                   0                   0                   0
