 0.000           884896545           736193528
 0.100             1536146            13860758
 0.200             1633358            13953767
 0.300             1639762            12499023
 0.400             1685121            10746437
 0.500             1748412             9356044
 0.600             1723295             7782095
 0.700             1757167             6957762
 0.800             1832131             6500234
 0.900             1791814             5617948
 1.000             1806819             5124182
 1.100             1792816             4646170
 1.200             1861015             4535516
 1.300             1830453             4125088
 1.400             1847980             3939580
 1.500             1812525             3582394
 1.600             1858385             3559047
 1.700             1862750             3347484
 1.800             1878577             3228420
 1.900             1876280             3069845
 2.000             1921167             3028342
 2.100             1923808             2920120
 2.200             1884374             2707218
 2.300             1941253             2779714
 2.400             1872392             2538230
 2.500             1921789             2576651
 2.600             1926445             2498786
 2.700             1913880             2375181
 2.800             1946100             2395483
 2.900             1915207             2253827
 3.000             1953843             2281004
 3.100             1940879             2197262
 3.200             1958225             2204068
 3.300             1937252             2103091
 3.400             1945643             2064738
 3.500             1926534             1973361
 3.600             1936378             1971304
 3.700             1908218             1888605
 3.800             1917712             1903367
 3.900             1885930             1794775
 4.000             1854080             1708807
 4.100             1855808             1677620
 4.200             1827157             1612228
 4.300             1803778             1583357
 4.400             1780745             1553011
 4.500             1755526             1554634
 4.600             1702635             1503711
 4.700             1671149             1476613
 4.800             1634084             1458956
 4.900             1587175             1408267
 5.000             1583284             1459435
 5.100             1525379             1387672
 5.200             1506570             1400563
 5.300             1474328             1406512
 5.400             1434503             1356737
 5.500             1395486             1312861
 5.600             1370749             1340296
 5.700             1309301             1288492
 5.800             1281140             1322742
 5.900             1235695             1322739
 6.000             1194238             1330691
 6.100             1138005             1316386
 6.200             1100920             1333281
 6.300             1061920             1320820
 6.400             1025656             1312560
 6.500              982191             1282692
 6.600              949307             1294348
 6.700              912890             1263213
 6.800              892442             1290403
 6.900              860900             1290191
 7.000              825983             1282118
 7.100              793829             1256587
 7.200              765004             1240593
 7.300              743312             1228838
 7.400              718661             1205364
 7.500              695758             1198550
 7.600              671407             1226985
 7.700              648241             2348498
 7.800              626389            61762180
 7.900              607513                   0
 8.000              586919                   0
 8.100              564678                   0
 8.200              544966                   0
 8.300              526844                   0
 8.400              510418                   0
 8.500              491862                   0
 8.600              475818                   0
 8.700              459339                   0
 8.800              450249                   0
 8.900              438946                   0
 9.000              425437                   0
 9.100              412030                   0
 9.200              396535                   0
 9.300              381290                   0
 9.400              367291                   0
 9.500              354569                   0
 9.600              346342                   0
 9.700              334711                   0
 9.800              324726                   0
 9.900              312341                   0
10.000              303616                   0
10.100              295792                   0
10.200              289683                   0
10.300              278099                   0
10.400              267847                   0
10.500              257152                   0
10.600              247616                   0
10.700              238100                   0
10.800              230905                   0
10.900              224024                   0
11.000              217592                   0
11.100              210853                   0
11.200              204154                   0
11.300              198915                   0
11.400              193468                   0
11.500              187082                   0
11.600              180292                   0
11.700              174556                   0
11.800              169066                   0
11.900              163771                   0
12.000              157482                   0
12.100              152395                   0
12.200              148957                   0
12.300              145132                   0
12.400              141491                   0
12.500              136191                   0
12.600              131653                   0
12.700              125565                   0
12.800              121333                   0
12.900              118103                   0
13.000              113576                   0
13.100              108041                   0
13.200              103378                   0
13.300              101421                   0
13.400               99054                   0
13.500               96293                   0
13.600               93229                   0
13.700               88489                   0
13.800               84368                   0
13.900               81356                   0
14.000               77872                   0
14.100               75596                   0
14.200               73128                   0
14.300               69840                   0
14.400               67210                   0
14.500               64547                   0
14.600               63324                   0
14.700               62483                   0
14.800               59829                   0
14.900               57333                   0
15.000               54822                   0
15.100               52497                   0
15.200               51015                   0
15.300               50169                   0
15.400               49160                   0
15.500               48056                   0
15.600               45709                   0
15.700               43984                   0
15.800               41421                   0
15.900               40316                   0
16.000               38243                   0
16.100               36966                   0
16.200               35888                   0
16.300               34494                   0
16.400               33593                   0
16.500               32753                   0
16.600               31910                   0
16.700               31106                   0
16.800               30001                   0
16.900               29669                   0
17.000               29024                   0
17.100               27634                   0
17.200               26498                   0
17.300               26152                   0
17.400               25446                   0
17.500               24549                   0
17.600               24069                   0
17.700               23298                   0
17.800               22350                   0
17.900               21522                   0
18.000               20630                   0
18.100               20107                   0
18.200               18643                   0
18.300               18233                   0
18.400               18106                   0
18.500               17391                   0
18.600               17082                   0
18.700               16178                   0
18.800               15979                   0
18.900               15403                   0
19.000               14529                   0
19.100               14235                   0
19.200               13895                   0
19.300               13160                   0
19.400               12746                   0
19.500               12299                   0
19.600               12144                   0
19.700               11912                   0
19.800               11443                   0
19.900               10935                   0
20.000               10521                   0
20.100               10320                   0
20.200               10081                   0
20.300                9902                   0
20.400               10028                   0
20.500               10150                   0
20.600                9893                   0
20.700                9277                   0
20.800                8873                   0
20.900                8580                   0
21.000                8495                   0
21.100                8121                   0
21.200                7991                   0
21.300                7418                   0
21.400                7387                   0
21.500                7273                   0
21.600                7100                   0
21.700                6674                   0
21.800                6655                   0
21.900                6221                   0
22.000                6119                   0
22.100                6024                   0
22.200                5820                   0
22.300                5768                   0
22.400                5621                   0
22.500                5491                   0
22.600                5456                   0
22.700                5237                   0
22.800                5116                   0
22.900                4794                   0
23.000                4603                   0
23.100                4444                   0
23.200                4278                   0
23.300                4031                   0
23.400                3852                   0
23.500                3800                   0
23.600                3778                   0
23.700                3841                   0
23.800                3721                   0
23.900                3774                   0
24.000                3520                   0
24.100                3552                   0
24.200                3491                   0
24.300                3328                   0
24.400                3155                   0
24.500                3068                   0
24.600                3148                   0
24.700                2915                   0
24.800                2953                   0
24.900                2852                   0
25.000                2754                   0
25.100                2773                   0
25.200                2654                   0
25.300                2601                   0
25.400                2570                   0
25.500                2570                   0
25.600                2358                   0
25.700                2361                   0
25.800                2410                   0
25.900                2352                   0
26.000                2437                   0
26.100                2533                   0
26.200                2597                   0
26.300                2606                   0
26.400                2606                   0
26.500                2652                   0
26.600                2655                   0
26.700                2530                   0
26.800                2513                   0
26.900                2646                   0
27.000                2558                   0
27.100                2643                   0
27.200                2506                   0
27.300                2339                   0
27.400                2130                   0
27.500                2020                   0
27.600                1832                   0
27.700                1721                   0
27.800                1652                   0
27.900                1629                   0
28.000                1680                   0
28.100                1762                   0
28.200                1647                   0
28.300                1756                   0
28.400                1763                   0
28.500                1718                   0
28.600                1894                   0
28.700                2436                   0
28.800                4474                   0
28.900               11693                   0
29.000               23014                   0
29.100                   0                   0
29.200                   0                   0
29.300                   0                   0
29.400                   0                   0
29.500                   0                   0
29.600                   0                   0
29.700                   0                   0
29.800                   0                   0
29.900                   0                   0
30.000                   0                   0
30.100                   0                   0
30.200                   0                   0
30.300                   0                   0
30.400                   0                   0
30.500                   0                   0
30.600                   0                   0
30.700                   0                   0
30.800                   0                   0
30.900                   0                   0
31.000                   0                   0
31.100                   0                   0
31.200                   0                   0
31.300                   0                   0
31.400                   0                   0
31.500                   0                   0
31.600                   0                   0
31.700                   0                   0
31.800                   0                   0
31.900                   0                   0
32.000                   0                   0
32.100                   0                   0
32.200                   0                   0
32.300                   0                   0
32.400                   0                   0
32.500                   0                   0
32.600                   0                   0
32.700                   0                   0
32.800                   0                   0
32.900                   0                   0
33.000                   0                   0
33.100                   0                   0
33.200                   0                   0
33.300                   0                   0
33.400                   0                   0
33.500                   0                   0
33.600                   0                   0
33.700                   0                   0
33.800                   0                   0
33.900                   0                   0
34.000                   0                   0
34.100                   0                   0
34.200                   0                   0
34.300                   0                   0
34.400                   0                   0
34.500                   0                   0
34.600                   0                   0
34.700                   0                   0
34.800                   0                   0
34.900                   0                   0
35.000                   0                   0
35.100                   0                   0
35.200                   0                   0
35.300                   0                   0
35.400                   0                   0
35.500                   0                   0
35.600                   0                   0
35.700                   0                   0
35.800                   0                   0
35.900                   0                   0
36.000                   0                   0
36.100                   0                   0
36.200                   0                   0
36.300                   0                   0
36.400                   0                   0
36.500                   0                   0
36.600                   0                   0
36.700                   0                   0
36.800                   0                   0
36.900                   0                   0
37.000                   0                   0
37.100                   0                   0
37.200                   0                   0
37.300                   0                   0
37.400                   0                   0
37.500                   0                   0
37.600                   0                   0
37.700                   0                   0
37.800                   0                   0
37.900                   0                   0
38.000                   0                   0
38.100                   0                   0
38.200                   0                   0
38.300                   0                   0
38.400                   0                   0
38.500                   0                   0
38.600                   0                   0
38.700                   0                   0
38.800                   0                   0
38.900                   0                   0
39.000                   0                   0
39.100                   0                   0
39.200                   0                   0
39.300                   0                   0
39.400                   0                   0
39.500                   0                   0
39.600                   0                   0
39.700                   0                   0
39.800                   0                   0
39.900                   0                   0
40.000                   0                   0
40.100                   0                   0
40.200                   0                   0
40.300                   0                   0
40.400                   0                   0
40.500                   0                   0
40.600                   0                   0
40.700                   0                   0
40.800                   0                   0
40.900                   0                   0
41.000                   0                   0
41.100                   0                   0
41.200                   0                   0
41.300                   0                   0
41.400                   0                   0
41.500                   0                   0
41.600                   0                   0
41.700                   0                   0
41.800                   0                   0
41.900                   0                   0
42.000                   0                   0
42.100                   0                   0
42.200                   0                   0
42.300                   0                   0
42.400                   0                   0
42.500                   0                   0
42.600                   0                   0
42.700                   0                   0
42.800                   0                   0
42.900                   0                   0
43.000                   0                   0
43.100                   0                   0
43.200                   0                   0
43.300                   0                   0
43.400                   0                   0
43.500                   0                   0
43.600                   0                   0
43.700                   0                   0
43.800                   0                   0
43.900                   0                   0
44.000                   0                   0
44.100                   0                   0
44.200                   0                   0
44.300                   0                   0
44.400                   0                   0
44.500                   0                   0
44.600                   0                   0
44.700                   0                   0
44.800                   0                   0
44.900                   0                   0
45.000                   0                   0
45.100                   0                   0
45.200                   0                   0
45.300                   0                   0
45.400                   0                   0
45.500                   0                   0
45.600                   0                   0
45.700                   0                   0
45.800                   0                   0
45.900                   0                   0
46.000                   0                   0
46.100                   0                   0
46.200                   0                   0
46.300                   0                   0
46.400                   0                   0
46.500                   0                   0
46.600                   0                   0
46.700                   0                   0
46.800                   0                   0
46.900                   0                   0
47.000                   0                   0
47.100                   0                   0
47.200                   0                   0
47.300                   0                   0
47.400                   0                   0
47.500                   0                   0
47.600                   0                   0
47.700                   0                   0
47.800                   0                   0
47.900                   0                   0
48.000                   0                   0
48.100                   0                   0
48.200                   0                   0
48.300                   0                   0
48.400                   0                   0
48.500                   0                   0
48.600                   0                   0
48.700                   0                   0
48.800                   0                   0
48.900                   0                   0
49.000                   0                   0
49.100                   0                   0
49.200                   0                   0
49.300                   0                   0
49.400                   0                   0
49.500                   0                   0
49.600                   0                   0
49.700                   0                   0
49.800                   0                   0
49.900                   0                   0
50.000                   0                   0
50.100                   0                   0
50.200                   0                   0
50.300                   0                   0
50.400                   0                   0
50.500                   0                   0
50.600                   0                   0
50.700                   0                   0
50.800                   0                   0
50.900                   0                   0
51.000                   0                   0
51.100                   0                   0
51.200                   0                   0
51.300                   0                   0
51.400                   0                   0
51.500                   0                   0
51.600                   0                   0
51.700                   0                   0
51.800                   0                   0
51.900                   0                   0
52.000                   0                   0
52.100                   0                   0
52.200                   0                   0
52.300                   0                   0
52.400                   0                   0
52.500                   0                   0
52.600                   0                   0
52.700                   0                   0
52.800                   0                   0
52.900                   0                   0
53.000                   0                   0
53.100                   0                   0
53.200                   0                   0
53.300                   0                   0
53.400                   0                   0
53.500                   0                   0
53.600                   0                   0
53.700                   0                   0
53.800                   0                   0
53.900                   0                   0
54.000                   0                   0
54.100                   0                   0
54.200                   0                   0
54.300                   0                   0
54.400                   0                   0
54.500                   0                   0
54.600                   0                   0
54.700                   0                   0
54.800                   0                   0
54.900                   0                   0
55.000                   0                   0
55.100                   0                   0
55.200                   0                   0
55.300                   0                   0
55.400                   0                   0
55.500                   0                   0
55.600                   0                   0
55.700                   0                   0
55.800                   0                   0
55.900                   0                   0
56.000                   0                   0
56.100                   0                   0
56.200                   0                   0
56.300                   0                   0
56.400                   0                   0
56.500                   0                   0
56.600                   0                   0
56.700                   0                   0
56.800                   0                   0
56.900                   0                   0
57.000                   0                   0
57.100                   0                   0
57.200                   0                   0
57.300                   0                   0
57.400                   0                   0
57.500                   0                   0
57.600                   0                   0
57.700                   0                   0
57.800                   0                   0
57.900                   0                   0
58.000                   0                   0
58.100                   0                   0
58.200                   0                   0
58.300                   0                   0
58.400                   0                   0
58.500                   0                   0
58.600                   0                   0
58.700                   0                   0
58.800                   0                   0
58.900                   0                   0
59.000                   0                   0
59.100                   0                   0
59.200                   0                   0
59.300                   0                   0
59.400                   0                   0
59.500                   0                   0
59.600                   0                   0
59.700                   0                   0
59.800                   0                   0
59.900                   0                   0
60.000                   0                   0
60.100                   0                   0
60.200                   0                   0
60.300                   0                   0
60.400                   0                   0
60.500                   0                   0
60.600                   0                   0
60.700                   0                   0
60.800                   0                   0
60.900                   0                   0
61.000                   0                   0
61.100                   0                   0
61.200                   0                   0
61.300                   0                   0
61.400                   0                   0
61.500                   0                   0
61.600                   0                   0
61.700                   0                   0
61.800                   0                   0
61.900                   0                   0
62.000                   0                   0
62.100                   0                   0
62.200                   0                   0
62.300                   0                   0
62.400                   0                   0
62.500                   0                   0
62.600                   0                   0
62.700                   0                   0
62.800                   0                   0
62.900                   0                   0
63.000                   0                   0
63.100                   0                   0
63.200                   0                   0
63.300                   0                   0
63.400                   0                   0
63.500                   0                   0
63.600                   0                   0
63.700                   0                   0
63.800                   0                   0
63.900                   0                   0
64.000                   0                   0
64.100                   0                   0
64.200                   0                   0
64.300                   0                   0
64.400                   0                   0
64.500                   0                   0
64.600                   0                   0
64.700                   0                   0
64.800                   0                   0
64.900                   0                   0
65.000                   0                   0
65.100                   0                   0
65.200                   0                   0
65.300                   0                   0
65.400                   0                   0
65.500                   0                   0
65.600                   0                   0
65.700                   0                   0
65.800                   0                   0
65.900                   0                   0
66.000                   0                   0
66.100                   0                   0
66.200                   0                   0
66.300                   0                   0
66.400                   0                   0
66.500                   0                   0
66.600                   0                   0
66.700                   0                   0
66.800                   0                   0
66.900                   0                   0
67.000                   0                   0
67.100                   0                   0
67.200                   0                   0
67.300                   0                   0
67.400                   0                   0
67.500                   0                   0
67.600                   0                   0
67.700                   0                   0
67.800                   0                   0
67.900                   0                   0
68.000                   0                   0
68.100                   0                   0
68.200                   0                   0
68.300                   0                   0
68.400                   0                   0
68.500                   0                   0
68.600                   0                   0
68.700                   0                   0
68.800                   0                   0
68.900                   0                   0
69.000                   0                   0
69.100                   0                   0
69.200                   0                   0
69.300                   0                   0
69.400                   0                   0
69.500                   0                   0
69.600                   0                   0
69.700                   0                   0
69.800                   0                   0
69.900                   0                   0
70.000                   0                   0
70.100                   0                   0
70.200                   0                   0
70.300                   0                   0
70.400                   0                   0
70.500                   0                   0
70.600                   0                   0
70.700                   0                   0
70.800                   0                   0
70.900                   0                   0
71.000                   0                   0
71.100                   0                   0
71.200                   0                   0
71.300                   0                   0
71.400                   0                   0
71.500                   0                   0
71.600                   0                   0
71.700                   0                   0
71.800                   0                   0
71.900                   0                   0
72.000                   0                   0
72.100                   0                   0
72.200                   0                   0
72.300                   0                   0
72.400                   0                   0
72.500                   0                   0
72.600                   0                   0
72.700                   0                   0
72.800                   0                   0
72.900                   0                   0
73.000                   0                   0
73.100                   0                   0
73.200                   0                   0
73.300                   0                   0
73.400                   0                   0
73.500                   0                   0
73.600                   0                   0
73.700                   0                   0
73.800                   0                   0
73.900                   0                   0
74.000                   0                   0
74.100                   0                   0
74.200                   0                   0
74.300                   0                   0
74.400                   0                   0
74.500                   0                   0
74.600                   0                   0
74.700                   0                   0
74.800                   0                   0
74.900                   0                   0
75.000                   0                   0
75.100                   0                   0
75.200                   0                   0
75.300                   0                   0
75.400                   0                   0
75.500                   0                   0
75.600                   0                   0
75.700                   0                   0
75.800                   0                   0
75.900                   0                   0
76.000                   0                   0
76.100                   0                   0
76.200                   0                   0
76.300                   0                   0
76.400                   0                   0
76.500                   0                   0
76.600                   0                   0
76.700                   0                   0
76.800                   0                   0
76.900                   0                   0
77.000                   0                   0
77.100                   0                   0
77.200                   0                   0
77.300                   0                   0
77.400                   0                   0
77.500                   0                   0
77.600                   0                   0
77.700                   0                   0
77.800                   0                   0
77.900                   0                   0
78.000                   0                   0
78.100                   0                   0
78.200                   0                   0
78.300                   0                   0
78.400                   0                   0
78.500                   0                   0
78.600                   0                   0
78.700                   0                   0
78.800                   0                   0
78.900                   0                   0
79.000                   0                   0
79.100                   0                   0
79.200                   0                   0
79.300                   0                   0
79.400                   0                   0
79.500                   0                   0
79.600                   0                   0
79.700                   0                   0
79.800                   0                   0
79.900                   0                   0
80.000                   0                   0
80.100                   0                   0
80.200                   0                   0
80.300                   0                   0
80.400                   0                   0
80.500                   0                   0
80.600                   0                   0
80.700                   0                   0
80.800                   0                   0
80.900                   0                   0
81.000                   0                   0
81.100                   0                   0
81.200                   0                   0
81.300                   0                   0
81.400                   0                   0
81.500                   0                   0
81.600                   0                   0
81.700                   0                   0
81.800                   0                   0
81.900                   0                   0
82.000                   0                   0
82.100                   0                   0
82.200                   0                   0
82.300                   0                   0
82.400                   0                   0
82.500                   0                   0
82.600                   0                   0
82.700                   0                   0
82.800                   0                   0
82.900                   0                   0
83.000                   0                   0
83.100                   0                   0
83.200                   0                   0
83.300                   0                   0
83.400                   0                   0
83.500                   0                   0
83.600                   0                   0
83.700                   0                   0
83.800                   0                   0
83.900                   0                   0
84.000                   0                   0
84.100                   0                   0
84.200                   0                   0
84.300                   0                   0
84.400                   0                   0
84.500                   0                   0
84.600                   0                   0
84.700                   0                   0
84.800                   0                   0
84.900                   0                   0
85.000                   0                   0
85.100                   0                   0
85.200                   0                   0
85.300                   0                   0
85.400                   0                   0
85.500                   0                   0
85.600                   0                   0
85.700                   0                   0
85.800                   0                   0
85.900                   0                   0
86.000                   0                   0
86.100                   0                   0
86.200                   0                   0
86.300                   0                   0
86.400                   0                   0
86.500                   0                   0
86.600                   0                   0
86.700                   0                   0
86.800                   0                   0
86.900                   0                   0
87.000                   0                   0
87.100                   0                   0
87.200                   0                   0
87.300                   0                   0
87.400                   0                   0
87.500                   0                   0
87.600                   0                   0
87.700                   0                   0
87.800                   0                   0
87.900                   0                   0
88.000                   0                   0
88.100                   0                   0
88.200                   0                   0
88.300                   0                   0
88.400                   0                   0
88.500                   0                   0
88.600                   0                   0
88.700                   0                   0
88.800                   0                   0
88.900                   0                   0
89.000                   0                   0
89.100                   0                   0
89.200                   0                   0
89.300                   0                   0
89.400                   0                   0
89.500                   0                   0
89.600                   0                   0
89.700                   0                   0
89.800                   0                   0
89.900                   0                   0
90.000                   0                   0
90.100                   0                   0
90.200                   0                   0
90.300                   0                   0
90.400                   0                   0
90.500                   0                   0
90.600                   0                   0
90.700                   0                   0
90.800                   0                   0
90.900                   0                   0
91.000                   0                   0
91.100                   0                   0
91.200                   0                   0
91.300                   0                   0
91.400                   0                   0
91.500                   0                   0
91.600                   0                   0
91.700                   0                   0
91.800                   0                   0
91.900                   0                   0
92.000                   0                   0
92.100                   0                   0
92.200                   0                   0
92.300                   0                   0
92.400                   0                   0
92.500                   0                   0
92.600                   0                   0
92.700                   0                   0
92.800                   0                   0
92.900                   0                   0
93.000                   0                   0
93.100                   0                   0
93.200                   0                   0
93.300                   0                   0
93.400                   0                   0
93.500                   0                   0
93.600                   0                   0
93.700                   0                   0
93.800                   0                   0
93.900                   0                   0
94.000                   0                   0
94.100                   0                   0
94.200                   0                   0
94.300                   0                   0
94.400                   0                   0
94.500                   0                   0
94.600                   0                   0
94.700                   0                   0
94.800                   0                   0
94.900                   0                   0
95.000                   0                   0
95.100                   0                   0
95.200                   0                   0
95.300                   0                   0
95.400                   0                   0
95.500                   0                   0
95.600                   0                   0
95.700                   0                   0
95.800                   0                   0
95.900                   0                   0
96.000                   0                   0
96.100                   0                   0
96.200                   0                   0
96.300                   0                   0
96.400                   0                   0
96.500                   0                   0
96.600                   0                   0
96.700                   0                   0
96.800                   0                   0
96.900                   0                   0
97.000                   0                   0
97.100                   0                   0
97.200                   0                   0
97.300                   0                   0
97.400                   0                   0
97.500                   0                   0
97.600                   0                   0
97.700                   0                   0
97.800                   0                   0
97.900                   0                   0
98.000                   0                   0
98.100                   0                   0
98.200                   0                   0
98.300                   0                   0
98.400                   0                   0
98.500                   0                   0
98.600                   0                   0
98.700                   0                   0
98.800                   0                   0
98.900                   0                   0
99.000                   0                   0
99.100                   0                   0
99.200                   0                   0
99.300                   0                   0
99.400                   0                   0
99.500                   0                   0
99.600                   0                   0
99.700                   0                   0
99.800                   0                   0
99.900                   0                   0
