 0.000           885094196           736239680
 0.100             1544609            14698529
 0.200             1615143            14254193
 0.300             1618267            12216778
 0.400             1691681            10922925
 0.500             1685146             9297404
 0.600             1720271             8311507
 0.700             1720460             7389366
 0.800             1716691             6636342
 0.900             1746837             6198505
 1.000             1749764             5764145
 1.100             1751067             5378798
 1.200             1790369             5194313
 1.300             1740667             4734702
 1.400             1754851             4559389
 1.500             1742821             4282085
 1.600             1718529             3993539
 1.700             1759599             3932744
 1.800             1775058             3835675
 1.900             1746266             3589515
 2.000             1756588             3444464
 2.100             1784960             3427362
 2.200             1775976             3223459
 2.300             1753848             3001147
 2.400             1806474             3051786
 2.500             1763475             2802146
 2.600             1798562             2944592
 2.700             1798907            28689537
 2.800             1838713           101985373
 2.900             1852582                   0
 3.000             1895623                   0
 3.100             1878984                   0
 3.200             1886047                   0
 3.300             1911945                   0
 3.400             1954782                   0
 3.500             1965390                   0
 3.600             2000003                   0
 3.700             1960543                   0
 3.800             1994566                   0
 3.900             1982022                   0
 4.000             2000161                   0
 4.100             1981874                   0
 4.200             1951820                   0
 4.300             1931651                   0
 4.400             1893038                   0
 4.500             1891007                   0
 4.600             1852370                   0
 4.700             1798309                   0
 4.800             1756364                   0
 4.900             1716394                   0
 5.000             1687152                   0
 5.100             1635329                   0
 5.200             1611444                   0
 5.300             1558619                   0
 5.400             1500128                   0
 5.500             1471144                   0
 5.600             1425015                   0
 5.700             1393174                   0
 5.800             1343339                   0
 5.900             1303848                   0
 6.000             1266054                   0
 6.100             1211905                   0
 6.200             1166811                   0
 6.300             1118626                   0
 6.400             1067994                   0
 6.500             1023830                   0
 6.600              984638                   0
 6.700              949924                   0
 6.800              912080                   0
 6.900              881784                   0
 7.000              846791                   0
 7.100              812196                   0
 7.200              778972                   0
 7.300              750551                   0
 7.400              722696                   0
 7.500              704385                   0
 7.600              678825                   0
 7.700              653907                   0
 7.800              632958                   0
 7.900              606138                   0
 8.000              578113                   0
 8.100              556801                   0
 8.200              538182                   0
 8.300              521737                   0
 8.400              506666                   0
 8.500              485949                   0
 8.600              469505                   0
 8.700              445887                   0
 8.800              429067                   0
 8.900              408789                   0
 9.000              394394                   0
 9.100              380956                   0
 9.200              371579                   0
 9.300              362334                   0
 9.400              352412                   0
 9.500              342647                   0
 9.600              328511                   0
 9.700              315687                   0
 9.800              303735                   0
 9.900              292639                   0
10.000              287130                   0
10.100              278338                   0
10.200              272442                   0
10.300              262780                   0
10.400              259531                   0
10.500              252535                   0
10.600              246352                   0
10.700              236177                   0
10.800              228729                   0
10.900              221938                   0
11.000              215267                   0
11.100              206123                   0
11.200              197871                   0
11.300              191532                   0
11.400              185071                   0
11.500              177967                   0
11.600              171981                   0
11.700              164405                   0
11.800              158231                   0
11.900              154272                   0
12.000              147876                   0
12.100              141282                   0
12.200              135766                   0
12.300              130683                   0
12.400              127523                   0
12.500              124925                   0
12.600              120694                   0
12.700              116868                   0
12.800              111443                   0
12.900              108556                   0
13.000              104865                   0
13.100              101600                   0
13.200               97518                   0
13.300               94007                   0
13.400               91808                   0
13.500               88720                   0
13.600               86091                   0
13.700               82756                   0
13.800               79843                   0
13.900               78090                   0
14.000               77831                   0
14.100               75087                   0
14.200               71604                   0
14.300               68051                   0
14.400               65416                   0
14.500               63044                   0
14.600               62207                   0
14.700               60042                   0
14.800               57406                   0
14.900               55226                   0
15.000               53790                   0
15.100               52305                   0
15.200               51626                   0
15.300               50253                   0
15.400               48352                   0
15.500               46438                   0
15.600               44388                   0
15.700               42643                   0
15.800               40636                   0
15.900               39870                   0
16.000               38540                   0
16.100               37127                   0
16.200               36343                   0
16.300               34826                   0
16.400               34454                   0
16.500               33857                   0
16.600               32472                   0
16.700               31235                   0
16.800               30464                   0
16.900               30103                   0
17.000               28711                   0
17.100               27843                   0
17.200               27629                   0
17.300               27492                   0
17.400               26589                   0
17.500               26022                   0
17.600               24870                   0
17.700               23557                   0
17.800               22703                   0
17.900               22865                   0
18.000               22185                   0
18.100               21350                   0
18.200               20388                   0
18.300               19889                   0
18.400               19683                   0
18.500               19334                   0
18.600               18639                   0
18.700               18060                   0
18.800               17485                   0
18.900               16651                   0
19.000               16034                   0
19.100               15544                   0
19.200               15037                   0
19.300               14585                   0
19.400               14396                   0
19.500               14282                   0
19.600               13650                   0
19.700               13744                   0
19.800               13457                   0
19.900               12934                   0
20.000               12496                   0
20.100               11860                   0
20.200               11636                   0
20.300               11559                   0
20.400               11510                   0
20.500               11721                   0
20.600               10925                   0
20.700               10813                   0
20.800               10280                   0
20.900                9844                   0
21.000                9498                   0
21.100                9099                   0
21.200                8837                   0
21.300                8463                   0
21.400                8300                   0
21.500                7991                   0
21.600                7898                   0
21.700                7814                   0
21.800                7748                   0
21.900                7574                   0
22.000                7424                   0
22.100                7029                   0
22.200                6994                   0
22.300                6799                   0
22.400                6667                   0
22.500                6611                   0
22.600                6258                   0
22.700                6105                   0
22.800                6098                   0
22.900                5940                   0
23.000                5850                   0
23.100                5578                   0
23.200                5202                   0
23.300                4954                   0
23.400                4850                   0
23.500                4877                   0
23.600                4747                   0
23.700                4657                   0
23.800                4637                   0
23.900                4464                   0
24.000                4253                   0
24.100                4118                   0
24.200                4109                   0
24.300                3883                   0
24.400                3718                   0
24.500                3617                   0
24.600                3771                   0
24.700                3615                   0
24.800                3428                   0
24.900                3325                   0
25.000                3197                   0
25.100                3207                   0
25.200                3055                   0
25.300                3126                   0
25.400                3034                   0
25.500                3122                   0
25.600                3159                   0
25.700                2987                   0
25.800                2984                   0
25.900                2725                   0
26.000                2788                   0
26.100                2703                   0
26.200                2649                   0
26.300                2529                   0
26.400                2525                   0
26.500                2531                   0
26.600                2458                   0
26.700                2312                   0
26.800                2336                   0
26.900                2195                   0
27.000                2130                   0
27.100                2030                   0
27.200                2115                   0
27.300                2022                   0
27.400                1945                   0
27.500                1902                   0
27.600                1887                   0
27.700                1910                   0
27.800                1743                   0
27.900                1686                   0
28.000                1611                   0
28.100                1605                   0
28.200                1483                   0
28.300                1419                   0
28.400                1298                   0
28.500                1336                   0
28.600                1286                   0
28.700                1328                   0
28.800                1355                   0
28.900                1302                   0
29.000                1225                   0
29.100                1203                   0
29.200                1271                   0
29.300                1184                   0
29.400                1212                   0
29.500                1120                   0
29.600                1082                   0
29.700                1072                   0
29.800                1044                   0
29.900                1011                   0
30.000                1025                   0
30.100                1017                   0
30.200                 987                   0
30.300                 974                   0
30.400                 947                   0
30.500                 978                   0
30.600                 967                   0
30.700                 875                   0
30.800                 912                   0
30.900                 924                   0
31.000                 909                   0
31.100                 946                   0
31.200                 957                   0
31.300                 981                   0
31.400                 952                   0
31.500                 978                   0
31.600                 847                   0
31.700                 907                   0
31.800                 937                   0
31.900                 954                   0
32.000                 982                   0
32.100                 940                   0
32.200                 975                   0
32.300                 908                   0
32.400                 836                   0
32.500                 904                   0
32.600                 813                   0
32.700                 870                   0
32.800                 743                   0
32.900                 701                   0
33.000                 819                   0
33.100                 740                   0
33.200                 746                   0
33.300                 760                   0
33.400                 749                   0
33.500                 734                   0
33.600                 729                   0
33.700                 938                   0
33.800                1317                   0
33.900                2929                   0
34.000                6608                   0
34.100                3455                   0
34.200                   0                   0
34.300                   0                   0
34.400                   0                   0
34.500                   0                   0
34.600                   0                   0
34.700                   0                   0
34.800                   0                   0
34.900                   0                   0
35.000                   0                   0
35.100                   0                   0
35.200                   0                   0
35.300                   0                   0
35.400                   0                   0
35.500                   0                   0
35.600                   0                   0
35.700                   0                   0
35.800                   0                   0
35.900                   0                   0
36.000                   0                   0
36.100                   0                   0
36.200                   0                   0
36.300                   0                   0
36.400                   0                   0
36.500                   0                   0
36.600                   0                   0
36.700                   0                   0
36.800                   0                   0
36.900                   0                   0
37.000                   0                   0
37.100                   0                   0
37.200                   0                   0
37.300                   0                   0
37.400                   0                   0
37.500                   0                   0
37.600                   0                   0
37.700                   0                   0
37.800                   0                   0
37.900                   0                   0
38.000                   0                   0
38.100                   0                   0
38.200                   0                   0
38.300                   0                   0
38.400                   0                   0
38.500                   0                   0
38.600                   0                   0
38.700                   0                   0
38.800                   0                   0
38.900                   0                   0
39.000                   0                   0
39.100                   0                   0
39.200                   0                   0
39.300                   0                   0
39.400                   0                   0
39.500                   0                   0
39.600                   0                   0
39.700                   0                   0
39.800                   0                   0
39.900                   0                   0
40.000                   0                   0
40.100                   0                   0
40.200                   0                   0
40.300                   0                   0
40.400                   0                   0
40.500                   0                   0
40.600                   0                   0
40.700                   0                   0
40.800                   0                   0
40.900                   0                   0
41.000                   0                   0
41.100                   0                   0
41.200                   0                   0
41.300                   0                   0
41.400                   0                   0
41.500                   0                   0
41.600                   0                   0
41.700                   0                   0
41.800                   0                   0
41.900                   0                   0
42.000                   0                   0
42.100                   0                   0
42.200                   0                   0
42.300                   0                   0
42.400                   0                   0
42.500                   0                   0
42.600                   0                   0
42.700                   0                   0
42.800                   0                   0
42.900                   0                   0
43.000                   0                   0
43.100                   0                   0
43.200                   0                   0
43.300                   0                   0
43.400                   0                   0
43.500                   0                   0
43.600                   0                   0
43.700                   0                   0
43.800                   0                   0
43.900                   0                   0
44.000                   0                   0
44.100                   0                   0
44.200                   0                   0
44.300                   0                   0
44.400                   0                   0
44.500                   0                   0
44.600                   0                   0
44.700                   0                   0
44.800                   0                   0
44.900                   0                   0
45.000                   0                   0
45.100                   0                   0
45.200                   0                   0
45.300                   0                   0
45.400                   0                   0
45.500                   0                   0
45.600                   0                   0
45.700                   0                   0
45.800                   0                   0
45.900                   0                   0
46.000                   0                   0
46.100                   0                   0
46.200                   0                   0
46.300                   0                   0
46.400                   0                   0
46.500                   0                   0
46.600                   0                   0
46.700                   0                   0
46.800                   0                   0
46.900                   0                   0
47.000                   0                   0
47.100                   0                   0
47.200                   0                   0
47.300                   0                   0
47.400                   0                   0
47.500                   0                   0
47.600                   0                   0
47.700                   0                   0
47.800                   0                   0
47.900                   0                   0
48.000                   0                   0
48.100                   0                   0
48.200                   0                   0
48.300                   0                   0
48.400                   0                   0
48.500                   0                   0
48.600                   0                   0
48.700                   0                   0
48.800                   0                   0
48.900                   0                   0
49.000                   0                   0
49.100                   0                   0
49.200                   0                   0
49.300                   0                   0
49.400                   0                   0
49.500                   0                   0
49.600                   0                   0
49.700                   0                   0
49.800                   0                   0
49.900                   0                   0
50.000                   0                   0
50.100                   0                   0
50.200                   0                   0
50.300                   0                   0
50.400                   0                   0
50.500                   0                   0
50.600                   0                   0
50.700                   0                   0
50.800                   0                   0
50.900                   0                   0
51.000                   0                   0
51.100                   0                   0
51.200                   0                   0
51.300                   0                   0
51.400                   0                   0
51.500                   0                   0
51.600                   0                   0
51.700                   0                   0
51.800                   0                   0
51.900                   0                   0
52.000                   0                   0
52.100                   0                   0
52.200                   0                   0
52.300                   0                   0
52.400                   0                   0
52.500                   0                   0
52.600                   0                   0
52.700                   0                   0
52.800                   0                   0
52.900                   0                   0
53.000                   0                   0
53.100                   0                   0
53.200                   0                   0
53.300                   0                   0
53.400                   0                   0
53.500                   0                   0
53.600                   0                   0
53.700                   0                   0
53.800                   0                   0
53.900                   0                   0
54.000                   0                   0
54.100                   0                   0
54.200                   0                   0
54.300                   0                   0
54.400                   0                   0
54.500                   0                   0
54.600                   0                   0
54.700                   0                   0
54.800                   0                   0
54.900                   0                   0
55.000                   0                   0
55.100                   0                   0
55.200                   0                   0
55.300                   0                   0
55.400                   0                   0
55.500                   0                   0
55.600                   0                   0
55.700                   0                   0
55.800                   0                   0
55.900                   0                   0
56.000                   0                   0
56.100                   0                   0
56.200                   0                   0
56.300                   0                   0
56.400                   0                   0
56.500                   0                   0
56.600                   0                   0
56.700                   0                   0
56.800                   0                   0
56.900                   0                   0
57.000                   0                   0
57.100                   0                   0
57.200                   0                   0
57.300                   0                   0
57.400                   0                   0
57.500                   0                   0
57.600                   0                   0
57.700                   0                   0
57.800                   0                   0
57.900                   0                   0
58.000                   0                   0
58.100                   0                   0
58.200                   0                   0
58.300                   0                   0
58.400                   0                   0
58.500                   0                   0
58.600                   0                   0
58.700                   0                   0
58.800                   0                   0
58.900                   0                   0
59.000                   0                   0
59.100                   0                   0
59.200                   0                   0
59.300                   0                   0
59.400                   0                   0
59.500                   0                   0
59.600                   0                   0
59.700                   0                   0
59.800                   0                   0
59.900                   0                   0
60.000                   0                   0
60.100                   0                   0
60.200                   0                   0
60.300                   0                   0
60.400                   0                   0
60.500                   0                   0
60.600                   0                   0
60.700                   0                   0
60.800                   0                   0
60.900                   0                   0
61.000                   0                   0
61.100                   0                   0
61.200                   0                   0
61.300                   0                   0
61.400                   0                   0
61.500                   0                   0
61.600                   0                   0
61.700                   0                   0
61.800                   0                   0
61.900                   0                   0
62.000                   0                   0
62.100                   0                   0
62.200                   0                   0
62.300                   0                   0
62.400                   0                   0
62.500                   0                   0
62.600                   0                   0
62.700                   0                   0
62.800                   0                   0
62.900                   0                   0
63.000                   0                   0
63.100                   0                   0
63.200                   0                   0
63.300                   0                   0
63.400                   0                   0
63.500                   0                   0
63.600                   0                   0
63.700                   0                   0
63.800                   0                   0
63.900                   0                   0
64.000                   0                   0
64.100                   0                   0
64.200                   0                   0
64.300                   0                   0
64.400                   0                   0
64.500                   0                   0
64.600                   0                   0
64.700                   0                   0
64.800                   0                   0
64.900                   0                   0
65.000                   0                   0
65.100                   0                   0
65.200                   0                   0
65.300                   0                   0
65.400                   0                   0
65.500                   0                   0
65.600                   0                   0
65.700                   0                   0
65.800                   0                   0
65.900                   0                   0
66.000                   0                   0
66.100                   0                   0
66.200                   0                   0
66.300                   0                   0
66.400                   0                   0
66.500                   0                   0
66.600                   0                   0
66.700                   0                   0
66.800                   0                   0
66.900                   0                   0
67.000                   0                   0
67.100                   0                   0
67.200                   0                   0
67.300                   0                   0
67.400                   0                   0
67.500                   0                   0
67.600                   0                   0
67.700                   0                   0
67.800                   0                   0
67.900                   0                   0
68.000                   0                   0
68.100                   0                   0
68.200                   0                   0
68.300                   0                   0
68.400                   0                   0
68.500                   0                   0
68.600                   0                   0
68.700                   0                   0
68.800                   0                   0
68.900                   0                   0
69.000                   0                   0
69.100                   0                   0
69.200                   0                   0
69.300                   0                   0
69.400                   0                   0
69.500                   0                   0
69.600                   0                   0
69.700                   0                   0
69.800                   0                   0
69.900                   0                   0
70.000                   0                   0
70.100                   0                   0
70.200                   0                   0
70.300                   0                   0
70.400                   0                   0
70.500                   0                   0
70.600                   0                   0
70.700                   0                   0
70.800                   0                   0
70.900                   0                   0
71.000                   0                   0
71.100                   0                   0
71.200                   0                   0
71.300                   0                   0
71.400                   0                   0
71.500                   0                   0
71.600                   0                   0
71.700                   0                   0
71.800                   0                   0
71.900                   0                   0
72.000                   0                   0
72.100                   0                   0
72.200                   0                   0
72.300                   0                   0
72.400                   0                   0
72.500                   0                   0
72.600                   0                   0
72.700                   0                   0
72.800                   0                   0
72.900                   0                   0
73.000                   0                   0
73.100                   0                   0
73.200                   0                   0
73.300                   0                   0
73.400                   0                   0
73.500                   0                   0
73.600                   0                   0
73.700                   0                   0
73.800                   0                   0
73.900                   0                   0
74.000                   0                   0
74.100                   0                   0
74.200                   0                   0
74.300                   0                   0
74.400                   0                   0
74.500                   0                   0
74.600                   0                   0
74.700                   0                   0
74.800                   0                   0
74.900                   0                   0
75.000                   0                   0
75.100                   0                   0
75.200                   0                   0
75.300                   0                   0
75.400                   0                   0
75.500                   0                   0
75.600                   0                   0
75.700                   0                   0
75.800                   0                   0
75.900                   0                   0
76.000                   0                   0
76.100                   0                   0
76.200                   0                   0
76.300                   0                   0
76.400                   0                   0
76.500                   0                   0
76.600                   0                   0
76.700                   0                   0
76.800                   0                   0
76.900                   0                   0
77.000                   0                   0
77.100                   0                   0
77.200                   0                   0
77.300                   0                   0
77.400                   0                   0
77.500                   0                   0
77.600                   0                   0
77.700                   0                   0
77.800                   0                   0
77.900                   0                   0
78.000                   0                   0
78.100                   0                   0
78.200                   0                   0
78.300                   0                   0
78.400                   0                   0
78.500                   0                   0
78.600                   0                   0
78.700                   0                   0
78.800                   0                   0
78.900                   0                   0
79.000                   0                   0
79.100                   0                   0
79.200                   0                   0
79.300                   0                   0
79.400                   0                   0
79.500                   0                   0
79.600                   0                   0
79.700                   0                   0
79.800                   0                   0
79.900                   0                   0
80.000                   0                   0
80.100                   0                   0
80.200                   0                   0
80.300                   0                   0
80.400                   0                   0
80.500                   0                   0
80.600                   0                   0
80.700                   0                   0
80.800                   0                   0
80.900                   0                   0
81.000                   0                   0
81.100                   0                   0
81.200                   0                   0
81.300                   0                   0
81.400                   0                   0
81.500                   0                   0
81.600                   0                   0
81.700                   0                   0
81.800                   0                   0
81.900                   0                   0
82.000                   0                   0
82.100                   0                   0
82.200                   0                   0
82.300                   0                   0
82.400                   0                   0
82.500                   0                   0
82.600                   0                   0
82.700                   0                   0
82.800                   0                   0
82.900                   0                   0
83.000                   0                   0
83.100                   0                   0
83.200                   0                   0
83.300                   0                   0
83.400                   0                   0
83.500                   0                   0
83.600                   0                   0
83.700                   0                   0
83.800                   0                   0
83.900                   0                   0
84.000                   0                   0
84.100                   0                   0
84.200                   0                   0
84.300                   0                   0
84.400                   0                   0
84.500                   0                   0
84.600                   0                   0
84.700                   0                   0
84.800                   0                   0
84.900                   0                   0
85.000                   0                   0
85.100                   0                   0
85.200                   0                   0
85.300                   0                   0
85.400                   0                   0
85.500                   0                   0
85.600                   0                   0
85.700                   0                   0
85.800                   0                   0
85.900                   0                   0
86.000                   0                   0
86.100                   0                   0
86.200                   0                   0
86.300                   0                   0
86.400                   0                   0
86.500                   0                   0
86.600                   0                   0
86.700                   0                   0
86.800                   0                   0
86.900                   0                   0
87.000                   0                   0
87.100                   0                   0
87.200                   0                   0
87.300                   0                   0
87.400                   0                   0
87.500                   0                   0
87.600                   0                   0
87.700                   0                   0
87.800                   0                   0
87.900                   0                   0
88.000                   0                   0
88.100                   0                   0
88.200                   0                   0
88.300                   0                   0
88.400                   0                   0
88.500                   0                   0
88.600                   0                   0
88.700                   0                   0
88.800                   0                   0
88.900                   0                   0
89.000                   0                   0
89.100                   0                   0
89.200                   0                   0
89.300                   0                   0
89.400                   0                   0
89.500                   0                   0
89.600                   0                   0
89.700                   0                   0
89.800                   0                   0
89.900                   0                   0
90.000                   0                   0
90.100                   0                   0
90.200                   0                   0
90.300                   0                   0
90.400                   0                   0
90.500                   0                   0
90.600                   0                   0
90.700                   0                   0
90.800                   0                   0
90.900                   0                   0
91.000                   0                   0
91.100                   0                   0
91.200                   0                   0
91.300                   0                   0
91.400                   0                   0
91.500                   0                   0
91.600                   0                   0
91.700                   0                   0
91.800                   0                   0
91.900                   0                   0
92.000                   0                   0
92.100                   0                   0
92.200                   0                   0
92.300                   0                   0
92.400                   0                   0
92.500                   0                   0
92.600                   0                   0
92.700                   0                   0
92.800                   0                   0
92.900                   0                   0
93.000                   0                   0
93.100                   0                   0
93.200                   0                   0
93.300                   0                   0
93.400                   0                   0
93.500                   0                   0
93.600                   0                   0
93.700                   0                   0
93.800                   0                   0
93.900                   0                   0
94.000                   0                   0
94.100                   0                   0
94.200                   0                   0
94.300                   0                   0
94.400                   0                   0
94.500                   0                   0
94.600                   0                   0
94.700                   0                   0
94.800                   0                   0
94.900                   0                   0
95.000                   0                   0
95.100                   0                   0
95.200                   0                   0
95.300                   0                   0
95.400                   0                   0
95.500                   0                   0
95.600                   0                   0
95.700                   0                   0
95.800                   0                   0
95.900                   0                   0
96.000                   0                   0
96.100                   0                   0
96.200                   0                   0
96.300                   0                   0
96.400                   0                   0
96.500                   0                   0
96.600                   0                   0
96.700                   0                   0
96.800                   0                   0
96.900                   0                   0
97.000                   0                   0
97.100                   0                   0
97.200                   0                   0
97.300                   0                   0
97.400                   0                   0
97.500                   0                   0
97.600                   0                   0
97.700                   0                   0
97.800                   0                   0
97.900                   0                   0
98.000                   0                   0
98.100                   0                   0
98.200                   0                   0
98.300                   0                   0
98.400                   0                   0
98.500                   0                   0
98.600                   0                   0
98.700                   0                   0
98.800                   0                   0
98.900                   0                   0
99.000                   0                   0
99.100                   0                   0
99.200                   0                   0
99.300                   0                   0
99.400                   0                   0
99.500                   0                   0
99.600                   0                   0
99.700                   0                   0
99.800                   0                   0
99.900                   0                   0
