 0.000           883407264           736388362
 0.100             1479701            12885997
 0.200             1547135            12617618
 0.300             1570363            11174882
 0.400             1670515             9907833
 0.500             1624911             7977529
 0.600             1700935             7186046
 0.700             1760536             6544697
 0.800             1722645             5588644
 0.900             1747524             5124980
 1.000             1774176             4793576
 1.100             1780717             4422948
 1.200             1802989             4183542
 1.300             1787255             3835463
 1.400             1830839             3708752
 1.500             1794794             3374980
 1.600             1843014             3300774
 1.700             1854438             3210854
 1.800             1868862             3103416
 1.900             1894504             3039568
 2.000             1847362             2773622
 2.100             1930074             2851337
 2.200             1890200             2642621
 2.300             1917998             2618573
 2.400             1915157             2540248
 2.500             1926953             2977205
 2.600             1964580           155225933
 2.700             2005234                   0
 2.800             2020226                   0
 2.900             2009523                   0
 3.000             2040032                   0
 3.100             2050506                   0
 3.200             2046289                   0
 3.300             2041808                   0
 3.400             2037313                   0
 3.500             1992741                   0
 3.600             2033292                   0
 3.700             2001065                   0
 3.800             1976496                   0
 3.900             1992470                   0
 4.000             1932780                   0
 4.100             1921854                   0
 4.200             1896931                   0
 4.300             1848106                   0
 4.400             1808701                   0
 4.500             1787703                   0
 4.600             1756240                   0
 4.700             1718054                   0
 4.800             1687991                   0
 4.900             1650542                   0
 5.000             1619173                   0
 5.100             1584858                   0
 5.200             1540418                   0
 5.300             1503476                   0
 5.400             1458027                   0
 5.500             1416667                   0
 5.600             1370463                   0
 5.700             1333229                   0
 5.800             1280761                   0
 5.900             1240576                   0
 6.000             1199299                   0
 6.100             1164808                   0
 6.200             1129049                   0
 6.300             1093720                   0
 6.400             1059654                   0
 6.500             1029812                   0
 6.600              994033                   0
 6.700              963296                   0
 6.800              930444                   0
 6.900              897441                   0
 7.000              869165                   0
 7.100              840991                   0
 7.200              817805                   0
 7.300              788133                   0
 7.400              763651                   0
 7.500              737996                   0
 7.600              718855                   0
 7.700              696366                   0
 7.800              669741                   0
 7.900              643059                   0
 8.000              622328                   0
 8.100              604810                   0
 8.200              587545                   0
 8.300              569299                   0
 8.400              548472                   0
 8.500              525399                   0
 8.600              505686                   0
 8.700              485225                   0
 8.800              466203                   0
 8.900              448622                   0
 9.000              431106                   0
 9.100              414899                   0
 9.200              398219                   0
 9.300              383949                   0
 9.400              371725                   0
 9.500              362276                   0
 9.600              346877                   0
 9.700              336070                   0
 9.800              320139                   0
 9.900              309356                   0
10.000              297394                   0
10.100              287131                   0
10.200              279520                   0
10.300              268484                   0
10.400              255825                   0
10.500              245464                   0
10.600              234289                   0
10.700              226599                   0
10.800              216887                   0
10.900              208580                   0
11.000              201158                   0
11.100              193383                   0
11.200              186792                   0
11.300              182021                   0
11.400              175096                   0
11.500              169985                   0
11.600              164097                   0
11.700              159814                   0
11.800              155284                   0
11.900              149422                   0
12.000              143495                   0
12.100              139268                   0
12.200              135827                   0
12.300              130673                   0
12.400              126107                   0
12.500              122415                   0
12.600              118248                   0
12.700              113258                   0
12.800              107990                   0
12.900              104047                   0
13.000               99152                   0
13.100               95894                   0
13.200               93823                   0
13.300               91528                   0
13.400               88650                   0
13.500               84745                   0
13.600               81100                   0
13.700               77282                   0
13.800               74191                   0
13.900               71299                   0
14.000               70044                   0
14.100               67148                   0
14.200               63899                   0
14.300               62067                   0
14.400               60415                   0
14.500               58325                   0
14.600               55785                   0
14.700               53038                   0
14.800               51104                   0
14.900               48933                   0
15.000               47342                   0
15.100               45540                   0
15.200               45366                   0
15.300               44844                   0
15.400               43229                   0
15.500               41563                   0
15.600               39719                   0
15.700               38586                   0
15.800               36775                   0
15.900               36031                   0
16.000               34840                   0
16.100               32964                   0
16.200               31871                   0
16.300               30791                   0
16.400               30120                   0
16.500               29319                   0
16.600               28555                   0
16.700               27443                   0
16.800               26651                   0
16.900               25452                   0
17.000               24771                   0
17.100               24381                   0
17.200               23603                   0
17.300               22686                   0
17.400               22659                   0
17.500               21843                   0
17.600               21191                   0
17.700               19633                   0
17.800               18957                   0
17.900               18003                   0
18.000               17210                   0
18.100               16454                   0
18.200               15473                   0
18.300               14990                   0
18.400               14736                   0
18.500               14679                   0
18.600               14199                   0
18.700               13505                   0
18.800               12596                   0
18.900               12695                   0
19.000               12183                   0
19.100               11669                   0
19.200               11289                   0
19.300               11165                   0
19.400               10893                   0
19.500               10039                   0
19.600               10079                   0
19.700                9909                   0
19.800                9781                   0
19.900                9269                   0
20.000                8958                   0
20.100                8785                   0
20.200                8740                   0
20.300                8735                   0
20.400                8170                   0
20.500                8044                   0
20.600                7949                   0
20.700                7918                   0
20.800                7798                   0
20.900                7806                   0
21.000                7971                   0
21.100                7747                   0
21.200                7649                   0
21.300                7975                   0
21.400                8195                   0
21.500                8118                   0
21.600                7769                   0
21.700                7639                   0
21.800                7382                   0
21.900                7372                   0
22.000                7261                   0
22.100                6871                   0
22.200                6546                   0
22.300                6233                   0
22.400                5788                   0
22.500                5528                   0
22.600                5265                   0
22.700                5199                   0
22.800                5073                   0
22.900                4999                   0
23.000                5007                   0
23.100                5003                   0
23.200                4892                   0
23.300                4853                   0
23.400                5062                   0
23.500                6061                   0
23.600               11310                   0
23.700               36085                   0
23.800               63219                   0
23.900                   0                   0
24.000                   0                   0
24.100                   0                   0
24.200                   0                   0
24.300                   0                   0
24.400                   0                   0
24.500                   0                   0
24.600                   0                   0
24.700                   0                   0
24.800                   0                   0
24.900                   0                   0
25.000                   0                   0
25.100                   0                   0
25.200                   0                   0
25.300                   0                   0
25.400                   0                   0
25.500                   0                   0
25.600                   0                   0
25.700                   0                   0
25.800                   0                   0
25.900                   0                   0
26.000                   0                   0
26.100                   0                   0
26.200                   0                   0
26.300                   0                   0
26.400                   0                   0
26.500                   0                   0
26.600                   0                   0
26.700                   0                   0
26.800                   0                   0
26.900                   0                   0
27.000                   0                   0
27.100                   0                   0
27.200                   0                   0
27.300                   0                   0
27.400                   0                   0
27.500                   0                   0
27.600                   0                   0
27.700                   0                   0
27.800                   0                   0
27.900                   0                   0
28.000                   0                   0
28.100                   0                   0
28.200                   0                   0
28.300                   0                   0
28.400                   0                   0
28.500                   0                   0
28.600                   0                   0
28.700                   0                   0
28.800                   0                   0
28.900                   0                   0
29.000                   0                   0
29.100                   0                   0
29.200                   0                   0
29.300                   0                   0
29.400                   0                   0
29.500                   0                   0
29.600                   0                   0
29.700                   0                   0
29.800                   0                   0
29.900                   0                   0
30.000                   0                   0
30.100                   0                   0
30.200                   0                   0
30.300                   0                   0
30.400                   0                   0
30.500                   0                   0
30.600                   0                   0
30.700                   0                   0
30.800                   0                   0
30.900                   0                   0
31.000                   0                   0
31.100                   0                   0
31.200                   0                   0
31.300                   0                   0
31.400                   0                   0
31.500                   0                   0
31.600                   0                   0
31.700                   0                   0
31.800                   0                   0
31.900                   0                   0
32.000                   0                   0
32.100                   0                   0
32.200                   0                   0
32.300                   0                   0
32.400                   0                   0
32.500                   0                   0
32.600                   0                   0
32.700                   0                   0
32.800                   0                   0
32.900                   0                   0
33.000                   0                   0
33.100                   0                   0
33.200                   0                   0
33.300                   0                   0
33.400                   0                   0
33.500                   0                   0
33.600                   0                   0
33.700                   0                   0
33.800                   0                   0
33.900                   0                   0
34.000                   0                   0
34.100                   0                   0
34.200                   0                   0
34.300                   0                   0
34.400                   0                   0
34.500                   0                   0
34.600                   0                   0
34.700                   0                   0
34.800                   0                   0
34.900                   0                   0
35.000                   0                   0
35.100                   0                   0
35.200                   0                   0
35.300                   0                   0
35.400                   0                   0
35.500                   0                   0
35.600                   0                   0
35.700                   0                   0
35.800                   0                   0
35.900                   0                   0
36.000                   0                   0
36.100                   0                   0
36.200                   0                   0
36.300                   0                   0
36.400                   0                   0
36.500                   0                   0
36.600                   0                   0
36.700                   0                   0
36.800                   0                   0
36.900                   0                   0
37.000                   0                   0
37.100                   0                   0
37.200                   0                   0
37.300                   0                   0
37.400                   0                   0
37.500                   0                   0
37.600                   0                   0
37.700                   0                   0
37.800                   0                   0
37.900                   0                   0
38.000                   0                   0
38.100                   0                   0
38.200                   0                   0
38.300                   0                   0
38.400                   0                   0
38.500                   0                   0
38.600                   0                   0
38.700                   0                   0
38.800                   0                   0
38.900                   0                   0
39.000                   0                   0
39.100                   0                   0
39.200                   0                   0
39.300                   0                   0
39.400                   0                   0
39.500                   0                   0
39.600                   0                   0
39.700                   0                   0
39.800                   0                   0
39.900                   0                   0
40.000                   0                   0
40.100                   0                   0
40.200                   0                   0
40.300                   0                   0
40.400                   0                   0
40.500                   0                   0
40.600                   0                   0
40.700                   0                   0
40.800                   0                   0
40.900                   0                   0
41.000                   0                   0
41.100                   0                   0
41.200                   0                   0
41.300                   0                   0
41.400                   0                   0
41.500                   0                   0
41.600                   0                   0
41.700                   0                   0
41.800                   0                   0
41.900                   0                   0
42.000                   0                   0
42.100                   0                   0
42.200                   0                   0
42.300                   0                   0
42.400                   0                   0
42.500                   0                   0
42.600                   0                   0
42.700                   0                   0
42.800                   0                   0
42.900                   0                   0
43.000                   0                   0
43.100                   0                   0
43.200                   0                   0
43.300                   0                   0
43.400                   0                   0
43.500                   0                   0
43.600                   0                   0
43.700                   0                   0
43.800                   0                   0
43.900                   0                   0
44.000                   0                   0
44.100                   0                   0
44.200                   0                   0
44.300                   0                   0
44.400                   0                   0
44.500                   0                   0
44.600                   0                   0
44.700                   0                   0
44.800                   0                   0
44.900                   0                   0
45.000                   0                   0
45.100                   0                   0
45.200                   0                   0
45.300                   0                   0
45.400                   0                   0
45.500                   0                   0
45.600                   0                   0
45.700                   0                   0
45.800                   0                   0
45.900                   0                   0
46.000                   0                   0
46.100                   0                   0
46.200                   0                   0
46.300                   0                   0
46.400                   0                   0
46.500                   0                   0
46.600                   0                   0
46.700                   0                   0
46.800                   0                   0
46.900                   0                   0
47.000                   0                   0
47.100                   0                   0
47.200                   0                   0
47.300                   0                   0
47.400                   0                   0
47.500                   0                   0
47.600                   0                   0
47.700                   0                   0
47.800                   0                   0
47.900                   0                   0
48.000                   0                   0
48.100                   0                   0
48.200                   0                   0
48.300                   0                   0
48.400                   0                   0
48.500                   0                   0
48.600                   0                   0
48.700                   0                   0
48.800                   0                   0
48.900                   0                   0
49.000                   0                   0
49.100                   0                   0
49.200                   0                   0
49.300                   0                   0
49.400                   0                   0
49.500                   0                   0
49.600                   0                   0
49.700                   0                   0
49.800                   0                   0
49.900                   0                   0
50.000                   0                   0
50.100                   0                   0
50.200                   0                   0
50.300                   0                   0
50.400                   0                   0
50.500                   0                   0
50.600                   0                   0
50.700                   0                   0
50.800                   0                   0
50.900                   0                   0
51.000                   0                   0
51.100                   0                   0
51.200                   0                   0
51.300                   0                   0
51.400                   0                   0
51.500                   0                   0
51.600                   0                   0
51.700                   0                   0
51.800                   0                   0
51.900                   0                   0
52.000                   0                   0
52.100                   0                   0
52.200                   0                   0
52.300                   0                   0
52.400                   0                   0
52.500                   0                   0
52.600                   0                   0
52.700                   0                   0
52.800                   0                   0
52.900                   0                   0
53.000                   0                   0
53.100                   0                   0
53.200                   0                   0
53.300                   0                   0
53.400                   0                   0
53.500                   0                   0
53.600                   0                   0
53.700                   0                   0
53.800                   0                   0
53.900                   0                   0
54.000                   0                   0
54.100                   0                   0
54.200                   0                   0
54.300                   0                   0
54.400                   0                   0
54.500                   0                   0
54.600                   0                   0
54.700                   0                   0
54.800                   0                   0
54.900                   0                   0
55.000                   0                   0
55.100                   0                   0
55.200                   0                   0
55.300                   0                   0
55.400                   0                   0
55.500                   0                   0
55.600                   0                   0
55.700                   0                   0
55.800                   0                   0
55.900                   0                   0
56.000                   0                   0
56.100                   0                   0
56.200                   0                   0
56.300                   0                   0
56.400                   0                   0
56.500                   0                   0
56.600                   0                   0
56.700                   0                   0
56.800                   0                   0
56.900                   0                   0
57.000                   0                   0
57.100                   0                   0
57.200                   0                   0
57.300                   0                   0
57.400                   0                   0
57.500                   0                   0
57.600                   0                   0
57.700                   0                   0
57.800                   0                   0
57.900                   0                   0
58.000                   0                   0
58.100                   0                   0
58.200                   0                   0
58.300                   0                   0
58.400                   0                   0
58.500                   0                   0
58.600                   0                   0
58.700                   0                   0
58.800                   0                   0
58.900                   0                   0
59.000                   0                   0
59.100                   0                   0
59.200                   0                   0
59.300                   0                   0
59.400                   0                   0
59.500                   0                   0
59.600                   0                   0
59.700                   0                   0
59.800                   0                   0
59.900                   0                   0
60.000                   0                   0
60.100                   0                   0
60.200                   0                   0
60.300                   0                   0
60.400                   0                   0
60.500                   0                   0
60.600                   0                   0
60.700                   0                   0
60.800                   0                   0
60.900                   0                   0
61.000                   0                   0
61.100                   0                   0
61.200                   0                   0
61.300                   0                   0
61.400                   0                   0
61.500                   0                   0
61.600                   0                   0
61.700                   0                   0
61.800                   0                   0
61.900                   0                   0
62.000                   0                   0
62.100                   0                   0
62.200                   0                   0
62.300                   0                   0
62.400                   0                   0
62.500                   0                   0
62.600                   0                   0
62.700                   0                   0
62.800                   0                   0
62.900                   0                   0
63.000                   0                   0
63.100                   0                   0
63.200                   0                   0
63.300                   0                   0
63.400                   0                   0
63.500                   0                   0
63.600                   0                   0
63.700                   0                   0
63.800                   0                   0
63.900                   0                   0
64.000                   0                   0
64.100                   0                   0
64.200                   0                   0
64.300                   0                   0
64.400                   0                   0
64.500                   0                   0
64.600                   0                   0
64.700                   0                   0
64.800                   0                   0
64.900                   0                   0
65.000                   0                   0
65.100                   0                   0
65.200                   0                   0
65.300                   0                   0
65.400                   0                   0
65.500                   0                   0
65.600                   0                   0
65.700                   0                   0
65.800                   0                   0
65.900                   0                   0
66.000                   0                   0
66.100                   0                   0
66.200                   0                   0
66.300                   0                   0
66.400                   0                   0
66.500                   0                   0
66.600                   0                   0
66.700                   0                   0
66.800                   0                   0
66.900                   0                   0
67.000                   0                   0
67.100                   0                   0
67.200                   0                   0
67.300                   0                   0
67.400                   0                   0
67.500                   0                   0
67.600                   0                   0
67.700                   0                   0
67.800                   0                   0
67.900                   0                   0
68.000                   0                   0
68.100                   0                   0
68.200                   0                   0
68.300                   0                   0
68.400                   0                   0
68.500                   0                   0
68.600                   0                   0
68.700                   0                   0
68.800                   0                   0
68.900                   0                   0
69.000                   0                   0
69.100                   0                   0
69.200                   0                   0
69.300                   0                   0
69.400                   0                   0
69.500                   0                   0
69.600                   0                   0
69.700                   0                   0
69.800                   0                   0
69.900                   0                   0
70.000                   0                   0
70.100                   0                   0
70.200                   0                   0
70.300                   0                   0
70.400                   0                   0
70.500                   0                   0
70.600                   0                   0
70.700                   0                   0
70.800                   0                   0
70.900                   0                   0
71.000                   0                   0
71.100                   0                   0
71.200                   0                   0
71.300                   0                   0
71.400                   0                   0
71.500                   0                   0
71.600                   0                   0
71.700                   0                   0
71.800                   0                   0
71.900                   0                   0
72.000                   0                   0
72.100                   0                   0
72.200                   0                   0
72.300                   0                   0
72.400                   0                   0
72.500                   0                   0
72.600                   0                   0
72.700                   0                   0
72.800                   0                   0
72.900                   0                   0
73.000                   0                   0
73.100                   0                   0
73.200                   0                   0
73.300                   0                   0
73.400                   0                   0
73.500                   0                   0
73.600                   0                   0
73.700                   0                   0
73.800                   0                   0
73.900                   0                   0
74.000                   0                   0
74.100                   0                   0
74.200                   0                   0
74.300                   0                   0
74.400                   0                   0
74.500                   0                   0
74.600                   0                   0
74.700                   0                   0
74.800                   0                   0
74.900                   0                   0
75.000                   0                   0
75.100                   0                   0
75.200                   0                   0
75.300                   0                   0
75.400                   0                   0
75.500                   0                   0
75.600                   0                   0
75.700                   0                   0
75.800                   0                   0
75.900                   0                   0
76.000                   0                   0
76.100                   0                   0
76.200                   0                   0
76.300                   0                   0
76.400                   0                   0
76.500                   0                   0
76.600                   0                   0
76.700                   0                   0
76.800                   0                   0
76.900                   0                   0
77.000                   0                   0
77.100                   0                   0
77.200                   0                   0
77.300                   0                   0
77.400                   0                   0
77.500                   0                   0
77.600                   0                   0
77.700                   0                   0
77.800                   0                   0
77.900                   0                   0
78.000                   0                   0
78.100                   0                   0
78.200                   0                   0
78.300                   0                   0
78.400                   0                   0
78.500                   0                   0
78.600                   0                   0
78.700                   0                   0
78.800                   0                   0
78.900                   0                   0
79.000                   0                   0
79.100                   0                   0
79.200                   0                   0
79.300                   0                   0
79.400                   0                   0
79.500                   0                   0
79.600                   0                   0
79.700                   0                   0
79.800                   0                   0
79.900                   0                   0
80.000                   0                   0
80.100                   0                   0
80.200                   0                   0
80.300                   0                   0
80.400                   0                   0
80.500                   0                   0
80.600                   0                   0
80.700                   0                   0
80.800                   0                   0
80.900                   0                   0
81.000                   0                   0
81.100                   0                   0
81.200                   0                   0
81.300                   0                   0
81.400                   0                   0
81.500                   0                   0
81.600                   0                   0
81.700                   0                   0
81.800                   0                   0
81.900                   0                   0
82.000                   0                   0
82.100                   0                   0
82.200                   0                   0
82.300                   0                   0
82.400                   0                   0
82.500                   0                   0
82.600                   0                   0
82.700                   0                   0
82.800                   0                   0
82.900                   0                   0
83.000                   0                   0
83.100                   0                   0
83.200                   0                   0
83.300                   0                   0
83.400                   0                   0
83.500                   0                   0
83.600                   0                   0
83.700                   0                   0
83.800                   0                   0
83.900                   0                   0
84.000                   0                   0
84.100                   0                   0
84.200                   0                   0
84.300                   0                   0
84.400                   0                   0
84.500                   0                   0
84.600                   0                   0
84.700                   0                   0
84.800                   0                   0
84.900                   0                   0
85.000                   0                   0
85.100                   0                   0
85.200                   0                   0
85.300                   0                   0
85.400                   0                   0
85.500                   0                   0
85.600                   0                   0
85.700                   0                   0
85.800                   0                   0
85.900                   0                   0
86.000                   0                   0
86.100                   0                   0
86.200                   0                   0
86.300                   0                   0
86.400                   0                   0
86.500                   0                   0
86.600                   0                   0
86.700                   0                   0
86.800                   0                   0
86.900                   0                   0
87.000                   0                   0
87.100                   0                   0
87.200                   0                   0
87.300                   0                   0
87.400                   0                   0
87.500                   0                   0
87.600                   0                   0
87.700                   0                   0
87.800                   0                   0
87.900                   0                   0
88.000                   0                   0
88.100                   0                   0
88.200                   0                   0
88.300                   0                   0
88.400                   0                   0
88.500                   0                   0
88.600                   0                   0
88.700                   0                   0
88.800                   0                   0
88.900                   0                   0
89.000                   0                   0
89.100                   0                   0
89.200                   0                   0
89.300                   0                   0
89.400                   0                   0
89.500                   0                   0
89.600                   0                   0
89.700                   0                   0
89.800                   0                   0
89.900                   0                   0
90.000                   0                   0
90.100                   0                   0
90.200                   0                   0
90.300                   0                   0
90.400                   0                   0
90.500                   0                   0
90.600                   0                   0
90.700                   0                   0
90.800                   0                   0
90.900                   0                   0
91.000                   0                   0
91.100                   0                   0
91.200                   0                   0
91.300                   0                   0
91.400                   0                   0
91.500                   0                   0
91.600                   0                   0
91.700                   0                   0
91.800                   0                   0
91.900                   0                   0
92.000                   0                   0
92.100                   0                   0
92.200                   0                   0
92.300                   0                   0
92.400                   0                   0
92.500                   0                   0
92.600                   0                   0
92.700                   0                   0
92.800                   0                   0
92.900                   0                   0
93.000                   0                   0
93.100                   0                   0
93.200                   0                   0
93.300                   0                   0
93.400                   0                   0
93.500                   0                   0
93.600                   0                   0
93.700                   0                   0
93.800                   0                   0
93.900                   0                   0
94.000                   0                   0
94.100                   0                   0
94.200                   0                   0
94.300                   0                   0
94.400                   0                   0
94.500                   0                   0
94.600                   0                   0
94.700                   0                   0
94.800                   0                   0
94.900                   0                   0
95.000                   0                   0
95.100                   0                   0
95.200                   0                   0
95.300                   0                   0
95.400                   0                   0
95.500                   0                   0
95.600                   0                   0
95.700                   0                   0
95.800                   0                   0
95.900                   0                   0
96.000                   0                   0
96.100                   0                   0
96.200                   0                   0
96.300                   0                   0
96.400                   0                   0
96.500                   0                   0
96.600                   0                   0
96.700                   0                   0
96.800                   0                   0
96.900                   0                   0
97.000                   0                   0
97.100                   0                   0
97.200                   0                   0
97.300                   0                   0
97.400                   0                   0
97.500                   0                   0
97.600                   0                   0
97.700                   0                   0
97.800                   0                   0
97.900                   0                   0
98.000                   0                   0
98.100                   0                   0
98.200                   0                   0
98.300                   0                   0
98.400                   0                   0
98.500                   0                   0
98.600                   0                   0
98.700                   0                   0
98.800                   0                   0
98.900                   0                   0
99.000                   0                   0
99.100                   0                   0
99.200                   0                   0
99.300                   0                   0
99.400                   0                   0
99.500                   0                   0
99.600                   0                   0
99.700                   0                   0
99.800                   0                   0
99.900                   0                   0
