 0.000           883461372           735966933
 0.100             1771446            10473722
 0.200             1869710            10449690
 0.300             1925645             9744450
 0.400             1969020             8874149
 0.500             1989672             7905118
 0.600             2071828             7433961
 0.700             2039457             6582746
 0.800             2097458             6272809
 0.900             2074351             5727546
 1.000             2141435             5592355
 1.100             2151971             5277100
 1.200             2112560             4783046
 1.300             2157195             4696614
 1.400             2183146             4566031
 1.500             2223247             4493146
 1.600             2184691             4221990
 1.700             2170064             3972927
 1.800             2242232             4084285
 1.900             2200692             3730345
 2.000             2268283             3748877
 2.100             2289585             3684078
 2.200             2308083             3605013
 2.300             2285113             3420842
 2.400             2279092             3280856
 2.500             2334156             3334812
 2.600             2291131             3053381
 2.700             2322235             3074694
 2.800             2310440             2963921
 2.900             2300167             2883731
 3.000             2274555             2778138
 3.100             2273610             2708994
 3.200             2271179             2690365
 3.300             2225806             2556929
 3.400             2162977             2420166
 3.500             2180072             2528753
 3.600             2110819             2336560
 3.700             2108096             2363936
 3.800             2068496             2306539
 3.900             2021452             2222896
 4.000             1981768             2175819
 4.100             1943441             2137876
 4.200             1915602             2153815
 4.300             1855661             2033851
 4.400             1822332             1994283
 4.500             1764911             1915502
 4.600             1725151             1947344
 4.700             1672774             1885979
 4.800             1596159             1804378
 4.900             1552769             1812147
 5.000             1497600             1770543
 5.100             1454276             1726995
 5.200             1410576             1708843
 5.300             1378018             1744093
 5.400             1316069             1661945
 5.500             1259950             1626726
 5.600             1210386             1562888
 5.700             1178010             1595051
 5.800             1142687             1591544
 5.900             1099872             1547476
 6.000             1068604             1535158
 6.100             1028423             1512381
 6.200              985631             1451869
 6.300              959320             1482571
 6.400              916488             1407253
 6.500              885833             1396537
 6.600              850535             1351926
 6.700              828890             1359067
 6.800              804182             1336711
 6.900              774509             1328232
 7.000              744546             1285779
 7.100              709856             1249110
 7.200              687889             1278710
 7.300              659771             1225119
 7.400              639607             1201765
 7.500              619122             1201677
 7.600              595718             1158287
 7.700              578959             1136303
 7.800              556932             1128053
 7.900              535698             1099658
 8.000              511924             1049641
 8.100              497927             1062651
 8.200              474849             1030531
 8.300              457021             1019752
 8.400              434801              992726
 8.500              418534              970081
 8.600              403777              969524
 8.700              385971              953583
 8.800              365836              944713
 8.900              347879              917283
 9.000              337678              915682
 9.100              313429              872918
 9.200              298943              833740
 9.300              284447              822476
 9.400              269497              798472
 9.500              248612              754471
 9.600              238568              720219
 9.700              226349              694614
 9.800              216103              673785
 9.900              205681              650684
10.000              190153              622356
10.100              177921              608163
10.200              169154              615529
10.300              164614              621078
10.400              240558             1468162
10.500             2188710            27081458
10.600                   0                   0
10.700                   0                   0
10.800                   0                   0
10.900                   0                   0
11.000                   0                   0
11.100                   0                   0
11.200                   0                   0
11.300                   0                   0
11.400                   0                   0
11.500                   0                   0
11.600                   0                   0
11.700                   0                   0
11.800                   0                   0
11.900                   0                   0
12.000                   0                   0
12.100                   0                   0
12.200                   0                   0
12.300                   0                   0
12.400                   0                   0
12.500                   0                   0
12.600                   0                   0
12.700                   0                   0
12.800                   0                   0
12.900                   0                   0
13.000                   0                   0
13.100                   0                   0
13.200                   0                   0
13.300                   0                   0
13.400                   0                   0
13.500                   0                   0
13.600                   0                   0
13.700                   0                   0
13.800                   0                   0
13.900                   0                   0
14.000                   0                   0
14.100                   0                   0
14.200                   0                   0
14.300                   0                   0
14.400                   0                   0
14.500                   0                   0
14.600                   0                   0
14.700                   0                   0
14.800                   0                   0
14.900                   0                   0
15.000                   0                   0
15.100                   0                   0
15.200                   0                   0
15.300                   0                   0
15.400                   0                   0
15.500                   0                   0
15.600                   0                   0
15.700                   0                   0
15.800                   0                   0
15.900                   0                   0
16.000                   0                   0
16.100                   0                   0
16.200                   0                   0
16.300                   0                   0
16.400                   0                   0
16.500                   0                   0
16.600                   0                   0
16.700                   0                   0
16.800                   0                   0
16.900                   0                   0
17.000                   0                   0
17.100                   0                   0
17.200                   0                   0
17.300                   0                   0
17.400                   0                   0
17.500                   0                   0
17.600                   0                   0
17.700                   0                   0
17.800                   0                   0
17.900                   0                   0
18.000                   0                   0
18.100                   0                   0
18.200                   0                   0
18.300                   0                   0
18.400                   0                   0
18.500                   0                   0
18.600                   0                   0
18.700                   0                   0
18.800                   0                   0
18.900                   0                   0
19.000                   0                   0
19.100                   0                   0
19.200                   0                   0
19.300                   0                   0
19.400                   0                   0
19.500                   0                   0
19.600                   0                   0
19.700                   0                   0
19.800                   0                   0
19.900                   0                   0
20.000                   0                   0
20.100                   0                   0
20.200                   0                   0
20.300                   0                   0
20.400                   0                   0
20.500                   0                   0
20.600                   0                   0
20.700                   0                   0
20.800                   0                   0
20.900                   0                   0
21.000                   0                   0
21.100                   0                   0
21.200                   0                   0
21.300                   0                   0
21.400                   0                   0
21.500                   0                   0
21.600                   0                   0
21.700                   0                   0
21.800                   0                   0
21.900                   0                   0
22.000                   0                   0
22.100                   0                   0
22.200                   0                   0
22.300                   0                   0
22.400                   0                   0
22.500                   0                   0
22.600                   0                   0
22.700                   0                   0
22.800                   0                   0
22.900                   0                   0
23.000                   0                   0
23.100                   0                   0
23.200                   0                   0
23.300                   0                   0
23.400                   0                   0
23.500                   0                   0
23.600                   0                   0
23.700                   0                   0
23.800                   0                   0
23.900                   0                   0
24.000                   0                   0
24.100                   0                   0
24.200                   0                   0
24.300                   0                   0
24.400                   0                   0
24.500                   0                   0
24.600                   0                   0
24.700                   0                   0
24.800                   0                   0
24.900                   0                   0
25.000                   0                   0
25.100                   0                   0
25.200                   0                   0
25.300                   0                   0
25.400                   0                   0
25.500                   0                   0
25.600                   0                   0
25.700                   0                   0
25.800                   0                   0
25.900                   0                   0
26.000                   0                   0
26.100                   0                   0
26.200                   0                   0
26.300                   0                   0
26.400                   0                   0
26.500                   0                   0
26.600                   0                   0
26.700                   0                   0
26.800                   0                   0
26.900                   0                   0
27.000                   0                   0
27.100                   0                   0
27.200                   0                   0
27.300                   0                   0
27.400                   0                   0
27.500                   0                   0
27.600                   0                   0
27.700                   0                   0
27.800                   0                   0
27.900                   0                   0
28.000                   0                   0
28.100                   0                   0
28.200                   0                   0
28.300                   0                   0
28.400                   0                   0
28.500                   0                   0
28.600                   0                   0
28.700                   0                   0
28.800                   0                   0
28.900                   0                   0
29.000                   0                   0
29.100                   0                   0
29.200                   0                   0
29.300                   0                   0
29.400                   0                   0
29.500                   0                   0
29.600                   0                   0
29.700                   0                   0
29.800                   0                   0
29.900                   0                   0
30.000                   0                   0
30.100                   0                   0
30.200                   0                   0
30.300                   0                   0
30.400                   0                   0
30.500                   0                   0
30.600                   0                   0
30.700                   0                   0
30.800                   0                   0
30.900                   0                   0
31.000                   0                   0
31.100                   0                   0
31.200                   0                   0
31.300                   0                   0
31.400                   0                   0
31.500                   0                   0
31.600                   0                   0
31.700                   0                   0
31.800                   0                   0
31.900                   0                   0
32.000                   0                   0
32.100                   0                   0
32.200                   0                   0
32.300                   0                   0
32.400                   0                   0
32.500                   0                   0
32.600                   0                   0
32.700                   0                   0
32.800                   0                   0
32.900                   0                   0
33.000                   0                   0
33.100                   0                   0
33.200                   0                   0
33.300                   0                   0
33.400                   0                   0
33.500                   0                   0
33.600                   0                   0
33.700                   0                   0
33.800                   0                   0
33.900                   0                   0
34.000                   0                   0
34.100                   0                   0
34.200                   0                   0
34.300                   0                   0
34.400                   0                   0
34.500                   0                   0
34.600                   0                   0
34.700                   0                   0
34.800                   0                   0
34.900                   0                   0
35.000                   0                   0
35.100                   0                   0
35.200                   0                   0
35.300                   0                   0
35.400                   0                   0
35.500                   0                   0
35.600                   0                   0
35.700                   0                   0
35.800                   0                   0
35.900                   0                   0
36.000                   0                   0
36.100                   0                   0
36.200                   0                   0
36.300                   0                   0
36.400                   0                   0
36.500                   0                   0
36.600                   0                   0
36.700                   0                   0
36.800                   0                   0
36.900                   0                   0
37.000                   0                   0
37.100                   0                   0
37.200                   0                   0
37.300                   0                   0
37.400                   0                   0
37.500                   0                   0
37.600                   0                   0
37.700                   0                   0
37.800                   0                   0
37.900                   0                   0
38.000                   0                   0
38.100                   0                   0
38.200                   0                   0
38.300                   0                   0
38.400                   0                   0
38.500                   0                   0
38.600                   0                   0
38.700                   0                   0
38.800                   0                   0
38.900                   0                   0
39.000                   0                   0
39.100                   0                   0
39.200                   0                   0
39.300                   0                   0
39.400                   0                   0
39.500                   0                   0
39.600                   0                   0
39.700                   0                   0
39.800                   0                   0
39.900                   0                   0
40.000                   0                   0
40.100                   0                   0
40.200                   0                   0
40.300                   0                   0
40.400                   0                   0
40.500                   0                   0
40.600                   0                   0
40.700                   0                   0
40.800                   0                   0
40.900                   0                   0
41.000                   0                   0
41.100                   0                   0
41.200                   0                   0
41.300                   0                   0
41.400                   0                   0
41.500                   0                   0
41.600                   0                   0
41.700                   0                   0
41.800                   0                   0
41.900                   0                   0
42.000                   0                   0
42.100                   0                   0
42.200                   0                   0
42.300                   0                   0
42.400                   0                   0
42.500                   0                   0
42.600                   0                   0
42.700                   0                   0
42.800                   0                   0
42.900                   0                   0
43.000                   0                   0
43.100                   0                   0
43.200                   0                   0
43.300                   0                   0
43.400                   0                   0
43.500                   0                   0
43.600                   0                   0
43.700                   0                   0
43.800                   0                   0
43.900                   0                   0
44.000                   0                   0
44.100                   0                   0
44.200                   0                   0
44.300                   0                   0
44.400                   0                   0
44.500                   0                   0
44.600                   0                   0
44.700                   0                   0
44.800                   0                   0
44.900                   0                   0
45.000                   0                   0
45.100                   0                   0
45.200                   0                   0
45.300                   0                   0
45.400                   0                   0
45.500                   0                   0
45.600                   0                   0
45.700                   0                   0
45.800                   0                   0
45.900                   0                   0
46.000                   0                   0
46.100                   0                   0
46.200                   0                   0
46.300                   0                   0
46.400                   0                   0
46.500                   0                   0
46.600                   0                   0
46.700                   0                   0
46.800                   0                   0
46.900                   0                   0
47.000                   0                   0
47.100                   0                   0
47.200                   0                   0
47.300                   0                   0
47.400                   0                   0
47.500                   0                   0
47.600                   0                   0
47.700                   0                   0
47.800                   0                   0
47.900                   0                   0
48.000                   0                   0
48.100                   0                   0
48.200                   0                   0
48.300                   0                   0
48.400                   0                   0
48.500                   0                   0
48.600                   0                   0
48.700                   0                   0
48.800                   0                   0
48.900                   0                   0
49.000                   0                   0
49.100                   0                   0
49.200                   0                   0
49.300                   0                   0
49.400                   0                   0
49.500                   0                   0
49.600                   0                   0
49.700                   0                   0
49.800                   0                   0
49.900                   0                   0
50.000                   0                   0
50.100                   0                   0
50.200                   0                   0
50.300                   0                   0
50.400                   0                   0
50.500                   0                   0
50.600                   0                   0
50.700                   0                   0
50.800                   0                   0
50.900                   0                   0
51.000                   0                   0
51.100                   0                   0
51.200                   0                   0
51.300                   0                   0
51.400                   0                   0
51.500                   0                   0
51.600                   0                   0
51.700                   0                   0
51.800                   0                   0
51.900                   0                   0
52.000                   0                   0
52.100                   0                   0
52.200                   0                   0
52.300                   0                   0
52.400                   0                   0
52.500                   0                   0
52.600                   0                   0
52.700                   0                   0
52.800                   0                   0
52.900                   0                   0
53.000                   0                   0
53.100                   0                   0
53.200                   0                   0
53.300                   0                   0
53.400                   0                   0
53.500                   0                   0
53.600                   0                   0
53.700                   0                   0
53.800                   0                   0
53.900                   0                   0
54.000                   0                   0
54.100                   0                   0
54.200                   0                   0
54.300                   0                   0
54.400                   0                   0
54.500                   0                   0
54.600                   0                   0
54.700                   0                   0
54.800                   0                   0
54.900                   0                   0
55.000                   0                   0
55.100                   0                   0
55.200                   0                   0
55.300                   0                   0
55.400                   0                   0
55.500                   0                   0
55.600                   0                   0
55.700                   0                   0
55.800                   0                   0
55.900                   0                   0
56.000                   0                   0
56.100                   0                   0
56.200                   0                   0
56.300                   0                   0
56.400                   0                   0
56.500                   0                   0
56.600                   0                   0
56.700                   0                   0
56.800                   0                   0
56.900                   0                   0
57.000                   0                   0
57.100                   0                   0
57.200                   0                   0
57.300                   0                   0
57.400                   0                   0
57.500                   0                   0
57.600                   0                   0
57.700                   0                   0
57.800                   0                   0
57.900                   0                   0
58.000                   0                   0
58.100                   0                   0
58.200                   0                   0
58.300                   0                   0
58.400                   0                   0
58.500                   0                   0
58.600                   0                   0
58.700                   0                   0
58.800                   0                   0
58.900                   0                   0
59.000                   0                   0
59.100                   0                   0
59.200                   0                   0
59.300                   0                   0
59.400                   0                   0
59.500                   0                   0
59.600                   0                   0
59.700                   0                   0
59.800                   0                   0
59.900                   0                   0
60.000                   0                   0
60.100                   0                   0
60.200                   0                   0
60.300                   0                   0
60.400                   0                   0
60.500                   0                   0
60.600                   0                   0
60.700                   0                   0
60.800                   0                   0
60.900                   0                   0
61.000                   0                   0
61.100                   0                   0
61.200                   0                   0
61.300                   0                   0
61.400                   0                   0
61.500                   0                   0
61.600                   0                   0
61.700                   0                   0
61.800                   0                   0
61.900                   0                   0
62.000                   0                   0
62.100                   0                   0
62.200                   0                   0
62.300                   0                   0
62.400                   0                   0
62.500                   0                   0
62.600                   0                   0
62.700                   0                   0
62.800                   0                   0
62.900                   0                   0
63.000                   0                   0
63.100                   0                   0
63.200                   0                   0
63.300                   0                   0
63.400                   0                   0
63.500                   0                   0
63.600                   0                   0
63.700                   0                   0
63.800                   0                   0
63.900                   0                   0
64.000                   0                   0
64.100                   0                   0
64.200                   0                   0
64.300                   0                   0
64.400                   0                   0
64.500                   0                   0
64.600                   0                   0
64.700                   0                   0
64.800                   0                   0
64.900                   0                   0
65.000                   0                   0
65.100                   0                   0
65.200                   0                   0
65.300                   0                   0
65.400                   0                   0
65.500                   0                   0
65.600                   0                   0
65.700                   0                   0
65.800                   0                   0
65.900                   0                   0
66.000                   0                   0
66.100                   0                   0
66.200                   0                   0
66.300                   0                   0
66.400                   0                   0
66.500                   0                   0
66.600                   0                   0
66.700                   0                   0
66.800                   0                   0
66.900                   0                   0
67.000                   0                   0
67.100                   0                   0
67.200                   0                   0
67.300                   0                   0
67.400                   0                   0
67.500                   0                   0
67.600                   0                   0
67.700                   0                   0
67.800                   0                   0
67.900                   0                   0
68.000                   0                   0
68.100                   0                   0
68.200                   0                   0
68.300                   0                   0
68.400                   0                   0
68.500                   0                   0
68.600                   0                   0
68.700                   0                   0
68.800                   0                   0
68.900                   0                   0
69.000                   0                   0
69.100                   0                   0
69.200                   0                   0
69.300                   0                   0
69.400                   0                   0
69.500                   0                   0
69.600                   0                   0
69.700                   0                   0
69.800                   0                   0
69.900                   0                   0
70.000                   0                   0
70.100                   0                   0
70.200                   0                   0
70.300                   0                   0
70.400                   0                   0
70.500                   0                   0
70.600                   0                   0
70.700                   0                   0
70.800                   0                   0
70.900                   0                   0
71.000                   0                   0
71.100                   0                   0
71.200                   0                   0
71.300                   0                   0
71.400                   0                   0
71.500                   0                   0
71.600                   0                   0
71.700                   0                   0
71.800                   0                   0
71.900                   0                   0
72.000                   0                   0
72.100                   0                   0
72.200                   0                   0
72.300                   0                   0
72.400                   0                   0
72.500                   0                   0
72.600                   0                   0
72.700                   0                   0
72.800                   0                   0
72.900                   0                   0
73.000                   0                   0
73.100                   0                   0
73.200                   0                   0
73.300                   0                   0
73.400                   0                   0
73.500                   0                   0
73.600                   0                   0
73.700                   0                   0
73.800                   0                   0
73.900                   0                   0
74.000                   0                   0
74.100                   0                   0
74.200                   0                   0
74.300                   0                   0
74.400                   0                   0
74.500                   0                   0
74.600                   0                   0
74.700                   0                   0
74.800                   0                   0
74.900                   0                   0
75.000                   0                   0
75.100                   0                   0
75.200                   0                   0
75.300                   0                   0
75.400                   0                   0
75.500                   0                   0
75.600                   0                   0
75.700                   0                   0
75.800                   0                   0
75.900                   0                   0
76.000                   0                   0
76.100                   0                   0
76.200                   0                   0
76.300                   0                   0
76.400                   0                   0
76.500                   0                   0
76.600                   0                   0
76.700                   0                   0
76.800                   0                   0
76.900                   0                   0
77.000                   0                   0
77.100                   0                   0
77.200                   0                   0
77.300                   0                   0
77.400                   0                   0
77.500                   0                   0
77.600                   0                   0
77.700                   0                   0
77.800                   0                   0
77.900                   0                   0
78.000                   0                   0
78.100                   0                   0
78.200                   0                   0
78.300                   0                   0
78.400                   0                   0
78.500                   0                   0
78.600                   0                   0
78.700                   0                   0
78.800                   0                   0
78.900                   0                   0
79.000                   0                   0
79.100                   0                   0
79.200                   0                   0
79.300                   0                   0
79.400                   0                   0
79.500                   0                   0
79.600                   0                   0
79.700                   0                   0
79.800                   0                   0
79.900                   0                   0
80.000                   0                   0
80.100                   0                   0
80.200                   0                   0
80.300                   0                   0
80.400                   0                   0
80.500                   0                   0
80.600                   0                   0
80.700                   0                   0
80.800                   0                   0
80.900                   0                   0
81.000                   0                   0
81.100                   0                   0
81.200                   0                   0
81.300                   0                   0
81.400                   0                   0
81.500                   0                   0
81.600                   0                   0
81.700                   0                   0
81.800                   0                   0
81.900                   0                   0
82.000                   0                   0
82.100                   0                   0
82.200                   0                   0
82.300                   0                   0
82.400                   0                   0
82.500                   0                   0
82.600                   0                   0
82.700                   0                   0
82.800                   0                   0
82.900                   0                   0
83.000                   0                   0
83.100                   0                   0
83.200                   0                   0
83.300                   0                   0
83.400                   0                   0
83.500                   0                   0
83.600                   0                   0
83.700                   0                   0
83.800                   0                   0
83.900                   0                   0
84.000                   0                   0
84.100                   0                   0
84.200                   0                   0
84.300                   0                   0
84.400                   0                   0
84.500                   0                   0
84.600                   0                   0
84.700                   0                   0
84.800                   0                   0
84.900                   0                   0
85.000                   0                   0
85.100                   0                   0
85.200                   0                   0
85.300                   0                   0
85.400                   0                   0
85.500                   0                   0
85.600                   0                   0
85.700                   0                   0
85.800                   0                   0
85.900                   0                   0
86.000                   0                   0
86.100                   0                   0
86.200                   0                   0
86.300                   0                   0
86.400                   0                   0
86.500                   0                   0
86.600                   0                   0
86.700                   0                   0
86.800                   0                   0
86.900                   0                   0
87.000                   0                   0
87.100                   0                   0
87.200                   0                   0
87.300                   0                   0
87.400                   0                   0
87.500                   0                   0
87.600                   0                   0
87.700                   0                   0
87.800                   0                   0
87.900                   0                   0
88.000                   0                   0
88.100                   0                   0
88.200                   0                   0
88.300                   0                   0
88.400                   0                   0
88.500                   0                   0
88.600                   0                   0
88.700                   0                   0
88.800                   0                   0
88.900                   0                   0
89.000                   0                   0
89.100                   0                   0
89.200                   0                   0
89.300                   0                   0
89.400                   0                   0
89.500                   0                   0
89.600                   0                   0
89.700                   0                   0
89.800                   0                   0
89.900                   0                   0
90.000                   0                   0
90.100                   0                   0
90.200                   0                   0
90.300                   0                   0
90.400                   0                   0
90.500                   0                   0
90.600                   0                   0
90.700                   0                   0
90.800                   0                   0
90.900                   0                   0
91.000                   0                   0
91.100                   0                   0
91.200                   0                   0
91.300                   0                   0
91.400                   0                   0
91.500                   0                   0
91.600                   0                   0
91.700                   0                   0
91.800                   0                   0
91.900                   0                   0
92.000                   0                   0
92.100                   0                   0
92.200                   0                   0
92.300                   0                   0
92.400                   0                   0
92.500                   0                   0
92.600                   0                   0
92.700                   0                   0
92.800                   0                   0
92.900                   0                   0
93.000                   0                   0
93.100                   0                   0
93.200                   0                   0
93.300                   0                   0
93.400                   0                   0
93.500                   0                   0
93.600                   0                   0
93.700                   0                   0
93.800                   0                   0
93.900                   0                   0
94.000                   0                   0
94.100                   0                   0
94.200                   0                   0
94.300                   0                   0
94.400                   0                   0
94.500                   0                   0
94.600                   0                   0
94.700                   0                   0
94.800                   0                   0
94.900                   0                   0
95.000                   0                   0
95.100                   0                   0
95.200                   0                   0
95.300                   0                   0
95.400                   0                   0
95.500                   0                   0
95.600                   0                   0
95.700                   0                   0
95.800                   0                   0
95.900                   0                   0
96.000                   0                   0
96.100                   0                   0
96.200                   0                   0
96.300                   0                   0
96.400                   0                   0
96.500                   0                   0
96.600                   0                   0
96.700                   0                   0
96.800                   0                   0
96.900                   0                   0
97.000                   0                   0
97.100                   0                   0
97.200                   0                   0
97.300                   0                   0
97.400                   0                   0
97.500                   0                   0
97.600                   0                   0
97.700                   0                   0
97.800                   0                   0
97.900                   0                   0
98.000                   0                   0
98.100                   0                   0
98.200                   0                   0
98.300                   0                   0
98.400                   0                   0
98.500                   0                   0
98.600                   0                   0
98.700                   0                   0
98.800                   0                   0
98.900                   0                   0
99.000                   0                   0
99.100                   0                   0
99.200                   0                   0
99.300                   0                   0
99.400                   0                   0
99.500                   0                   0
99.600                   0                   0
99.700                   0                   0
99.800                   0                   0
99.900                   0                   0
