 0.000           881676384           735695530
 0.100             1491219            14327711
 0.200             1583646            13730295
 0.300             1653232            12183508
 0.400             1682782            10400936
 0.500             1700627             8913507
 0.600             1743236             7963202
 0.700             1740881             6986121
 0.800             1712410             6121879
 0.900             1774752             5782613
 1.000             1787290             5297010
 1.100             1769374             4772649
 1.200             1819211             4574588
 1.300             1827336             4275369
 1.400             1777749             3852787
 1.500             1842669             3810192
 1.600             1815924             3502762
 1.700             1853657             3418689
 1.800             1822673             3141986
 1.900             1882884             3121591
 2.000             1873278             2947279
 2.100             1889527             2826687
 2.200             1906779             2685927
 2.300             1894871             2489634
 2.400             1958306             2556240
 2.500             1929146             2421903
 2.600             1921016             2349063
 2.700             1918449             2288057
 2.800             1925940             2270576
 2.900             1922088             2225977
 3.000             1899734             2082227
 3.100             1940251             2117047
 3.200             1940972             2072307
 3.300             1929794             1981493
 3.400             1929858             1946124
 3.500             1914641             1852063
 3.600             1936822             1918476
 3.700             1905787             1824957
 3.800             1885489             1773876
 3.900             1898377             1802887
 4.000             1875350             1712438
 4.100             1851502             1669527
 4.200             1855593             1704444
 4.300             1817906             1616401
 4.400             1810797             1646106
 4.500             1794113             1627192
 4.600             1769020             1596203
 4.700             1745154             1560578
 4.800             1714566             1524390
 4.900             1708298             1560469
 5.000             1682224             1583024
 5.100             1636594             1547768
 5.200             1606921             1576137
 5.300             1555707             1542926
 5.400             1524680             1545844
 5.500             1492853             1527107
 5.600             1463008             1566127
 5.700             1414676             1536181
 5.800             1374964             1541199
 5.900             1340840             1537350
 6.000             1299205             1522446
 6.100             1258203             1519163
 6.200             1217707             1523469
 6.300             1176099             1495900
 6.400             1144701             1506124
 6.500             1104764             1474649
 6.600             1058427             1437045
 6.700             1023952             1440565
 6.800              994697             1460767
 6.900              960139             1417495
 7.000              930820             1408609
 7.100              896158             1382183
 7.200              858240             1370535
 7.300              834764             1576422
 7.400              798234             3269030
 7.500              773877            35903026
 7.600              741350            26265436
 7.700              715830                   0
 7.800              699023                   0
 7.900              675672                   0
 8.000              653566                   0
 8.100              640423                   0
 8.200              612373                   0
 8.300              591179                   0
 8.400              566945                   0
 8.500              537996                   0
 8.600              511479                   0
 8.700              496945                   0
 8.800              472078                   0
 8.900              450558                   0
 9.000              431368                   0
 9.100              413611                   0
 9.200              403807                   0
 9.300              388162                   0
 9.400              376224                   0
 9.500              359157                   0
 9.600              345695                   0
 9.700              334509                   0
 9.800              326413                   0
 9.900              316567                   0
10.000              305644                   0
10.100              295986                   0
10.200              286929                   0
10.300              274118                   0
10.400              267860                   0
10.500              258156                   0
10.600              247197                   0
10.700              240968                   0
10.800              234823                   0
10.900              226133                   0
11.000              216855                   0
11.100              205737                   0
11.200              196043                   0
11.300              187506                   0
11.400              181157                   0
11.500              176595                   0
11.600              172195                   0
11.700              166304                   0
11.800              160700                   0
11.900              154950                   0
12.000              149774                   0
12.100              144311                   0
12.200              139124                   0
12.300              135511                   0
12.400              132561                   0
12.500              127583                   0
12.600              123621                   0
12.700              119396                   0
12.800              113612                   0
12.900              109832                   0
13.000              106579                   0
13.100              103363                   0
13.200              100898                   0
13.300               96989                   0
13.400               94582                   0
13.500               90277                   0
13.600               84745                   0
13.700               81777                   0
13.800               80039                   0
13.900               77414                   0
14.000               76658                   0
14.100               74598                   0
14.200               72780                   0
14.300               70949                   0
14.400               67547                   0
14.500               65027                   0
14.600               63567                   0
14.700               61557                   0
14.800               60082                   0
14.900               58434                   0
15.000               57531                   0
15.100               55478                   0
15.200               54347                   0
15.300               53019                   0
15.400               51902                   0
15.500               49632                   0
15.600               48378                   0
15.700               46934                   0
15.800               45026                   0
15.900               43194                   0
16.000               41274                   0
16.100               39850                   0
16.200               38521                   0
16.300               36427                   0
16.400               35283                   0
16.500               33916                   0
16.600               32693                   0
16.700               31322                   0
16.800               30636                   0
16.900               29367                   0
17.000               28141                   0
17.100               26833                   0
17.200               26939                   0
17.300               26544                   0
17.400               25518                   0
17.500               24753                   0
17.600               23364                   0
17.700               22747                   0
17.800               22397                   0
17.900               21314                   0
18.000               20730                   0
18.100               19785                   0
18.200               19704                   0
18.300               19338                   0
18.400               18812                   0
18.500               17990                   0
18.600               17772                   0
18.700               17453                   0
18.800               17131                   0
18.900               17218                   0
19.000               16589                   0
19.100               15609                   0
19.200               14849                   0
19.300               14242                   0
19.400               14338                   0
19.500               13842                   0
19.600               13279                   0
19.700               12902                   0
19.800               12455                   0
19.900               12471                   0
20.000               12460                   0
20.100               12297                   0
20.200               11650                   0
20.300               11271                   0
20.400               10831                   0
20.500               10323                   0
20.600                9777                   0
20.700                9694                   0
20.800                9352                   0
20.900                9125                   0
21.000                8753                   0
21.100                8452                   0
21.200                8635                   0
21.300                8399                   0
21.400                8297                   0
21.500                7965                   0
21.600                7731                   0
21.700                7859                   0
21.800                7574                   0
21.900                7563                   0
22.000                7274                   0
22.100                7632                   0
22.200                7538                   0
22.300                7343                   0
22.400                6980                   0
22.500                6690                   0
22.600                6365                   0
22.700                6494                   0
22.800                6309                   0
22.900                6170                   0
23.000                5860                   0
23.100                5854                   0
23.200                5878                   0
23.300                5844                   0
23.400                5741                   0
23.500                5504                   0
23.600                5317                   0
23.700                5130                   0
23.800                4768                   0
23.900                4877                   0
24.000                4595                   0
24.100                4483                   0
24.200                4469                   0
24.300                4536                   0
24.400                4339                   0
24.500                4535                   0
24.600                4318                   0
24.700                4241                   0
24.800                3999                   0
24.900                3864                   0
25.000                3654                   0
25.100                3806                   0
25.200                3875                   0
25.300                3969                   0
25.400                3805                   0
25.500                3666                   0
25.600                3341                   0
25.700                3164                   0
25.800                3136                   0
25.900                2949                   0
26.000                2925                   0
26.100                2817                   0
26.200                2766                   0
26.300                2647                   0
26.400                2646                   0
26.500                2756                   0
26.600                2724                   0
26.700                2571                   0
26.800                2541                   0
26.900                2366                   0
27.000                2365                   0
27.100                2330                   0
27.200                2368                   0
27.300                2303                   0
27.400                2209                   0
27.500                2204                   0
27.600                2084                   0
27.700                2110                   0
27.800                2095                   0
27.900                1977                   0
28.000                1878                   0
28.100                1749                   0
28.200                1813                   0
28.300                1721                   0
28.400                1660                   0
28.500                1739                   0
28.600                1649                   0
28.700                1567                   0
28.800                1612                   0
28.900                1533                   0
29.000                1494                   0
29.100                1428                   0
29.200                1416                   0
29.300                1378                   0
29.400                1498                   0
29.500                1344                   0
29.600                1280                   0
29.700                1252                   0
29.800                1204                   0
29.900                1228                   0
30.000                1193                   0
30.100                1232                   0
30.200                1206                   0
30.300                1254                   0
30.400                1230                   0
30.500                1171                   0
30.600                1163                   0
30.700                1117                   0
30.800                1135                   0
30.900                1108                   0
31.000                1053                   0
31.100                 974                   0
31.200                1057                   0
31.300                1037                   0
31.400                 981                   0
31.500                 945                   0
31.600                 964                   0
31.700                 819                   0
31.800                 830                   0
31.900                 848                   0
32.000                 843                   0
32.100                 891                   0
32.200                 778                   0
32.300                 814                   0
32.400                 774                   0
32.500                 776                   0
32.600                 735                   0
32.700                 667                   0
32.800                 660                   0
32.900                 679                   0
33.000                 617                   0
33.100                 557                   0
33.200                 535                   0
33.300                 527                   0
33.400                 553                   0
33.500                 537                   0
33.600                 532                   0
33.700                 536                   0
33.800                 500                   0
33.900                 517                   0
34.000                 531                   0
34.100                 503                   0
34.200                 513                   0
34.300                 474                   0
34.400                 458                   0
34.500                 442                   0
34.600                 443                   0
34.700                 445                   0
34.800                 438                   0
34.900                 432                   0
35.000                 387                   0
35.100                 407                   0
35.200                 363                   0
35.300                 384                   0
35.400                 353                   0
35.500                 365                   0
35.600                 362                   0
35.700                 392                   0
35.800                 360                   0
35.900                 356                   0
36.000                 334                   0
36.100                 333                   0
36.200                 324                   0
36.300                 331                   0
36.400                 321                   0
36.500                 300                   0
36.600                 310                   0
36.700                 324                   0
36.800                 302                   0
36.900                 312                   0
37.000                 304                   0
37.100                 311                   0
37.200                 247                   0
37.300                 270                   0
37.400                 237                   0
37.500                 242                   0
37.600                 229                   0
37.700                 208                   0
37.800                 251                   0
37.900                 230                   0
38.000                 265                   0
38.100                 274                   0
38.200                 318                   0
38.300                 308                   0
38.400                 365                   0
38.500                 534                   0
38.600                 871                   0
38.700                1723                   0
38.800                2858                   0
38.900                 868                   0
39.000                   0                   0
39.100                   0                   0
39.200                   0                   0
39.300                   0                   0
39.400                   0                   0
39.500                   0                   0
39.600                   0                   0
39.700                   0                   0
39.800                   0                   0
39.900                   0                   0
40.000                   0                   0
40.100                   0                   0
40.200                   0                   0
40.300                   0                   0
40.400                   0                   0
40.500                   0                   0
40.600                   0                   0
40.700                   0                   0
40.800                   0                   0
40.900                   0                   0
41.000                   0                   0
41.100                   0                   0
41.200                   0                   0
41.300                   0                   0
41.400                   0                   0
41.500                   0                   0
41.600                   0                   0
41.700                   0                   0
41.800                   0                   0
41.900                   0                   0
42.000                   0                   0
42.100                   0                   0
42.200                   0                   0
42.300                   0                   0
42.400                   0                   0
42.500                   0                   0
42.600                   0                   0
42.700                   0                   0
42.800                   0                   0
42.900                   0                   0
43.000                   0                   0
43.100                   0                   0
43.200                   0                   0
43.300                   0                   0
43.400                   0                   0
43.500                   0                   0
43.600                   0                   0
43.700                   0                   0
43.800                   0                   0
43.900                   0                   0
44.000                   0                   0
44.100                   0                   0
44.200                   0                   0
44.300                   0                   0
44.400                   0                   0
44.500                   0                   0
44.600                   0                   0
44.700                   0                   0
44.800                   0                   0
44.900                   0                   0
45.000                   0                   0
45.100                   0                   0
45.200                   0                   0
45.300                   0                   0
45.400                   0                   0
45.500                   0                   0
45.600                   0                   0
45.700                   0                   0
45.800                   0                   0
45.900                   0                   0
46.000                   0                   0
46.100                   0                   0
46.200                   0                   0
46.300                   0                   0
46.400                   0                   0
46.500                   0                   0
46.600                   0                   0
46.700                   0                   0
46.800                   0                   0
46.900                   0                   0
47.000                   0                   0
47.100                   0                   0
47.200                   0                   0
47.300                   0                   0
47.400                   0                   0
47.500                   0                   0
47.600                   0                   0
47.700                   0                   0
47.800                   0                   0
47.900                   0                   0
48.000                   0                   0
48.100                   0                   0
48.200                   0                   0
48.300                   0                   0
48.400                   0                   0
48.500                   0                   0
48.600                   0                   0
48.700                   0                   0
48.800                   0                   0
48.900                   0                   0
49.000                   0                   0
49.100                   0                   0
49.200                   0                   0
49.300                   0                   0
49.400                   0                   0
49.500                   0                   0
49.600                   0                   0
49.700                   0                   0
49.800                   0                   0
49.900                   0                   0
50.000                   0                   0
50.100                   0                   0
50.200                   0                   0
50.300                   0                   0
50.400                   0                   0
50.500                   0                   0
50.600                   0                   0
50.700                   0                   0
50.800                   0                   0
50.900                   0                   0
51.000                   0                   0
51.100                   0                   0
51.200                   0                   0
51.300                   0                   0
51.400                   0                   0
51.500                   0                   0
51.600                   0                   0
51.700                   0                   0
51.800                   0                   0
51.900                   0                   0
52.000                   0                   0
52.100                   0                   0
52.200                   0                   0
52.300                   0                   0
52.400                   0                   0
52.500                   0                   0
52.600                   0                   0
52.700                   0                   0
52.800                   0                   0
52.900                   0                   0
53.000                   0                   0
53.100                   0                   0
53.200                   0                   0
53.300                   0                   0
53.400                   0                   0
53.500                   0                   0
53.600                   0                   0
53.700                   0                   0
53.800                   0                   0
53.900                   0                   0
54.000                   0                   0
54.100                   0                   0
54.200                   0                   0
54.300                   0                   0
54.400                   0                   0
54.500                   0                   0
54.600                   0                   0
54.700                   0                   0
54.800                   0                   0
54.900                   0                   0
55.000                   0                   0
55.100                   0                   0
55.200                   0                   0
55.300                   0                   0
55.400                   0                   0
55.500                   0                   0
55.600                   0                   0
55.700                   0                   0
55.800                   0                   0
55.900                   0                   0
56.000                   0                   0
56.100                   0                   0
56.200                   0                   0
56.300                   0                   0
56.400                   0                   0
56.500                   0                   0
56.600                   0                   0
56.700                   0                   0
56.800                   0                   0
56.900                   0                   0
57.000                   0                   0
57.100                   0                   0
57.200                   0                   0
57.300                   0                   0
57.400                   0                   0
57.500                   0                   0
57.600                   0                   0
57.700                   0                   0
57.800                   0                   0
57.900                   0                   0
58.000                   0                   0
58.100                   0                   0
58.200                   0                   0
58.300                   0                   0
58.400                   0                   0
58.500                   0                   0
58.600                   0                   0
58.700                   0                   0
58.800                   0                   0
58.900                   0                   0
59.000                   0                   0
59.100                   0                   0
59.200                   0                   0
59.300                   0                   0
59.400                   0                   0
59.500                   0                   0
59.600                   0                   0
59.700                   0                   0
59.800                   0                   0
59.900                   0                   0
60.000                   0                   0
60.100                   0                   0
60.200                   0                   0
60.300                   0                   0
60.400                   0                   0
60.500                   0                   0
60.600                   0                   0
60.700                   0                   0
60.800                   0                   0
60.900                   0                   0
61.000                   0                   0
61.100                   0                   0
61.200                   0                   0
61.300                   0                   0
61.400                   0                   0
61.500                   0                   0
61.600                   0                   0
61.700                   0                   0
61.800                   0                   0
61.900                   0                   0
62.000                   0                   0
62.100                   0                   0
62.200                   0                   0
62.300                   0                   0
62.400                   0                   0
62.500                   0                   0
62.600                   0                   0
62.700                   0                   0
62.800                   0                   0
62.900                   0                   0
63.000                   0                   0
63.100                   0                   0
63.200                   0                   0
63.300                   0                   0
63.400                   0                   0
63.500                   0                   0
63.600                   0                   0
63.700                   0                   0
63.800                   0                   0
63.900                   0                   0
64.000                   0                   0
64.100                   0                   0
64.200                   0                   0
64.300                   0                   0
64.400                   0                   0
64.500                   0                   0
64.600                   0                   0
64.700                   0                   0
64.800                   0                   0
64.900                   0                   0
65.000                   0                   0
65.100                   0                   0
65.200                   0                   0
65.300                   0                   0
65.400                   0                   0
65.500                   0                   0
65.600                   0                   0
65.700                   0                   0
65.800                   0                   0
65.900                   0                   0
66.000                   0                   0
66.100                   0                   0
66.200                   0                   0
66.300                   0                   0
66.400                   0                   0
66.500                   0                   0
66.600                   0                   0
66.700                   0                   0
66.800                   0                   0
66.900                   0                   0
67.000                   0                   0
67.100                   0                   0
67.200                   0                   0
67.300                   0                   0
67.400                   0                   0
67.500                   0                   0
67.600                   0                   0
67.700                   0                   0
67.800                   0                   0
67.900                   0                   0
68.000                   0                   0
68.100                   0                   0
68.200                   0                   0
68.300                   0                   0
68.400                   0                   0
68.500                   0                   0
68.600                   0                   0
68.700                   0                   0
68.800                   0                   0
68.900                   0                   0
69.000                   0                   0
69.100                   0                   0
69.200                   0                   0
69.300                   0                   0
69.400                   0                   0
69.500                   0                   0
69.600                   0                   0
69.700                   0                   0
69.800                   0                   0
69.900                   0                   0
70.000                   0                   0
70.100                   0                   0
70.200                   0                   0
70.300                   0                   0
70.400                   0                   0
70.500                   0                   0
70.600                   0                   0
70.700                   0                   0
70.800                   0                   0
70.900                   0                   0
71.000                   0                   0
71.100                   0                   0
71.200                   0                   0
71.300                   0                   0
71.400                   0                   0
71.500                   0                   0
71.600                   0                   0
71.700                   0                   0
71.800                   0                   0
71.900                   0                   0
72.000                   0                   0
72.100                   0                   0
72.200                   0                   0
72.300                   0                   0
72.400                   0                   0
72.500                   0                   0
72.600                   0                   0
72.700                   0                   0
72.800                   0                   0
72.900                   0                   0
73.000                   0                   0
73.100                   0                   0
73.200                   0                   0
73.300                   0                   0
73.400                   0                   0
73.500                   0                   0
73.600                   0                   0
73.700                   0                   0
73.800                   0                   0
73.900                   0                   0
74.000                   0                   0
74.100                   0                   0
74.200                   0                   0
74.300                   0                   0
74.400                   0                   0
74.500                   0                   0
74.600                   0                   0
74.700                   0                   0
74.800                   0                   0
74.900                   0                   0
75.000                   0                   0
75.100                   0                   0
75.200                   0                   0
75.300                   0                   0
75.400                   0                   0
75.500                   0                   0
75.600                   0                   0
75.700                   0                   0
75.800                   0                   0
75.900                   0                   0
76.000                   0                   0
76.100                   0                   0
76.200                   0                   0
76.300                   0                   0
76.400                   0                   0
76.500                   0                   0
76.600                   0                   0
76.700                   0                   0
76.800                   0                   0
76.900                   0                   0
77.000                   0                   0
77.100                   0                   0
77.200                   0                   0
77.300                   0                   0
77.400                   0                   0
77.500                   0                   0
77.600                   0                   0
77.700                   0                   0
77.800                   0                   0
77.900                   0                   0
78.000                   0                   0
78.100                   0                   0
78.200                   0                   0
78.300                   0                   0
78.400                   0                   0
78.500                   0                   0
78.600                   0                   0
78.700                   0                   0
78.800                   0                   0
78.900                   0                   0
79.000                   0                   0
79.100                   0                   0
79.200                   0                   0
79.300                   0                   0
79.400                   0                   0
79.500                   0                   0
79.600                   0                   0
79.700                   0                   0
79.800                   0                   0
79.900                   0                   0
80.000                   0                   0
80.100                   0                   0
80.200                   0                   0
80.300                   0                   0
80.400                   0                   0
80.500                   0                   0
80.600                   0                   0
80.700                   0                   0
80.800                   0                   0
80.900                   0                   0
81.000                   0                   0
81.100                   0                   0
81.200                   0                   0
81.300                   0                   0
81.400                   0                   0
81.500                   0                   0
81.600                   0                   0
81.700                   0                   0
81.800                   0                   0
81.900                   0                   0
82.000                   0                   0
82.100                   0                   0
82.200                   0                   0
82.300                   0                   0
82.400                   0                   0
82.500                   0                   0
82.600                   0                   0
82.700                   0                   0
82.800                   0                   0
82.900                   0                   0
83.000                   0                   0
83.100                   0                   0
83.200                   0                   0
83.300                   0                   0
83.400                   0                   0
83.500                   0                   0
83.600                   0                   0
83.700                   0                   0
83.800                   0                   0
83.900                   0                   0
84.000                   0                   0
84.100                   0                   0
84.200                   0                   0
84.300                   0                   0
84.400                   0                   0
84.500                   0                   0
84.600                   0                   0
84.700                   0                   0
84.800                   0                   0
84.900                   0                   0
85.000                   0                   0
85.100                   0                   0
85.200                   0                   0
85.300                   0                   0
85.400                   0                   0
85.500                   0                   0
85.600                   0                   0
85.700                   0                   0
85.800                   0                   0
85.900                   0                   0
86.000                   0                   0
86.100                   0                   0
86.200                   0                   0
86.300                   0                   0
86.400                   0                   0
86.500                   0                   0
86.600                   0                   0
86.700                   0                   0
86.800                   0                   0
86.900                   0                   0
87.000                   0                   0
87.100                   0                   0
87.200                   0                   0
87.300                   0                   0
87.400                   0                   0
87.500                   0                   0
87.600                   0                   0
87.700                   0                   0
87.800                   0                   0
87.900                   0                   0
88.000                   0                   0
88.100                   0                   0
88.200                   0                   0
88.300                   0                   0
88.400                   0                   0
88.500                   0                   0
88.600                   0                   0
88.700                   0                   0
88.800                   0                   0
88.900                   0                   0
89.000                   0                   0
89.100                   0                   0
89.200                   0                   0
89.300                   0                   0
89.400                   0                   0
89.500                   0                   0
89.600                   0                   0
89.700                   0                   0
89.800                   0                   0
89.900                   0                   0
90.000                   0                   0
90.100                   0                   0
90.200                   0                   0
90.300                   0                   0
90.400                   0                   0
90.500                   0                   0
90.600                   0                   0
90.700                   0                   0
90.800                   0                   0
90.900                   0                   0
91.000                   0                   0
91.100                   0                   0
91.200                   0                   0
91.300                   0                   0
91.400                   0                   0
91.500                   0                   0
91.600                   0                   0
91.700                   0                   0
91.800                   0                   0
91.900                   0                   0
92.000                   0                   0
92.100                   0                   0
92.200                   0                   0
92.300                   0                   0
92.400                   0                   0
92.500                   0                   0
92.600                   0                   0
92.700                   0                   0
92.800                   0                   0
92.900                   0                   0
93.000                   0                   0
93.100                   0                   0
93.200                   0                   0
93.300                   0                   0
93.400                   0                   0
93.500                   0                   0
93.600                   0                   0
93.700                   0                   0
93.800                   0                   0
93.900                   0                   0
94.000                   0                   0
94.100                   0                   0
94.200                   0                   0
94.300                   0                   0
94.400                   0                   0
94.500                   0                   0
94.600                   0                   0
94.700                   0                   0
94.800                   0                   0
94.900                   0                   0
95.000                   0                   0
95.100                   0                   0
95.200                   0                   0
95.300                   0                   0
95.400                   0                   0
95.500                   0                   0
95.600                   0                   0
95.700                   0                   0
95.800                   0                   0
95.900                   0                   0
96.000                   0                   0
96.100                   0                   0
96.200                   0                   0
96.300                   0                   0
96.400                   0                   0
96.500                   0                   0
96.600                   0                   0
96.700                   0                   0
96.800                   0                   0
96.900                   0                   0
97.000                   0                   0
97.100                   0                   0
97.200                   0                   0
97.300                   0                   0
97.400                   0                   0
97.500                   0                   0
97.600                   0                   0
97.700                   0                   0
97.800                   0                   0
97.900                   0                   0
98.000                   0                   0
98.100                   0                   0
98.200                   0                   0
98.300                   0                   0
98.400                   0                   0
98.500                   0                   0
98.600                   0                   0
98.700                   0                   0
98.800                   0                   0
98.900                   0                   0
99.000                   0                   0
99.100                   0                   0
99.200                   0                   0
99.300                   0                   0
99.400                   0                   0
99.500                   0                   0
99.600                   0                   0
99.700                   0                   0
99.800                   0                   0
99.900                   0                   0
