 0.000             2146749             1776771             2226171
 0.050              357342              218391              468452
 0.100              329918              271381              356420
 0.150              337533              311694              267574
 0.200              355089              338685              200936
 0.250              378671              360021              151763
 0.300              404150              379623              111087
 0.350              438534              406399               76211
 0.400              478195              443635               50940
 0.450              524474              486961               33331
 0.500              575047              541930               21176
 0.550              636917              606931               13371
 0.600              716900              687111                8332
 0.650              813309              789184                5550
 0.700              934844              923067                4175
 0.750             1095176             1107594                3726
 0.800             1321669             1363804                4112
 0.850             1674371             1724481                4496
 0.900             2232521             2278852                5138
 0.950             3237177             3343725                6939
 1.000            23919323            26704533            43185068
 1.050            52765337            43554544            15157354
 1.100            29579499            30257469            13793966
 1.150             8582396            12300218            12144519
 1.200             1085982             3055820            10014094
 1.250               23772              555718             7961178
 1.300                   0              109764             6256451
 1.350                   0               30706             4957537
 1.400                   0               10357             3958604
 1.450                   0                3666             3153252
 1.500                   0                1264             2506263
 1.550                   0                 409             1985410
 1.600                   0                 129             1560858
 1.650                   0                  44             1205787
 1.700                   0                   6              918334
 1.750                   0                   2              680349
 1.800                   0                   5              494289
 1.850                   0                   0              349181
 1.900                   0                   1              239760
 1.950                   0                   0              159762
 2.000                   0                   0              101814
 2.050                   0                   0               62548
 2.100                   0                   0               36956
 2.150                   0                   0               20716
 2.200                   0                   0               10919
 2.250                   0                   0                5430
 2.300                   0                   0                2654
 2.350                   0                   0                1178
 2.400                   0                   0                 460
 2.450                   0                   0                 211
 2.500                   0                   0                  69
 2.550                   0                   0                  21
 2.600                   0                   0                   1
 2.650                   0                   0                   2
 2.700                   0                   0                   0
 2.750                   0                   0                   0
 2.800                   0                   0                   0
 2.850                   0                   0                   0
 2.900                   0                   0                   0
 2.950                   0                   0                   0
 3.000                   0                   0                   0
 3.050                   0                   0                   0
 3.100                   0                   0                   0
 3.150                   0                   0                   0
 3.200                   0                   0                   0
 3.250                   0                   0                   0
 3.300                   0                   0                   0
 3.350                   0                   0                   0
 3.400                   0                   0                   0
 3.450                   0                   0                   0
 3.500                   0                   0                   0
 3.550                   0                   0                   0
 3.600                   0                   0                   0
 3.650                   0                   0                   0
 3.700                   0                   0                   0
 3.750                   0                   0                   0
 3.800                   0                   0                   0
 3.850                   0                   0                   0
 3.900                   0                   0                   0
 3.950                   0                   0                   0
 4.000                   0                   0                   0
 4.050                   0                   0                   0
 4.100                   0                   0                   0
 4.150                   0                   0                   0
 4.200                   0                   0                   0
 4.250                   0                   0                   0
 4.300                   0                   0                   0
 4.350                   0                   0                   0
 4.400                   0                   0                   0
 4.450                   0                   0                   0
 4.500                   0                   0                   0
 4.550                   0                   0                   0
 4.600                   0                   0                   0
 4.650                   0                   0                   0
 4.700                   0                   0                   0
 4.750                   0                   0                   0
 4.800                   0                   0                   0
 4.850                   0                   0                   0
 4.900                   0                   0                   0
 4.950                   0                   0                   0
