 0.000             3421176             3170659             3224130
 0.050              397043              273757              343001
 0.100              346320              292055              262759
 0.150              340148              310449              196763
 0.200              347231              326721              131252
 0.250              362897              340736               74179
 0.300              382048              355918               33645
 0.350              404539              374271               12618
 0.400              434584              400908                5983
 0.450              461619              432759                5390
 0.500              499276              473470                6243
 0.550              545015              519353                7296
 0.600              595089              578819                8418
 0.650              657867              649248                9666
 0.700              740221              738764               11102
 0.750              843297              859294               12560
 0.800              983335             1024123               14382
 0.850             1175859             1246567               16251
 0.900             1486930             1574761               18166
 0.950             2039539             2134249               21057
 1.000            16267399            18522994            41950634
 1.050            34567549            32730200            13734206
 1.100            40574951            35434381            12172468
 1.150            21918028            23213785            11588167
 1.200             5699708             8322964            10662109
 1.250              671538             1666476             9086960
 1.300               13235              183550             7358149
 1.350                   0               18838             5965093
 1.400                   0                4475             4836484
 1.450                   0                1292             3873243
 1.500                   0                 425             3055613
 1.550                   0                 144             2365460
 1.600                   0                  31             1784068
 1.650                   0                   4             1297114
 1.700                   0                   1              887876
 1.750                   0                   0              566862
 1.800                   0                   0              323438
 1.850                   0                   0              157904
 1.900                   0                   0               65209
 1.950                   0                   0               22837
 2.000                   0                   0                6363
 2.050                   0                   0                1195
 2.100                   0                   0                 124
 2.150                   0                   0                   4
 2.200                   0                   0                   0
 2.250                   0                   0                   0
 2.300                   0                   0                   0
 2.350                   0                   0                   0
 2.400                   0                   0                   0
 2.450                   0                   0                   0
 2.500                   0                   0                   0
 2.550                   0                   0                   0
 2.600                   0                   0                   0
 2.650                   0                   0                   0
 2.700                   0                   0                   0
 2.750                   0                   0                   0
 2.800                   0                   0                   0
 2.850                   0                   0                   0
 2.900                   0                   0                   0
 2.950                   0                   0                   0
 3.000                   0                   0                   0
 3.050                   0                   0                   0
 3.100                   0                   0                   0
 3.150                   0                   0                   0
 3.200                   0                   0                   0
 3.250                   0                   0                   0
 3.300                   0                   0                   0
 3.350                   0                   0                   0
 3.400                   0                   0                   0
 3.450                   0                   0                   0
 3.500                   0                   0                   0
 3.550                   0                   0                   0
 3.600                   0                   0                   0
 3.650                   0                   0                   0
 3.700                   0                   0                   0
 3.750                   0                   0                   0
 3.800                   0                   0                   0
 3.850                   0                   0                   0
 3.900                   0                   0                   0
 3.950                   0                   0                   0
 4.000                   0                   0                   0
 4.050                   0                   0                   0
 4.100                   0                   0                   0
 4.150                   0                   0                   0
 4.200                   0                   0                   0
 4.250                   0                   0                   0
 4.300                   0                   0                   0
 4.350                   0                   0                   0
 4.400                   0                   0                   0
 4.450                   0                   0                   0
 4.500                   0                   0                   0
 4.550                   0                   0                   0
 4.600                   0                   0                   0
 4.650                   0                   0                   0
 4.700                   0                   0                   0
 4.750                   0                   0                   0
 4.800                   0                   0                   0
 4.850                   0                   0                   0
 4.900                   0                   0                   0
 4.950                   0                   0                   0
