 0.000             3088787             2756675             2960677
 0.050              392152              255610              391488
 0.100              348331              298919              288281
 0.150              345813              327892              217372
 0.200              356292              345840              163905
 0.250              373428              358073              116435
 0.300              394696              373182               75105
 0.350              422140              394157               43010
 0.400              452119              423062               21430
 0.450              486448              458171                9750
 0.500              528953              502674                5463
 0.550              578967              555698                4749
 0.600              636780              620624                5340
 0.650              706716              701450                6416
 0.700              802603              804921                7351
 0.750              929648              945370                8413
 0.800             1106565             1136345                9626
 0.850             1353671             1405601               10882
 0.900             1738048             1804428               12533
 0.950             2415256             2503042               14832
 1.000            17822877            20202382            42095869
 1.050            39400477            36076527            14665027
 1.100            40201154            35467239            12808108
 1.150            16911515            19521893            11785322
 1.200             3620770             6142638            10158288
 1.250              308461             1156728             8362082
 1.300                4560              151816             6816503
 1.350                   1               25432             5585211
 1.400                   0                7275             4558276
 1.450                   0                2421             3685365
 1.500                   0                 806             2930259
 1.550                   0                 253             2295033
 1.600                   0                  63             1755198
 1.650                   0                  14             1304893
 1.700                   0                   5              938318
 1.750                   0                   1              649577
 1.800                   0                   1              427572
 1.850                   0                   0              262786
 1.900                   0                   0              146076
 1.950                   0                   0               73271
 2.000                   0                   0               32759
 2.050                   0                   0               12705
 2.100                   0                   0                4222
 2.150                   0                   0                1190
 2.200                   0                   0                 230
 2.250                   0                   0                  28
 2.300                   0                   0                   2
 2.350                   0                   0                   0
 2.400                   0                   0                   0
 2.450                   0                   0                   0
 2.500                   0                   0                   0
 2.550                   0                   0                   0
 2.600                   0                   0                   0
 2.650                   0                   0                   0
 2.700                   0                   0                   0
 2.750                   0                   0                   0
 2.800                   0                   0                   0
 2.850                   0                   0                   0
 2.900                   0                   0                   0
 2.950                   0                   0                   0
 3.000                   0                   0                   0
 3.050                   0                   0                   0
 3.100                   0                   0                   0
 3.150                   0                   0                   0
 3.200                   0                   0                   0
 3.250                   0                   0                   0
 3.300                   0                   0                   0
 3.350                   0                   0                   0
 3.400                   0                   0                   0
 3.450                   0                   0                   0
 3.500                   0                   0                   0
 3.550                   0                   0                   0
 3.600                   0                   0                   0
 3.650                   0                   0                   0
 3.700                   0                   0                   0
 3.750                   0                   0                   0
 3.800                   0                   0                   0
 3.850                   0                   0                   0
 3.900                   0                   0                   0
 3.950                   0                   0                   0
 4.000                   0                   0                   0
 4.050                   0                   0                   0
 4.100                   0                   0                   0
 4.150                   0                   0                   0
 4.200                   0                   0                   0
 4.250                   0                   0                   0
 4.300                   0                   0                   0
 4.350                   0                   0                   0
 4.400                   0                   0                   0
 4.450                   0                   0                   0
 4.500                   0                   0                   0
 4.550                   0                   0                   0
 4.600                   0                   0                   0
 4.650                   0                   0                   0
 4.700                   0                   0                   0
 4.750                   0                   0                   0
 4.800                   0                   0                   0
 4.850                   0                   0                   0
 4.900                   0                   0                   0
 4.950                   0                   0                   0
