 0.000             3957484             3970883             3705036
 0.050              375191              352202               56989
 0.100              315954              291068               11021
 0.150              300894              274523                6245
 0.200              299956              275668                6565
 0.250              306612              279335                8397
 0.300              317312              284686               10672
 0.350              331215              292397               13662
 0.400              346434              305862               16029
 0.450              365108              324257               17257
 0.500              387038              345774               20049
 0.550              411376              373849               22945
 0.600              440369              408438               26578
 0.650              474547              449693               30408
 0.700              515700              504638               33547
 0.750              568169              571472               36767
 0.800              635407              654528               40212
 0.850              729221              764355               44956
 0.900              862553              914218               52787
 0.950             1064023             1140069               62300
 1.000            30860064            32019251            48934788
 1.050            19384804            20321397            15219796
 1.100            24035783            22090397            10657327
 1.150            26695009            24835696             9804362
 1.200            17792245            18415557             9492406
 1.250             4878771             5909280             8917232
 1.300              563712              822794             8036375
 1.350               19906               41953             6821994
 1.400                  23                 596             5444942
 1.450                   0                  39             4067876
 1.500                   0                   5             2869893
 1.550                   0                   0             1819138
 1.600                   0                   0              763829
 1.650                   0                   0              151628
 1.700                   0                   0               10828
 1.750                   0                   0                  44
 1.800                   0                   0                   0
 1.850                   0                   0                   0
 1.900                   0                   0                   0
 1.950                   0                   0                   0
 2.000                   0                   0                   0
 2.050                   0                   0                   0
 2.100                   0                   0                   0
 2.150                   0                   0                   0
 2.200                   0                   0                   0
 2.250                   0                   0                   0
 2.300                   0                   0                   0
 2.350                   0                   0                   0
 2.400                   0                   0                   0
 2.450                   0                   0                   0
 2.500                   0                   0                   0
 2.550                   0                   0                   0
 2.600                   0                   0                   0
 2.650                   0                   0                   0
 2.700                   0                   0                   0
 2.750                   0                   0                   0
 2.800                   0                   0                   0
 2.850                   0                   0                   0
 2.900                   0                   0                   0
 2.950                   0                   0                   0
 3.000                   0                   0                   0
 3.050                   0                   0                   0
 3.100                   0                   0                   0
 3.150                   0                   0                   0
 3.200                   0                   0                   0
 3.250                   0                   0                   0
 3.300                   0                   0                   0
 3.350                   0                   0                   0
 3.400                   0                   0                   0
 3.450                   0                   0                   0
 3.500                   0                   0                   0
 3.550                   0                   0                   0
 3.600                   0                   0                   0
 3.650                   0                   0                   0
 3.700                   0                   0                   0
 3.750                   0                   0                   0
 3.800                   0                   0                   0
 3.850                   0                   0                   0
 3.900                   0                   0                   0
 3.950                   0                   0                   0
 4.000                   0                   0                   0
 4.050                   0                   0                   0
 4.100                   0                   0                   0
 4.150                   0                   0                   0
 4.200                   0                   0                   0
 4.250                   0                   0                   0
 4.300                   0                   0                   0
 4.350                   0                   0                   0
 4.400                   0                   0                   0
 4.450                   0                   0                   0
 4.500                   0                   0                   0
 4.550                   0                   0                   0
 4.600                   0                   0                   0
 4.650                   0                   0                   0
 4.700                   0                   0                   0
 4.750                   0                   0                   0
 4.800                   0                   0                   0
 4.850                   0                   0                   0
 4.900                   0                   0                   0
 4.950                   0                   0                   0
