 0.000             2288466             1902136             2313567
 0.050              362045              227406              484399
 0.100              331567              281039              345577
 0.150              336907              320694              254722
 0.200              354353              342895              198290
 0.250              376578              360500              144285
 0.300              404974              381201              101773
 0.350              437479              407825               69828
 0.400              475595              444886               46901
 0.450              522074              487895               30308
 0.500              573123              538767               18832
 0.550              631576              605283               11254
 0.600              704128              683027                6687
 0.650              790181              781240                4681
 0.700              912441              908814                4014
 0.750             1071792             1083530                4215
 0.800             1298958             1323125                4721
 0.850             1631430             1672323                5469
 0.900             2184475             2208047                6126
 0.950             3122890             3204117                7789
 1.000            22440307            25446766            42954565
 1.050            50560002            42287801            14842659
 1.100            31503657            31206472            13586608
 1.150            10295977            13723985            12464103
 1.200             1419142             3484206            10266432
 1.250               57309              619076             8011381
 1.300                  98              111053             6287132
 1.350                   0               28577             4977208
 1.400                   0                9672             3970344
 1.450                   0                3488             3199666
 1.500                   0                1122             2575406
 1.550                   0                 408             2049590
 1.600                   0                 115             1604530
 1.650                   0                  19             1233020
 1.700                   0                   8              926642
 1.750                   0                   3              680677
 1.800                   0                   3              486458
 1.850                   0                   0              337775
 1.900                   0                   0              225677
 1.950                   0                   0              146115
 2.000                   0                   0               89163
 2.050                   0                   0               51971
 2.100                   0                   0               28963
 2.150                   0                   0               14988
 2.200                   0                   0                7347
 2.250                   0                   0                3473
 2.300                   0                   0                1409
 2.350                   0                   0                 514
 2.400                   0                   0                 193
 2.450                   0                   0                  63
 2.500                   0                   0                   9
 2.550                   0                   0                   4
 2.600                   0                   0                   1
 2.650                   0                   0                   0
 2.700                   0                   0                   0
 2.750                   0                   0                   0
 2.800                   0                   0                   0
 2.850                   0                   0                   0
 2.900                   0                   0                   0
 2.950                   0                   0                   0
 3.000                   0                   0                   0
 3.050                   0                   0                   0
 3.100                   0                   0                   0
 3.150                   0                   0                   0
 3.200                   0                   0                   0
 3.250                   0                   0                   0
 3.300                   0                   0                   0
 3.350                   0                   0                   0
 3.400                   0                   0                   0
 3.450                   0                   0                   0
 3.500                   0                   0                   0
 3.550                   0                   0                   0
 3.600                   0                   0                   0
 3.650                   0                   0                   0
 3.700                   0                   0                   0
 3.750                   0                   0                   0
 3.800                   0                   0                   0
 3.850                   0                   0                   0
 3.900                   0                   0                   0
 3.950                   0                   0                   0
 4.000                   0                   0                   0
 4.050                   0                   0                   0
 4.100                   0                   0                   0
 4.150                   0                   0                   0
 4.200                   0                   0                   0
 4.250                   0                   0                   0
 4.300                   0                   0                   0
 4.350                   0                   0                   0
 4.400                   0                   0                   0
 4.450                   0                   0                   0
 4.500                   0                   0                   0
 4.550                   0                   0                   0
 4.600                   0                   0                   0
 4.650                   0                   0                   0
 4.700                   0                   0                   0
 4.750                   0                   0                   0
 4.800                   0                   0                   0
 4.850                   0                   0                   0
 4.900                   0                   0                   0
 4.950                   0                   0                   0
