 0.000             2732108             2358429             2702141
 0.050              382695              242848              442355
 0.100              345023              297621              313464
 0.150              345906              336040              232608
 0.200              359509              354816              174208
 0.250              379234              368569              127532
 0.300              405460              384310               90162
 0.350              433907              408411               60495
 0.400              469441              439032               38137
 0.450              511663              478542               20878
 0.500              560253              529615               11026
 0.550              614552              588520                6363
 0.600              681827              661935                4570
 0.650              766741              754385                4525
 0.700              875491              869154                5180
 0.750             1017654             1027493                6056
 0.800             1219538             1248075                6868
 0.850             1535098             1570005                7858
 0.900             2033316             2063951                8969
 0.950             2912116             2939031               10873
 1.000            19791960            22335059            41984886
 1.050            44872490            39306699            15160677
 1.100            36264706            33750325            13790913
 1.150            13626717            16611153            12337598
 1.200             2155375             4536334            10071652
 1.250              121792              795290             7930443
 1.300                4302              123109             6351542
 1.350                   0               27333             5190921
 1.400                   0                8517             4245815
 1.450                   0                2881             3441206
 1.500                   0                 985             2749909
 1.550                   0                 286             2172373
 1.600                   0                  88             1680371
 1.650                   0                  25             1265253
 1.700                   0                   4              931258
 1.750                   0                   2              664460
 1.800                   0                   2              458589
 1.850                   0                   0              301557
 1.900                   0                   0              189464
 1.950                   0                   0              111104
 2.000                   0                   0               61314
 2.050                   0                   0               30567
 2.100                   0                   0               13904
 2.150                   0                   0                5729
 2.200                   0                   0                2133
 2.250                   0                   0                 723
 2.300                   0                   0                 189
 2.350                   0                   0                  50
 2.400                   0                   0                   6
 2.450                   0                   0                   0
 2.500                   0                   0                   0
 2.550                   0                   0                   0
 2.600                   0                   0                   0
 2.650                   0                   0                   0
 2.700                   0                   0                   0
 2.750                   0                   0                   0
 2.800                   0                   0                   0
 2.850                   0                   0                   0
 2.900                   0                   0                   0
 2.950                   0                   0                   0
 3.000                   0                   0                   0
 3.050                   0                   0                   0
 3.100                   0                   0                   0
 3.150                   0                   0                   0
 3.200                   0                   0                   0
 3.250                   0                   0                   0
 3.300                   0                   0                   0
 3.350                   0                   0                   0
 3.400                   0                   0                   0
 3.450                   0                   0                   0
 3.500                   0                   0                   0
 3.550                   0                   0                   0
 3.600                   0                   0                   0
 3.650                   0                   0                   0
 3.700                   0                   0                   0
 3.750                   0                   0                   0
 3.800                   0                   0                   0
 3.850                   0                   0                   0
 3.900                   0                   0                   0
 3.950                   0                   0                   0
 4.000                   0                   0                   0
 4.050                   0                   0                   0
 4.100                   0                   0                   0
 4.150                   0                   0                   0
 4.200                   0                   0                   0
 4.250                   0                   0                   0
 4.300                   0                   0                   0
 4.350                   0                   0                   0
 4.400                   0                   0                   0
 4.450                   0                   0                   0
 4.500                   0                   0                   0
 4.550                   0                   0                   0
 4.600                   0                   0                   0
 4.650                   0                   0                   0
 4.700                   0                   0                   0
 4.750                   0                   0                   0
 4.800                   0                   0                   0
 4.850                   0                   0                   0
 4.900                   0                   0                   0
 4.950                   0                   0                   0
