 0.000             3329051             3046222             3142355
 0.050              397363              267919              355801
 0.100              347592              294885              270065
 0.150              342963              317259              205681
 0.200              352018              337413              146340
 0.250              369489              350746               91104
 0.300              389227              365299               48100
 0.350              412837              384227               20728
 0.400              442128              409494                8349
 0.450              474532              443486                5291
 0.500              512773              485864                5512
 0.550              557605              534446                6436
 0.600              610289              593904                7445
 0.650              679878              667474                8570
 0.700              763715              762544                9927
 0.750              869603              886689               11279
 0.800             1011648             1050632               12869
 0.850             1217455             1283754               14498
 0.900             1552802             1636791               16446
 0.950             2138485             2234244               19183
 1.000            16432630            18728172            42045485
 1.050            36162566            33966637            13814661
 1.100            40664633            35418613            12238065
 1.150            20184117            22025767            11645605
 1.200             5277998             7818506            10514561
 1.250              553261             1539648             8891866
 1.300               13706              179481             7260943
 1.350                   0               22253             5893643
 1.400                   0                5549             4783047
 1.450                   0                1666             3842529
 1.500                   0                 560             3037506
 1.550                   0                 180             2359388
 1.600                   0                  35             1787895
 1.650                   0                   5             1312187
 1.700                   0                   0              916089
 1.750                   0                   0              605885
 1.800                   0                   0              367231
 1.850                   0                   0              195867
 1.900                   0                   0               90494
 1.950                   0                   0               35456
 2.000                   0                   0               12222
 2.050                   0                   0                3125
 2.100                   0                   0                 578
 2.150                   0                   0                  54
 2.200                   0                   0                   2
 2.250                   0                   0                   1
 2.300                   0                   0                   0
 2.350                   0                   0                   0
 2.400                   0                   0                   0
 2.450                   0                   0                   0
 2.500                   0                   0                   0
 2.550                   0                   0                   0
 2.600                   0                   0                   0
 2.650                   0                   0                   0
 2.700                   0                   0                   0
 2.750                   0                   0                   0
 2.800                   0                   0                   0
 2.850                   0                   0                   0
 2.900                   0                   0                   0
 2.950                   0                   0                   0
 3.000                   0                   0                   0
 3.050                   0                   0                   0
 3.100                   0                   0                   0
 3.150                   0                   0                   0
 3.200                   0                   0                   0
 3.250                   0                   0                   0
 3.300                   0                   0                   0
 3.350                   0                   0                   0
 3.400                   0                   0                   0
 3.450                   0                   0                   0
 3.500                   0                   0                   0
 3.550                   0                   0                   0
 3.600                   0                   0                   0
 3.650                   0                   0                   0
 3.700                   0                   0                   0
 3.750                   0                   0                   0
 3.800                   0                   0                   0
 3.850                   0                   0                   0
 3.900                   0                   0                   0
 3.950                   0                   0                   0
 4.000                   0                   0                   0
 4.050                   0                   0                   0
 4.100                   0                   0                   0
 4.150                   0                   0                   0
 4.200                   0                   0                   0
 4.250                   0                   0                   0
 4.300                   0                   0                   0
 4.350                   0                   0                   0
 4.400                   0                   0                   0
 4.450                   0                   0                   0
 4.500                   0                   0                   0
 4.550                   0                   0                   0
 4.600                   0                   0                   0
 4.650                   0                   0                   0
 4.700                   0                   0                   0
 4.750                   0                   0                   0
 4.800                   0                   0                   0
 4.850                   0                   0                   0
 4.900                   0                   0                   0
 4.950                   0                   0                   0
