 0.000             2212573             1837623             2264082
 0.050              355185              219280              476007
 0.100              325452              273186              355273
 0.150              332109              312618              261196
 0.200              352293              336895              199654
 0.250              375400              355382              152369
 0.300              403260              376244              107248
 0.350              438704              404799               73541
 0.400              476454              440976               48919
 0.450              522685              485210               31905
 0.500              577947              542926               20086
 0.550              639928              610547               12402
 0.600              717779              692445                7600
 0.650              809387              795666                5114
 0.700              933827              929428                4051
 0.750             1097154             1104636                3915
 0.800             1333546             1351973                4342
 0.850             1688089             1714039                4911
 0.900             2221921             2270092                5554
 0.950             3169851             3273012                7362
 1.000            22585639            25743954            43180835
 1.050            52551213            43378849            14963983
 1.100            30124860            30552844            13575825
 1.150             9529859            13026647            12214285
 1.200             1199584             3249000            10185678
 1.250               48395              588399             8033139
 1.300                 425              111722             6277544
 1.350                   0               29656             4988244
 1.400                   0               10043             3973829
 1.450                   0                3600             3173936
 1.500                   0                1245             2534552
 1.550                   0                 406             2017496
 1.600                   0                 128             1583546
 1.650                   0                  28             1220934
 1.700                   0                  10              924794
 1.750                   0                   6              682398
 1.800                   0                   4              492395
 1.850                   0                   0              344917
 1.900                   0                   1              233746
 1.950                   0                   0              153411
 2.000                   0                   0               96247
 2.050                   0                   0               58302
 2.100                   0                   0               33142
 2.150                   0                   0               17898
 2.200                   0                   0                9074
 2.250                   0                   0                4484
 2.300                   0                   0                2054
 2.350                   0                   0                 813
 2.400                   0                   0                 326
 2.450                   0                   0                 119
 2.500                   0                   0                  34
 2.550                   0                   0                   6
 2.600                   0                   0                   2
 2.650                   0                   0                   0
 2.700                   0                   0                   0
 2.750                   0                   0                   0
 2.800                   0                   0                   0
 2.850                   0                   0                   0
 2.900                   0                   0                   0
 2.950                   0                   0                   0
 3.000                   0                   0                   0
 3.050                   0                   0                   0
 3.100                   0                   0                   0
 3.150                   0                   0                   0
 3.200                   0                   0                   0
 3.250                   0                   0                   0
 3.300                   0                   0                   0
 3.350                   0                   0                   0
 3.400                   0                   0                   0
 3.450                   0                   0                   0
 3.500                   0                   0                   0
 3.550                   0                   0                   0
 3.600                   0                   0                   0
 3.650                   0                   0                   0
 3.700                   0                   0                   0
 3.750                   0                   0                   0
 3.800                   0                   0                   0
 3.850                   0                   0                   0
 3.900                   0                   0                   0
 3.950                   0                   0                   0
 4.000                   0                   0                   0
 4.050                   0                   0                   0
 4.100                   0                   0                   0
 4.150                   0                   0                   0
 4.200                   0                   0                   0
 4.250                   0                   0                   0
 4.300                   0                   0                   0
 4.350                   0                   0                   0
 4.400                   0                   0                   0
 4.450                   0                   0                   0
 4.500                   0                   0                   0
 4.550                   0                   0                   0
 4.600                   0                   0                   0
 4.650                   0                   0                   0
 4.700                   0                   0                   0
 4.750                   0                   0                   0
 4.800                   0                   0                   0
 4.850                   0                   0                   0
 4.900                   0                   0                   0
 4.950                   0                   0                   0
