 0.000             3894880             3890849             3715285
 0.050              379573              338158              121268
 0.100              322894              287726               30549
 0.150              309972              277302                7927
 0.200              312168              282648                5552
 0.250              320713              290660                6710
 0.300              334772              297926                8597
 0.350              351163              309825               10887
 0.400              370919              325215               13416
 0.450              393829              344690               14733
 0.500              419936              372160               16484
 0.550              450119              408023               19014
 0.600              484078              448542               21991
 0.650              525866              501946               25278
 0.700              571729              566271               28247
 0.750              632466              645619               31268
 0.800              713244              745777               34054
 0.850              822424              875170               37999
 0.900              990218             1055869               44025
 0.950             1252900             1334300               51549
 1.000            25837887            27298591            47421761
 1.050            21635667            22326939            14882773
 1.100            28541092            25879867            11138221
 1.150            29442081            27641145            10376964
 1.200            14294996            15698700             9873949
 1.250             3101400             4025260             8964066
 1.300              358212              577489             7785937
 1.350               13623               31673             6535875
 1.400                   0                 447             5240131
 1.450                   0                  33             3999321
 1.500                   0                   1             2929285
 1.550                   0                   0             2028944
 1.600                   0                   0             1154105
 1.650                   0                   0              405938
 1.700                   0                   0               88455
 1.750                   0                   0                8169
 1.800                   0                   0                  94
 1.850                   0                   0                   0
 1.900                   0                   0                   0
 1.950                   0                   0                   0
 2.000                   0                   0                   0
 2.050                   0                   0                   0
 2.100                   0                   0                   0
 2.150                   0                   0                   0
 2.200                   0                   0                   0
 2.250                   0                   0                   0
 2.300                   0                   0                   0
 2.350                   0                   0                   0
 2.400                   0                   0                   0
 2.450                   0                   0                   0
 2.500                   0                   0                   0
 2.550                   0                   0                   0
 2.600                   0                   0                   0
 2.650                   0                   0                   0
 2.700                   0                   0                   0
 2.750                   0                   0                   0
 2.800                   0                   0                   0
 2.850                   0                   0                   0
 2.900                   0                   0                   0
 2.950                   0                   0                   0
 3.000                   0                   0                   0
 3.050                   0                   0                   0
 3.100                   0                   0                   0
 3.150                   0                   0                   0
 3.200                   0                   0                   0
 3.250                   0                   0                   0
 3.300                   0                   0                   0
 3.350                   0                   0                   0
 3.400                   0                   0                   0
 3.450                   0                   0                   0
 3.500                   0                   0                   0
 3.550                   0                   0                   0
 3.600                   0                   0                   0
 3.650                   0                   0                   0
 3.700                   0                   0                   0
 3.750                   0                   0                   0
 3.800                   0                   0                   0
 3.850                   0                   0                   0
 3.900                   0                   0                   0
 3.950                   0                   0                   0
 4.000                   0                   0                   0
 4.050                   0                   0                   0
 4.100                   0                   0                   0
 4.150                   0                   0                   0
 4.200                   0                   0                   0
 4.250                   0                   0                   0
 4.300                   0                   0                   0
 4.350                   0                   0                   0
 4.400                   0                   0                   0
 4.450                   0                   0                   0
 4.500                   0                   0                   0
 4.550                   0                   0                   0
 4.600                   0                   0                   0
 4.650                   0                   0                   0
 4.700                   0                   0                   0
 4.750                   0                   0                   0
 4.800                   0                   0                   0
 4.850                   0                   0                   0
 4.900                   0                   0                   0
 4.950                   0                   0                   0
