 0.000             3244420             2941138             3081065
 0.050              397616              263294              368013
 0.100              349508              296708              277447
 0.150              344795              324534              209995
 0.200              354742              341549              154742
 0.250              369910              354319              103430
 0.300              391540              367660               59370
 0.350              417054              387908               28924
 0.400              445663              414888               12288
 0.450              477709              449554                6026
 0.500              516644              492294                5116
 0.550              566522              546355                5732
 0.600              623780              609806                6651
 0.650              694729              687262                7737
 0.700              787689              784819                8936
 0.750              907533              914764               10124
 0.800             1062537             1087028               11572
 0.850             1290407             1336751               13066
 0.900             1630070             1705752               15006
 0.950             2220138             2324961               17442
 1.000            16998653            19273259            42195485
 1.050            36866485            34549137            14023694
 1.100            41170085            35746546            12355309
 1.150            18642427            20927286            11713964
 1.200             4684706             7191487            10362519
 1.250              474226             1415864             8697393
 1.300               11221              172796             7096534
 1.350                   0               23858             5794391
 1.400                   0                6360             4707951
 1.450                   0                1969             3791237
 1.500                   0                 648             3003204
 1.550                   0                 193             2339762
 1.600                   0                  52             1779191
 1.650                   0                  10             1314428
 1.700                   0                   0              928715
 1.750                   0                   0              627615
 1.800                   0                   0              395333
 1.850                   0                   0              223733
 1.900                   0                   0              112689
 1.950                   0                   0               49002
 2.000                   0                   0               18452
 2.050                   0                   0                5892
 2.100                   0                   0                1384
 2.150                   0                   0                 235
 2.200                   0                   0                  14
 2.250                   0                   0                   1
 2.300                   0                   0                   0
 2.350                   0                   0                   0
 2.400                   0                   0                   0
 2.450                   0                   0                   0
 2.500                   0                   0                   0
 2.550                   0                   0                   0
 2.600                   0                   0                   0
 2.650                   0                   0                   0
 2.700                   0                   0                   0
 2.750                   0                   0                   0
 2.800                   0                   0                   0
 2.850                   0                   0                   0
 2.900                   0                   0                   0
 2.950                   0                   0                   0
 3.000                   0                   0                   0
 3.050                   0                   0                   0
 3.100                   0                   0                   0
 3.150                   0                   0                   0
 3.200                   0                   0                   0
 3.250                   0                   0                   0
 3.300                   0                   0                   0
 3.350                   0                   0                   0
 3.400                   0                   0                   0
 3.450                   0                   0                   0
 3.500                   0                   0                   0
 3.550                   0                   0                   0
 3.600                   0                   0                   0
 3.650                   0                   0                   0
 3.700                   0                   0                   0
 3.750                   0                   0                   0
 3.800                   0                   0                   0
 3.850                   0                   0                   0
 3.900                   0                   0                   0
 3.950                   0                   0                   0
 4.000                   0                   0                   0
 4.050                   0                   0                   0
 4.100                   0                   0                   0
 4.150                   0                   0                   0
 4.200                   0                   0                   0
 4.250                   0                   0                   0
 4.300                   0                   0                   0
 4.350                   0                   0                   0
 4.400                   0                   0                   0
 4.450                   0                   0                   0
 4.500                   0                   0                   0
 4.550                   0                   0                   0
 4.600                   0                   0                   0
 4.650                   0                   0                   0
 4.700                   0                   0                   0
 4.750                   0                   0                   0
 4.800                   0                   0                   0
 4.850                   0                   0                   0
 4.900                   0                   0                   0
 4.950                   0                   0                   0
