 0.000             2571002             2197589             2592887
 0.050              377527              237501              453124
 0.100              342627              294538              330603
 0.150              345009              333454              236201
 0.200              360317              353315              177540
 0.250              382183              368412              130968
 0.300              410279              386314               91739
 0.350              442764              411198               63068
 0.400              481558              445462               41468
 0.450              524231              486816               24348
 0.500              572575              539700               13252
 0.550              629335              604505                7584
 0.600              697313              679800                4985
 0.650              786156              775573                4197
 0.700              905558              898310                4596
 0.750             1056802             1064216                5378
 0.800             1274753             1294112                6137
 0.850             1587273             1627559                6921
 0.900             2089937             2126467                7999
 0.950             2984403             3033925                9810
 1.000            20408354            23270125            42150403
 1.050            46674155            40173148            15129383
 1.100            34718981            32895954            13931176
 1.150            12500776            15610299            12417598
 1.200             2035401             4244190            10171909
 1.250              125763              769870             7906309
 1.300                 618              122469             6246210
 1.350                   0               27548             5073530
 1.400                   0                8762             4138946
 1.450                   0                3080             3357078
 1.500                   0                1002             2692699
 1.550                   0                 321             2129084
 1.600                   0                  88             1652593
 1.650                   0                  18             1251622
 1.700                   0                   9              926062
 1.750                   0                   1              665916
 1.800                   0                   0              465189
 1.850                   0                   0              311356
 1.900                   0                   0              199016
 1.950                   0                   0              120160
 2.000                   0                   0               68832
 2.050                   0                   0               36674
 2.100                   0                   0               17979
 2.150                   0                   0                8026
 2.200                   0                   0                3322
 2.250                   0                   0                1236
 2.300                   0                   0                 390
 2.350                   0                   0                 115
 2.400                   0                   0                  26
 2.450                   0                   0                   5
 2.500                   0                   0                   1
 2.550                   0                   0                   0
 2.600                   0                   0                   0
 2.650                   0                   0                   0
 2.700                   0                   0                   0
 2.750                   0                   0                   0
 2.800                   0                   0                   0
 2.850                   0                   0                   0
 2.900                   0                   0                   0
 2.950                   0                   0                   0
 3.000                   0                   0                   0
 3.050                   0                   0                   0
 3.100                   0                   0                   0
 3.150                   0                   0                   0
 3.200                   0                   0                   0
 3.250                   0                   0                   0
 3.300                   0                   0                   0
 3.350                   0                   0                   0
 3.400                   0                   0                   0
 3.450                   0                   0                   0
 3.500                   0                   0                   0
 3.550                   0                   0                   0
 3.600                   0                   0                   0
 3.650                   0                   0                   0
 3.700                   0                   0                   0
 3.750                   0                   0                   0
 3.800                   0                   0                   0
 3.850                   0                   0                   0
 3.900                   0                   0                   0
 3.950                   0                   0                   0
 4.000                   0                   0                   0
 4.050                   0                   0                   0
 4.100                   0                   0                   0
 4.150                   0                   0                   0
 4.200                   0                   0                   0
 4.250                   0                   0                   0
 4.300                   0                   0                   0
 4.350                   0                   0                   0
 4.400                   0                   0                   0
 4.450                   0                   0                   0
 4.500                   0                   0                   0
 4.550                   0                   0                   0
 4.600                   0                   0                   0
 4.650                   0                   0                   0
 4.700                   0                   0                   0
 4.750                   0                   0                   0
 4.800                   0                   0                   0
 4.850                   0                   0                   0
 4.900                   0                   0                   0
 4.950                   0                   0                   0
