 0.000             2327196             1941245             2359880
 0.050              364693              228817              479705
 0.100              334221              285176              338299
 0.150              337771              324282              254655
 0.200              354633              346185              192670
 0.250              377413              361992              139377
 0.300              406717              382625               99225
 0.350              437681              407506               68054
 0.400              474137              443054               45616
 0.450              516973              486473               29251
 0.500              568807              538601               17904
 0.550              629741              601361               10219
 0.600              701260              680768                6231
 0.650              792620              779347                4452
 0.700              903594              907061                3983
 0.750             1065698             1079670                4452
 0.800             1299789             1314066                4919
 0.850             1650684             1664006                5791
 0.900             2174585             2207177                6474
 0.950             3116781             3182802                8341
 1.000            21821788            24807171            42849469
 1.050            50078969            42096984            14667391
 1.100            32006915            31479353            13768472
 1.150            10726460            14101357            12530491
 1.200             1573312             3658476            10243991
 1.250               67280              649200             8014609
 1.300                   6              112164             6276920
 1.350                   0               28287             4967240
 1.400                   0                9449             3991695
 1.450                   0                3432             3229287
 1.500                   0                1123             2599621
 1.550                   0                 375             2068016
 1.600                   0                 105             1616399
 1.650                   0                  20             1237861
 1.700                   0                   7              927993
 1.750                   0                   4              678059
 1.800                   0                   2              482900
 1.850                   0                   1              332493
 1.900                   0                   0              221274
 1.950                   0                   0              140853
 2.000                   0                   0               85150
 2.050                   0                   0               48777
 2.100                   0                   0               26603
 2.150                   0                   0               13608
 2.200                   0                   0                6456
 2.250                   0                   0                2892
 2.300                   0                   0                1108
 2.350                   0                   0                 402
 2.400                   0                   0                 147
 2.450                   0                   0                  37
 2.500                   0                   0                  10
 2.550                   0                   0                   1
 2.600                   0                   0                   1
 2.650                   0                   0                   0
 2.700                   0                   0                   0
 2.750                   0                   0                   0
 2.800                   0                   0                   0
 2.850                   0                   0                   0
 2.900                   0                   0                   0
 2.950                   0                   0                   0
 3.000                   0                   0                   0
 3.050                   0                   0                   0
 3.100                   0                   0                   0
 3.150                   0                   0                   0
 3.200                   0                   0                   0
 3.250                   0                   0                   0
 3.300                   0                   0                   0
 3.350                   0                   0                   0
 3.400                   0                   0                   0
 3.450                   0                   0                   0
 3.500                   0                   0                   0
 3.550                   0                   0                   0
 3.600                   0                   0                   0
 3.650                   0                   0                   0
 3.700                   0                   0                   0
 3.750                   0                   0                   0
 3.800                   0                   0                   0
 3.850                   0                   0                   0
 3.900                   0                   0                   0
 3.950                   0                   0                   0
 4.000                   0                   0                   0
 4.050                   0                   0                   0
 4.100                   0                   0                   0
 4.150                   0                   0                   0
 4.200                   0                   0                   0
 4.250                   0                   0                   0
 4.300                   0                   0                   0
 4.350                   0                   0                   0
 4.400                   0                   0                   0
 4.450                   0                   0                   0
 4.500                   0                   0                   0
 4.550                   0                   0                   0
 4.600                   0                   0                   0
 4.650                   0                   0                   0
 4.700                   0                   0                   0
 4.750                   0                   0                   0
 4.800                   0                   0                   0
 4.850                   0                   0                   0
 4.900                   0                   0                   0
 4.950                   0                   0                   0
