 0.000             3669136             3561048             3494068
 0.050              391760              297426              293199
 0.100              337181              281502              176921
 0.150              325380              282958               83462
 0.200              330496              294577               29436
 0.250              342080              308127                8701
 0.300              359112              324684                5227
 0.350              378573              343322                6153
 0.400              403027              366365                7745
 0.450              429914              393443                9327
 0.500              461996              428627               10635
 0.550              500553              473594               12002
 0.600              548656              529370               13546
 0.650              605041              596086               15816
 0.700              676702              677240               17904
 0.750              767495              786294               20230
 0.800              892452              917926               22674
 0.850             1063968             1106886               25031
 0.900             1314934             1372398               28162
 0.950             1744611             1811171               32548
 1.000            17966146            19862868            43527822
 1.050            27531324            27474190            14451178
 1.100            39243755            34536383            11913226
 1.150            27330603            27185836            11533623
 1.200             7851858            10204298            10791437
 1.250             1153826             2052492             9087135
 1.300               76372              217440             7393154
 1.350                1557               11190             6067665
 1.400                   0                 624             4915644
 1.450                   0                 115             3897770
 1.500                   0                  22             3000107
 1.550                   0                   6             2247187
 1.600                   0                   0             1614509
 1.650                   0                   0             1050001
 1.700                   0                   0              560438
 1.750                   0                   0              236441
 1.800                   0                   0               77699
 1.850                   0                   0               18301
 1.900                   0                   0                2307
 1.950                   0                   0                  76
 2.000                   0                   0                   1
 2.050                   0                   0                   0
 2.100                   0                   0                   0
 2.150                   0                   0                   0
 2.200                   0                   0                   0
 2.250                   0                   0                   0
 2.300                   0                   0                   0
 2.350                   0                   0                   0
 2.400                   0                   0                   0
 2.450                   0                   0                   0
 2.500                   0                   0                   0
 2.550                   0                   0                   0
 2.600                   0                   0                   0
 2.650                   0                   0                   0
 2.700                   0                   0                   0
 2.750                   0                   0                   0
 2.800                   0                   0                   0
 2.850                   0                   0                   0
 2.900                   0                   0                   0
 2.950                   0                   0                   0
 3.000                   0                   0                   0
 3.050                   0                   0                   0
 3.100                   0                   0                   0
 3.150                   0                   0                   0
 3.200                   0                   0                   0
 3.250                   0                   0                   0
 3.300                   0                   0                   0
 3.350                   0                   0                   0
 3.400                   0                   0                   0
 3.450                   0                   0                   0
 3.500                   0                   0                   0
 3.550                   0                   0                   0
 3.600                   0                   0                   0
 3.650                   0                   0                   0
 3.700                   0                   0                   0
 3.750                   0                   0                   0
 3.800                   0                   0                   0
 3.850                   0                   0                   0
 3.900                   0                   0                   0
 3.950                   0                   0                   0
 4.000                   0                   0                   0
 4.050                   0                   0                   0
 4.100                   0                   0                   0
 4.150                   0                   0                   0
 4.200                   0                   0                   0
 4.250                   0                   0                   0
 4.300                   0                   0                   0
 4.350                   0                   0                   0
 4.400                   0                   0                   0
 4.450                   0                   0                   0
 4.500                   0                   0                   0
 4.550                   0                   0                   0
 4.600                   0                   0                   0
 4.650                   0                   0                   0
 4.700                   0                   0                   0
 4.750                   0                   0                   0
 4.800                   0                   0                   0
 4.850                   0                   0                   0
 4.900                   0                   0                   0
 4.950                   0                   0                   0
