 0.000             3151152             2828020             3008216
 0.050              394565              258323              378066
 0.100              348852              296622              283403
 0.150              346125              327086              214717
 0.200              357042              345768              159348
 0.250              372707              358742              111093
 0.300              393235              373120               68526
 0.350              418882              394457               36138
 0.400              449821              419902               17024
 0.450              483804              453925                7613
 0.500              523935              499519                5038
 0.550              570854              550518                5086
 0.600              629709              613934                5913
 0.650              699138              694279                7006
 0.700              792247              793321                8082
 0.750              913242              925613                9267
 0.800             1082348             1111223               10451
 0.850             1326379             1373389               11864
 0.900             1717314             1766401               13681
 0.950             2343078             2425451               15999
 1.000            17673732            19990731            42210794
 1.050            37868576            35046138            14434568
 1.100            40789921            35729507            12493227
 1.150            17681618            20167784            11805104
 1.200             4108879             6610852            10217120
 1.250              394580             1286026             8504819
 1.300                6103              162371             6937301
 1.350                   0               24809             5675864
 1.400                   0                6747             4629829
 1.450                   0                2212             3734027
 1.500                   0                 740             2962324
 1.550                   0                 235             2317725
 1.600                   0                  53             1765827
 1.650                   0                  14             1309075
 1.700                   0                   4              933675
 1.750                   0                   2              639860
 1.800                   0                   0              414151
 1.850                   0                   0              245527
 1.900                   0                   0              131066
 1.950                   0                   0               61309
 2.000                   0                   0               25687
 2.050                   0                   0                9097
 2.100                   0                   0                2626
 2.150                   0                   0                 609
 2.200                   0                   0                  92
 2.250                   0                   0                   3
 2.300                   0                   0                   1
 2.350                   0                   0                   0
 2.400                   0                   0                   0
 2.450                   0                   0                   0
 2.500                   0                   0                   0
 2.550                   0                   0                   0
 2.600                   0                   0                   0
 2.650                   0                   0                   0
 2.700                   0                   0                   0
 2.750                   0                   0                   0
 2.800                   0                   0                   0
 2.850                   0                   0                   0
 2.900                   0                   0                   0
 2.950                   0                   0                   0
 3.000                   0                   0                   0
 3.050                   0                   0                   0
 3.100                   0                   0                   0
 3.150                   0                   0                   0
 3.200                   0                   0                   0
 3.250                   0                   0                   0
 3.300                   0                   0                   0
 3.350                   0                   0                   0
 3.400                   0                   0                   0
 3.450                   0                   0                   0
 3.500                   0                   0                   0
 3.550                   0                   0                   0
 3.600                   0                   0                   0
 3.650                   0                   0                   0
 3.700                   0                   0                   0
 3.750                   0                   0                   0
 3.800                   0                   0                   0
 3.850                   0                   0                   0
 3.900                   0                   0                   0
 3.950                   0                   0                   0
 4.000                   0                   0                   0
 4.050                   0                   0                   0
 4.100                   0                   0                   0
 4.150                   0                   0                   0
 4.200                   0                   0                   0
 4.250                   0                   0                   0
 4.300                   0                   0                   0
 4.350                   0                   0                   0
 4.400                   0                   0                   0
 4.450                   0                   0                   0
 4.500                   0                   0                   0
 4.550                   0                   0                   0
 4.600                   0                   0                   0
 4.650                   0                   0                   0
 4.700                   0                   0                   0
 4.750                   0                   0                   0
 4.800                   0                   0                   0
 4.850                   0                   0                   0
 4.900                   0                   0                   0
 4.950                   0                   0                   0
