 0.000             3485042             3267841             3287082
 0.050              394846              275858              327386
 0.100              342102              288616              257337
 0.150              334731              303489              182026
 0.200              341103              319391              108883
 0.250              357076              331888               54550
 0.300              374713              348281               20503
 0.350              399355              367324                7497
 0.400              425805              391904                5313
 0.450              456053              422718                5887
 0.500              492153              461832                7149
 0.550              536168              508110                8262
 0.600              584421              563815                9422
 0.650              643023              635435               10861
 0.700              717269              724339               12525
 0.750              813171              836015               14036
 0.800              944456              984690               16091
 0.850             1134571             1196134               17918
 0.900             1434889             1516361               20148
 0.950             1967969             2050451               23285
 1.000            16570267            18696682            41983215
 1.050            32336334            31091612            13963296
 1.100            41234581            35910095            11971246
 1.150            23056559            24137067            11589328
 1.200             6161958             8732320            10849161
 1.250              761936             1752454             9183709
 1.300               16945              182509             7416303
 1.350                  95               15854             6001878
 1.400                   0                3156             4849904
 1.450                   0                 949             3881712
 1.500                   0                 292             3053510
 1.550                   0                  86             2351842
 1.600                   0                  18             1765349
 1.650                   0                   5             1263224
 1.700                   0                   0              845223
 1.750                   0                   0              510618
 1.800                   0                   0              267972
 1.850                   0                   0              116492
 1.900                   0                   0               42391
 1.950                   0                   0               12263
 2.000                   0                   0                2538
 2.050                   0                   0                 248
 2.100                   0                   0                   8
 2.150                   0                   0                   0
 2.200                   0                   0                   0
 2.250                   0                   0                   0
 2.300                   0                   0                   0
 2.350                   0                   0                   0
 2.400                   0                   0                   0
 2.450                   0                   0                   0
 2.500                   0                   0                   0
 2.550                   0                   0                   0
 2.600                   0                   0                   0
 2.650                   0                   0                   0
 2.700                   0                   0                   0
 2.750                   0                   0                   0
 2.800                   0                   0                   0
 2.850                   0                   0                   0
 2.900                   0                   0                   0
 2.950                   0                   0                   0
 3.000                   0                   0                   0
 3.050                   0                   0                   0
 3.100                   0                   0                   0
 3.150                   0                   0                   0
 3.200                   0                   0                   0
 3.250                   0                   0                   0
 3.300                   0                   0                   0
 3.350                   0                   0                   0
 3.400                   0                   0                   0
 3.450                   0                   0                   0
 3.500                   0                   0                   0
 3.550                   0                   0                   0
 3.600                   0                   0                   0
 3.650                   0                   0                   0
 3.700                   0                   0                   0
 3.750                   0                   0                   0
 3.800                   0                   0                   0
 3.850                   0                   0                   0
 3.900                   0                   0                   0
 3.950                   0                   0                   0
 4.000                   0                   0                   0
 4.050                   0                   0                   0
 4.100                   0                   0                   0
 4.150                   0                   0                   0
 4.200                   0                   0                   0
 4.250                   0                   0                   0
 4.300                   0                   0                   0
 4.350                   0                   0                   0
 4.400                   0                   0                   0
 4.450                   0                   0                   0
 4.500                   0                   0                   0
 4.550                   0                   0                   0
 4.600                   0                   0                   0
 4.650                   0                   0                   0
 4.700                   0                   0                   0
 4.750                   0                   0                   0
 4.800                   0                   0                   0
 4.850                   0                   0                   0
 4.900                   0                   0                   0
 4.950                   0                   0                   0
