 0.000             2538530             2152216             2561807
 0.050              377957              239198              455723
 0.100              342135              295962              335485
 0.150              344461              335191              242132
 0.200              359002              355359              178229
 0.250              380652              368392              133205
 0.300              407541              385840               93159
 0.350              439098              410058               64245
 0.400              476846              442176               42585
 0.450              517041              483666               25819
 0.500              567715              538597               14342
 0.550              634139              602137                8246
 0.600              709214              679167                5173
 0.650              800118              779856                4181
 0.700              916198              908510                4415
 0.750             1065616             1077408                5059
 0.800             1279607             1307335                5753
 0.850             1605283             1639427                6692
 0.900             2097252             2144349                7508
 0.950             2953894             3031428                9444
 1.000            20608739            23601635            42282210
 1.050            47759875            40742831            15096307
 1.100            33984270            32531986            13996643
 1.150            12021163            15183426            12370744
 1.200             1968264             4122208            10201558
 1.250              115700              749955             7939277
 1.300                1210              121808             6222650
 1.350                   0               27950             5023074
 1.400                   0                8910             4094516
 1.450                   0                3078             3322009
 1.500                   0                1027             2665592
 1.550                   0                 317             2112086
 1.600                   0                  89             1640337
 1.650                   0                  16             1245922
 1.700                   0                  10              926132
 1.750                   0                   2              666781
 1.800                   0                   0              469371
 1.850                   0                   0              316582
 1.900                   0                   0              203843
 1.950                   0                   0              125015
 2.000                   0                   0               72297
 2.050                   0                   0               39802
 2.100                   0                   0               19943
 2.150                   0                   0                9345
 2.200                   0                   0                3972
 2.250                   0                   0                1557
 2.300                   0                   0                 534
 2.350                   0                   0                 164
 2.400                   0                   0                  45
 2.450                   0                   0                   7
 2.500                   0                   0                   2
 2.550                   0                   0                   1
 2.600                   0                   0                   0
 2.650                   0                   0                   0
 2.700                   0                   0                   0
 2.750                   0                   0                   0
 2.800                   0                   0                   0
 2.850                   0                   0                   0
 2.900                   0                   0                   0
 2.950                   0                   0                   0
 3.000                   0                   0                   0
 3.050                   0                   0                   0
 3.100                   0                   0                   0
 3.150                   0                   0                   0
 3.200                   0                   0                   0
 3.250                   0                   0                   0
 3.300                   0                   0                   0
 3.350                   0                   0                   0
 3.400                   0                   0                   0
 3.450                   0                   0                   0
 3.500                   0                   0                   0
 3.550                   0                   0                   0
 3.600                   0                   0                   0
 3.650                   0                   0                   0
 3.700                   0                   0                   0
 3.750                   0                   0                   0
 3.800                   0                   0                   0
 3.850                   0                   0                   0
 3.900                   0                   0                   0
 3.950                   0                   0                   0
 4.000                   0                   0                   0
 4.050                   0                   0                   0
 4.100                   0                   0                   0
 4.150                   0                   0                   0
 4.200                   0                   0                   0
 4.250                   0                   0                   0
 4.300                   0                   0                   0
 4.350                   0                   0                   0
 4.400                   0                   0                   0
 4.450                   0                   0                   0
 4.500                   0                   0                   0
 4.550                   0                   0                   0
 4.600                   0                   0                   0
 4.650                   0                   0                   0
 4.700                   0                   0                   0
 4.750                   0                   0                   0
 4.800                   0                   0                   0
 4.850                   0                   0                   0
 4.900                   0                   0                   0
 4.950                   0                   0                   0
