 0.000             5856715             5353589             5981009
 0.050              467971              269964              898617
 0.100              422581              349004              745564
 0.150              422345              408388              583153
 0.200              435565              438315              459336
 0.250              456633              451479              354434
 0.300              479124              464556              257730
 0.350              507673              483886              179450
 0.400              539921              513402              120050
 0.450              580570              553916               76486
 0.500              630811              607623               47966
 0.550              689439              672494               30539
 0.600              765726              755810               20301
 0.650              864438              873107               16300
 0.700              984958             1047204               15040
 0.750             1159307             1338299               15942
 0.800             1426424             1831965               17933
 0.850             1849618             2607118               20258
 0.900             2617823             3760409               23441
 0.950            17464957            39812382           133855757
 1.000           444955231           437225420           392329756
 1.050           254922758           194941396            38260590
 1.100            47441470            74782047            36647898
 1.150             9453690            21043287            35786153
 1.200             1050426             4612217            31398024
 1.250               35461              939597            25646373
 1.300                   1              231135            20519238
 1.350                   0               74101            16476351
 1.400                   0               25801            13198380
 1.450                   0                9362            10511152
 1.500                   0                2967             8298536
 1.550                   0                 996             6495913
 1.600                   0                 283             4977500
 1.650                   0                  76             3728455
 1.700                   0                  25             2733538
 1.750                   0                   8             1958677
 1.800                   0                   6             1367175
 1.850                   0                   0              922871
 1.900                   0                   2              602883
 1.950                   0                   0              380540
 2.000                   0                   0              231398
 2.050                   0                   0              134969
 2.100                   0                   0               75963
 2.150                   0                   0               40527
 2.200                   0                   0               20979
 2.250                   0                   0               10228
 2.300                   0                   0                4749
 2.350                   0                   0                2096
 2.400                   0                   0                 871
 2.450                   0                   0                 349
 2.500                   0                   0                 130
 2.550                   0                   0                  55
 2.600                   0                   0                  11
 2.650                   0                   0                   1
 2.700                   0                   0                   1
 2.750                   0                   0                   0
 2.800                   0                   0                   0
 2.850                   0                   0                   0
 2.900                   0                   0                   0
 2.950                   0                   0                   0
 3.000                   0                   0                   0
 3.050                   0                   0                   0
 3.100                   0                   0                   0
 3.150                   0                   0                   0
 3.200                   0                   0                   0
 3.250                   0                   0                   0
 3.300                   0                   0                   0
 3.350                   0                   0                   0
 3.400                   0                   0                   0
 3.450                   0                   0                   0
 3.500                   0                   0                   0
 3.550                   0                   0                   0
 3.600                   0                   0                   0
 3.650                   0                   0                   0
 3.700                   0                   0                   0
 3.750                   0                   0                   0
 3.800                   0                   0                   0
 3.850                   0                   0                   0
 3.900                   0                   0                   0
 3.950                   0                   0                   0
 4.000                   0                   0                   0
 4.050                   0                   0                   0
 4.100                   0                   0                   0
 4.150                   0                   0                   0
 4.200                   0                   0                   0
 4.250                   0                   0                   0
 4.300                   0                   0                   0
 4.350                   0                   0                   0
 4.400                   0                   0                   0
 4.450                   0                   0                   0
 4.500                   0                   0                   0
 4.550                   0                   0                   0
 4.600                   0                   0                   0
 4.650                   0                   0                   0
 4.700                   0                   0                   0
 4.750                   0                   0                   0
 4.800                   0                   0                   0
 4.850                   0                   0                   0
 4.900                   0                   0                   0
 4.950                   0                   0                   0
