 0.000             6027310             5640216             5918998
 0.050              439023              267123              514158
 0.100              391051              330215              428342
 0.150              385107              373050              331068
 0.200              392465              394064              251561
 0.250              408916              404570              180398
 0.300              430990              414710              117620
 0.350              457018              431770               70060
 0.400              486486              458457               38415
 0.450              521699              494579               19943
 0.500              564858              539379               12037
 0.550              615454              592603               10372
 0.600              676179              661131               11281
 0.650              753101              748716               13736
 0.700              854486              865925               16130
 0.750              990071             1041589               19212
 0.800             1173251             1297132               22169
 0.850             1458028             1703985               25345
 0.900             1929630             2332337               29155
 0.950             3927141            29936670            50345923
 1.000           516425644           501411772           548216994
 1.050           157527740           131345293            27239461
 1.100            76915390            77059339            24316398
 1.150            19346020            29171570            24163403
 1.200             3092923             7048722            22853151
 1.250              192511             1180336            19800326
 1.300                2795              180226            16386109
 1.350                   0               40670            13363560
 1.400                   0               12727            10722556
 1.450                   0                4326             8433142
 1.500                   0                1527             6530990
 1.550                   0                 420             4987129
 1.600                   0                 106             3680418
 1.650                   0                  25             2628050
 1.700                   0                   6             1805106
 1.750                   0                   0             1198425
 1.800                   0                   1              760228
 1.850                   0                   0              451792
 1.900                   0                   0              249731
 1.950                   0                   0              126476
 2.000                   0                   0               58672
 2.050                   0                   0               24291
 2.100                   0                   0                8989
 2.150                   0                   0                2928
 2.200                   0                   0                 845
 2.250                   0                   0                 160
 2.300                   0                   0                  32
 2.350                   0                   0                   2
 2.400                   0                   0                   0
 2.450                   0                   0                   0
 2.500                   0                   0                   0
 2.550                   0                   0                   0
 2.600                   0                   0                   0
 2.650                   0                   0                   0
 2.700                   0                   0                   0
 2.750                   0                   0                   0
 2.800                   0                   0                   0
 2.850                   0                   0                   0
 2.900                   0                   0                   0
 2.950                   0                   0                   0
 3.000                   0                   0                   0
 3.050                   0                   0                   0
 3.100                   0                   0                   0
 3.150                   0                   0                   0
 3.200                   0                   0                   0
 3.250                   0                   0                   0
 3.300                   0                   0                   0
 3.350                   0                   0                   0
 3.400                   0                   0                   0
 3.450                   0                   0                   0
 3.500                   0                   0                   0
 3.550                   0                   0                   0
 3.600                   0                   0                   0
 3.650                   0                   0                   0
 3.700                   0                   0                   0
 3.750                   0                   0                   0
 3.800                   0                   0                   0
 3.850                   0                   0                   0
 3.900                   0                   0                   0
 3.950                   0                   0                   0
 4.000                   0                   0                   0
 4.050                   0                   0                   0
 4.100                   0                   0                   0
 4.150                   0                   0                   0
 4.200                   0                   0                   0
 4.250                   0                   0                   0
 4.300                   0                   0                   0
 4.350                   0                   0                   0
 4.400                   0                   0                   0
 4.450                   0                   0                   0
 4.500                   0                   0                   0
 4.550                   0                   0                   0
 4.600                   0                   0                   0
 4.650                   0                   0                   0
 4.700                   0                   0                   0
 4.750                   0                   0                   0
 4.800                   0                   0                   0
 4.850                   0                   0                   0
 4.900                   0                   0                   0
 4.950                   0                   0                   0
