 0.000             5913093             5459256             5923754
 0.050              453721              274701              679207
 0.100              403499              346569              562472
 0.150              398106              394551              429841
 0.200              407110              414726              329284
 0.250              424117              423601              247504
 0.300              447618              435148              171186
 0.350              476545              454295              113303
 0.400              512176              482688               71774
 0.450              550769              521563               41910
 0.500              600287              575550               23848
 0.550              665559              638847               15616
 0.600              740469              717645               12593
 0.650              831419              824731               13056
 0.700              947934              972644               14825
 0.750             1099480             1193975               17628
 0.800             1322481             1543158               20403
 0.850             1682106             2098280               23491
 0.900             2297265             2955283               26964
 0.950             7606912            41768746            90549411
 1.000           476024668           457390568           475402905
 1.050           211925142           165399765            31660584
 1.100            64282943            78725302            29831021
 1.150            14213653            25366544            29586511
 1.200             2041839             5699185            26951188
 1.250              115882             1028360            22468704
 1.300                1210              198309            18190362
 1.350                   0               54410            14751361
 1.400                   0               18284            11892022
 1.450                   0                6324             9452995
 1.500                   0                2135             7412436
 1.550                   0                 627             5737179
 1.600                   0                 169             4312262
 1.650                   0                  40             3149827
 1.700                   0                  19             2234279
 1.750                   0                   3             1537631
 1.800                   0                   2             1025776
 1.850                   0                   0              651667
 1.900                   0                   0              393451
 1.950                   0                   0              224295
 2.000                   0                   0              121092
 2.050                   0                   0               61426
 2.100                   0                   0               28651
 2.150                   0                   0               12529
 2.200                   0                   0                5084
 2.250                   0                   0                1857
 2.300                   0                   0                 599
 2.350                   0                   0                 184
 2.400                   0                   0                  45
 2.450                   0                   0                   7
 2.500                   0                   0                   2
 2.550                   0                   0                   1
 2.600                   0                   0                   0
 2.650                   0                   0                   0
 2.700                   0                   0                   0
 2.750                   0                   0                   0
 2.800                   0                   0                   0
 2.850                   0                   0                   0
 2.900                   0                   0                   0
 2.950                   0                   0                   0
 3.000                   0                   0                   0
 3.050                   0                   0                   0
 3.100                   0                   0                   0
 3.150                   0                   0                   0
 3.200                   0                   0                   0
 3.250                   0                   0                   0
 3.300                   0                   0                   0
 3.350                   0                   0                   0
 3.400                   0                   0                   0
 3.450                   0                   0                   0
 3.500                   0                   0                   0
 3.550                   0                   0                   0
 3.600                   0                   0                   0
 3.650                   0                   0                   0
 3.700                   0                   0                   0
 3.750                   0                   0                   0
 3.800                   0                   0                   0
 3.850                   0                   0                   0
 3.900                   0                   0                   0
 3.950                   0                   0                   0
 4.000                   0                   0                   0
 4.050                   0                   0                   0
 4.100                   0                   0                   0
 4.150                   0                   0                   0
 4.200                   0                   0                   0
 4.250                   0                   0                   0
 4.300                   0                   0                   0
 4.350                   0                   0                   0
 4.400                   0                   0                   0
 4.450                   0                   0                   0
 4.500                   0                   0                   0
 4.550                   0                   0                   0
 4.600                   0                   0                   0
 4.650                   0                   0                   0
 4.700                   0                   0                   0
 4.750                   0                   0                   0
 4.800                   0                   0                   0
 4.850                   0                   0                   0
 4.900                   0                   0                   0
 4.950                   0                   0                   0
