 0.000             5884535             5398413             5930020
 0.050              454809              268197              834432
 0.100              405528              339953              684685
 0.150              401912              390991              525239
 0.200              415410              417844              413075
 0.250              432302              431016              317930
 0.300              456053              444313              226101
 0.350              487428              465037              154184
 0.400              522660              495813              101260
 0.450              566115              536170               63527
 0.500              619277              591735               38870
 0.550              679922              658672               24524
 0.600              756907              743442               17035
 0.650              848252              857304               14669
 0.700              973705             1023518               14652
 0.750             1141533             1284189               16499
 0.800             1396654             1720433               18934
 0.850             1807160             2415708               21605
 0.900             2496315             3461476               24932
 0.950            13450959            42003411           121342919
 1.000           447738862           437183732           418004898
 1.050           251634920           190625840            35564315
 1.100            50053582            75934930            34000288
 1.150            11515293            22601671            33774871
 1.200             1259775             4905712            30171230
 1.250               48608              934803            24824591
 1.300                 425              214030            19888600
 1.350                   0               65811            15997358
 1.400                   0               22877            12821876
 1.450                   0                8047            10199692
 1.500                   0                2652             8043674
 1.550                   0                 809             6285312
 1.600                   0                 256             4788831
 1.650                   0                  57             3557849
 1.700                   0                  23             2579482
 1.750                   0                   9             1822604
 1.800                   0                   5             1252635
 1.850                   0                   1              829187
 1.900                   0                   1              528880
 1.950                   0                   0              323001
 2.000                   0                   0              189646
 2.050                   0                   0              106126
 2.100                   0                   0               56300
 2.150                   0                   0               28311
 2.200                   0                   0               13680
 2.250                   0                   0                6278
 2.300                   0                   0                2703
 2.350                   0                   0                1016
 2.400                   0                   0                 389
 2.450                   0                   0                 136
 2.500                   0                   0                  38
 2.550                   0                   0                   9
 2.600                   0                   0                   3
 2.650                   0                   0                   0
 2.700                   0                   0                   0
 2.750                   0                   0                   0
 2.800                   0                   0                   0
 2.850                   0                   0                   0
 2.900                   0                   0                   0
 2.950                   0                   0                   0
 3.000                   0                   0                   0
 3.050                   0                   0                   0
 3.100                   0                   0                   0
 3.150                   0                   0                   0
 3.200                   0                   0                   0
 3.250                   0                   0                   0
 3.300                   0                   0                   0
 3.350                   0                   0                   0
 3.400                   0                   0                   0
 3.450                   0                   0                   0
 3.500                   0                   0                   0
 3.550                   0                   0                   0
 3.600                   0                   0                   0
 3.650                   0                   0                   0
 3.700                   0                   0                   0
 3.750                   0                   0                   0
 3.800                   0                   0                   0
 3.850                   0                   0                   0
 3.900                   0                   0                   0
 3.950                   0                   0                   0
 4.000                   0                   0                   0
 4.050                   0                   0                   0
 4.100                   0                   0                   0
 4.150                   0                   0                   0
 4.200                   0                   0                   0
 4.250                   0                   0                   0
 4.300                   0                   0                   0
 4.350                   0                   0                   0
 4.400                   0                   0                   0
 4.450                   0                   0                   0
 4.500                   0                   0                   0
 4.550                   0                   0                   0
 4.600                   0                   0                   0
 4.650                   0                   0                   0
 4.700                   0                   0                   0
 4.750                   0                   0                   0
 4.800                   0                   0                   0
 4.850                   0                   0                   0
 4.900                   0                   0                   0
 4.950                   0                   0                   0
