 0.000             5894187             5419283             5914508
 0.050              454007              272735              769267
 0.100              406291              344981              618267
 0.150              400620              393260              482000
 0.200              410824              416582              375761
 0.250              428649              427969              280433
 0.300              453222              442164              198116
 0.350              480682              460732              133176
 0.400              514748              491027               86490
 0.450              555343              530740               52775
 0.500              605505              581394               31633
 0.550              665520              643606               19617
 0.600              736387              725103               14512
 0.650              828014              831868               13621
 0.700              940600              984536               14588
 0.750             1107417             1225162               17123
 0.800             1352318             1614683               19667
 0.850             1734026             2241393               22580
 0.900             2371387             3191718               26115
 0.950            10183804            43277012           108198282
 1.000           458982398           443246488           443661184
 1.050           236294724           180712796            33313938
 1.100            56348123            77712368            32031604
 1.150            12531910            23726801            32015728
 1.200             1660320             5238654            28710088
 1.250               68387              963123            23768398
 1.300                   9              202276            19142625
 1.350                   1               59725            15412236
 1.400                   0               20626            12383043
 1.450                   0                7309             9864279
 1.500                   0                2310             7769575
 1.550                   0                 715             6045868
 1.600                   0                 210             4578160
 1.650                   0                  46             3374937
 1.700                   0                  15             2420299
 1.750                   0                   8             1689705
 1.800                   0                   3             1145045
 1.850                   0                   2              743234
 1.900                   0                   0              463167
 1.950                   0                   0              274241
 2.000                   0                   0              155129
 2.050                   0                   0               82460
 2.100                   0                   0               41581
 2.150                   0                   0               19749
 2.200                   0                   0                8855
 2.250                   0                   0                3704
 2.300                   0                   0                1361
 2.350                   0                   0                 486
 2.400                   0                   0                 159
 2.450                   0                   0                  41
 2.500                   0                   0                  11
 2.550                   0                   0                   1
 2.600                   0                   0                   1
 2.650                   0                   0                   0
 2.700                   0                   0                   0
 2.750                   0                   0                   0
 2.800                   0                   0                   0
 2.850                   0                   0                   0
 2.900                   0                   0                   0
 2.950                   0                   0                   0
 3.000                   0                   0                   0
 3.050                   0                   0                   0
 3.100                   0                   0                   0
 3.150                   0                   0                   0
 3.200                   0                   0                   0
 3.250                   0                   0                   0
 3.300                   0                   0                   0
 3.350                   0                   0                   0
 3.400                   0                   0                   0
 3.450                   0                   0                   0
 3.500                   0                   0                   0
 3.550                   0                   0                   0
 3.600                   0                   0                   0
 3.650                   0                   0                   0
 3.700                   0                   0                   0
 3.750                   0                   0                   0
 3.800                   0                   0                   0
 3.850                   0                   0                   0
 3.900                   0                   0                   0
 3.950                   0                   0                   0
 4.000                   0                   0                   0
 4.050                   0                   0                   0
 4.100                   0                   0                   0
 4.150                   0                   0                   0
 4.200                   0                   0                   0
 4.250                   0                   0                   0
 4.300                   0                   0                   0
 4.350                   0                   0                   0
 4.400                   0                   0                   0
 4.450                   0                   0                   0
 4.500                   0                   0                   0
 4.550                   0                   0                   0
 4.600                   0                   0                   0
 4.650                   0                   0                   0
 4.700                   0                   0                   0
 4.750                   0                   0                   0
 4.800                   0                   0                   0
 4.850                   0                   0                   0
 4.900                   0                   0                   0
 4.950                   0                   0                   0
