 0.000             6011880             5611516             5926362
 0.050              440446              267533              536804
 0.100              392500              332920              451159
 0.150              385204              375724              346231
 0.200              395588              396382              265618
 0.250              411947              407305              192129
 0.300              432965              419077              127245
 0.350              460196              437385               78696
 0.400              488954              465564               44204
 0.450              526119              500670               23341
 0.500              568923              548439               13698
 0.550              625533              602764               10849
 0.600              691798              673681               11225
 0.650              772952              761305               13474
 0.700              878771              885204               15809
 0.750             1015239             1068181               18887
 0.800             1213226             1343318               21789
 0.850             1508036             1775837               24995
 0.900             1988594             2445142               28754
 0.950             4380138            32166600            56804981
 1.000           509185454           492772602           535970490
 1.050           166587122           137551903            28116231
 1.100            75752493            77909082            25221094
 1.150            18310286            28560548            25204809
 1.200             2808407             6746744            23497518
 1.250              149703             1116645            20233449
 1.300                1967              178597            16703053
 1.350                   0               42977            13608514
 1.400                   0               13880            10940535
 1.450                   0                4683             8619931
 1.500                   0                1613             6691072
 1.550                   0                 460             5125231
 1.600                   0                 126             3796484
 1.650                   0                  27             2723771
 1.700                   0                   4             1884177
 1.750                   0                   3             1260297
 1.800                   0                   0              808657
 1.850                   0                   0              487133
 1.900                   0                   0              275756
 1.950                   0                   0              143451
 2.000                   0                   0               69101
 2.050                   0                   0               29911
 2.100                   0                   0               11744
 2.150                   0                   0                4105
 2.200                   0                   0                1294
 2.250                   0                   0                 299
 2.300                   0                   0                  74
 2.350                   0                   0                  10
 2.400                   0                   0                   0
 2.450                   0                   0                   0
 2.500                   0                   0                   0
 2.550                   0                   0                   0
 2.600                   0                   0                   0
 2.650                   0                   0                   0
 2.700                   0                   0                   0
 2.750                   0                   0                   0
 2.800                   0                   0                   0
 2.850                   0                   0                   0
 2.900                   0                   0                   0
 2.950                   0                   0                   0
 3.000                   0                   0                   0
 3.050                   0                   0                   0
 3.100                   0                   0                   0
 3.150                   0                   0                   0
 3.200                   0                   0                   0
 3.250                   0                   0                   0
 3.300                   0                   0                   0
 3.350                   0                   0                   0
 3.400                   0                   0                   0
 3.450                   0                   0                   0
 3.500                   0                   0                   0
 3.550                   0                   0                   0
 3.600                   0                   0                   0
 3.650                   0                   0                   0
 3.700                   0                   0                   0
 3.750                   0                   0                   0
 3.800                   0                   0                   0
 3.850                   0                   0                   0
 3.900                   0                   0                   0
 3.950                   0                   0                   0
 4.000                   0                   0                   0
 4.050                   0                   0                   0
 4.100                   0                   0                   0
 4.150                   0                   0                   0
 4.200                   0                   0                   0
 4.250                   0                   0                   0
 4.300                   0                   0                   0
 4.350                   0                   0                   0
 4.400                   0                   0                   0
 4.450                   0                   0                   0
 4.500                   0                   0                   0
 4.550                   0                   0                   0
 4.600                   0                   0                   0
 4.650                   0                   0                   0
 4.700                   0                   0                   0
 4.750                   0                   0                   0
 4.800                   0                   0                   0
 4.850                   0                   0                   0
 4.900                   0                   0                   0
 4.950                   0                   0                   0
