 0.000             5866195             5368531             5965307
 0.050              467338              272553              880295
 0.100              421695              346754              733243
 0.150              418689              402721              568982
 0.200              428045              432379              447731
 0.250              444917              445189              345074
 0.300              466505              455739              250622
 0.350              493947              473462              173450
 0.400              526957              501924              115346
 0.450              570288              543504               73536
 0.500              621057              596583               45604
 0.550              681355              665036               29121
 0.600              759146              747708               19460
 0.650              856286              861009               15912
 0.700              981630             1037207               14891
 0.750             1159822             1323766               16009
 0.800             1417686             1807734               18132
 0.850             1834055             2563281               20543
 0.900             2595967             3681135               23756
 0.950            16468388            40414394           131370413
 1.000           445876025           437484932           398024668
 1.050           253919753           193744537            37619953
 1.100            48329269            75085375            36032591
 1.150             9746161            21306261            35251956
 1.200             1106900             4658149            31082581
 1.250               25492              928015            25450859
 1.300                  19              225621            20384842
 1.350                   0               72016            16357049
 1.400                   0               24956            13108852
 1.450                   0                8949            10435338
 1.500                   0                2871             8235779
 1.550                   0                 901             6443125
 1.600                   0                 274             4930623
 1.650                   0                  81             3687818
 1.700                   0                  24             2697939
 1.750                   0                   7             1926477
 1.800                   0                   7             1339928
 1.850                   0                   0              900066
 1.900                   0                   2              585433
 1.950                   0                   0              366837
 2.000                   0                   0              221537
 2.050                   0                   0              127722
 2.100                   0                   0               71090
 2.150                   0                   0               37661
 2.200                   0                   0               19026
 2.250                   0                   0                9260
 2.300                   0                   0                4163
 2.350                   0                   0                1810
 2.400                   0                   0                 736
 2.450                   0                   0                 293
 2.500                   0                   0                 104
 2.550                   0                   0                  35
 2.600                   0                   0                   7
 2.650                   0                   0                   1
 2.700                   0                   0                   1
 2.750                   0                   0                   0
 2.800                   0                   0                   0
 2.850                   0                   0                   0
 2.900                   0                   0                   0
 2.950                   0                   0                   0
 3.000                   0                   0                   0
 3.050                   0                   0                   0
 3.100                   0                   0                   0
 3.150                   0                   0                   0
 3.200                   0                   0                   0
 3.250                   0                   0                   0
 3.300                   0                   0                   0
 3.350                   0                   0                   0
 3.400                   0                   0                   0
 3.450                   0                   0                   0
 3.500                   0                   0                   0
 3.550                   0                   0                   0
 3.600                   0                   0                   0
 3.650                   0                   0                   0
 3.700                   0                   0                   0
 3.750                   0                   0                   0
 3.800                   0                   0                   0
 3.850                   0                   0                   0
 3.900                   0                   0                   0
 3.950                   0                   0                   0
 4.000                   0                   0                   0
 4.050                   0                   0                   0
 4.100                   0                   0                   0
 4.150                   0                   0                   0
 4.200                   0                   0                   0
 4.250                   0                   0                   0
 4.300                   0                   0                   0
 4.350                   0                   0                   0
 4.400                   0                   0                   0
 4.450                   0                   0                   0
 4.500                   0                   0                   0
 4.550                   0                   0                   0
 4.600                   0                   0                   0
 4.650                   0                   0                   0
 4.700                   0                   0                   0
 4.750                   0                   0                   0
 4.800                   0                   0                   0
 4.850                   0                   0                   0
 4.900                   0                   0                   0
 4.950                   0                   0                   0
