 0.000             5898664             5442926             5922367
 0.050              453477              272494              708074
 0.100              403611              345931              579563
 0.150              400031              394699              448341
 0.200              410208              415249              341938
 0.250              427463              428084              257286
 0.300              451187              437167              179513
 0.350              478741              458280              119515
 0.400              510362              487978               76408
 0.450              551883              525652               45436
 0.500              600455              573966               26253
 0.550              658482              639641               16695
 0.600              737477              718302               13173
 0.650              833316              825961               13145
 0.700              959023              975444               14705
 0.750             1124409             1205127               17469
 0.800             1341964             1574647               20135
 0.850             1694622             2153912               23206
 0.900             2298808             3027349               26681
 0.950             8341786            42683675            96517279
 1.000           470573817           452384963           464886384
 1.050           220111038           170384974            32250361
 1.100            61445300            78401699            30511487
 1.150            13637368            24768627            30400338
 1.200             1947024             5567436            27492370
 1.250               99734             1011409            22898810
 1.300                 641              200188            18484077
 1.350                   0               56343            14948114
 1.400                   0               19129            12045145
 1.450                   0                6562             9585784
 1.500                   0                2168             7527821
 1.550                   0                 657             5837299
 1.600                   0                 186             4398435
 1.650                   0                  41             3222534
 1.700                   0                  13             2292896
 1.750                   0                  10             1586757
 1.800                   0                   2             1062786
 1.850                   0                   0              680797
 1.900                   0                   0              415750
 1.950                   0                   0              239768
 2.000                   0                   0              131323
 2.050                   0                   0               67926
 2.100                   0                   0               32506
 2.150                   0                   0               14595
 2.200                   0                   0                6178
 2.250                   0                   0                2342
 2.300                   0                   0                 779
 2.350                   0                   0                 261
 2.400                   0                   0                  64
 2.450                   0                   0                  18
 2.500                   0                   0                   3
 2.550                   0                   0                   1
 2.600                   0                   0                   0
 2.650                   0                   0                   0
 2.700                   0                   0                   0
 2.750                   0                   0                   0
 2.800                   0                   0                   0
 2.850                   0                   0                   0
 2.900                   0                   0                   0
 2.950                   0                   0                   0
 3.000                   0                   0                   0
 3.050                   0                   0                   0
 3.100                   0                   0                   0
 3.150                   0                   0                   0
 3.200                   0                   0                   0
 3.250                   0                   0                   0
 3.300                   0                   0                   0
 3.350                   0                   0                   0
 3.400                   0                   0                   0
 3.450                   0                   0                   0
 3.500                   0                   0                   0
 3.550                   0                   0                   0
 3.600                   0                   0                   0
 3.650                   0                   0                   0
 3.700                   0                   0                   0
 3.750                   0                   0                   0
 3.800                   0                   0                   0
 3.850                   0                   0                   0
 3.900                   0                   0                   0
 3.950                   0                   0                   0
 4.000                   0                   0                   0
 4.050                   0                   0                   0
 4.100                   0                   0                   0
 4.150                   0                   0                   0
 4.200                   0                   0                   0
 4.250                   0                   0                   0
 4.300                   0                   0                   0
 4.350                   0                   0                   0
 4.400                   0                   0                   0
 4.450                   0                   0                   0
 4.500                   0                   0                   0
 4.550                   0                   0                   0
 4.600                   0                   0                   0
 4.650                   0                   0                   0
 4.700                   0                   0                   0
 4.750                   0                   0                   0
 4.800                   0                   0                   0
 4.850                   0                   0                   0
 4.900                   0                   0                   0
 4.950                   0                   0                   0
