 0.000             5750561             5768098             5501748
 0.050              383662              352730               56998
 0.100              323374              293011               11128
 0.150              306653              279175                6524
 0.200              303868              281759                6981
 0.250              309434              284773                8975
 0.300              319643              288461               11339
 0.350              333184              295036               14277
 0.400              348062              307993               16788
 0.450              366565              326151               18307
 0.500              388208              347311               21405
 0.550              412423              375312               24805
 0.600              441208              409680               28878
 0.650              475299              450830               33235
 0.700              516285              505731               36900
 0.750              568658              572613               40832
 0.800              635787              656137               44768
 0.850              729468              767068               50306
 0.900              862712              919725               58912
 0.950             1064638             2695123             1824979
 1.000           669353353           670048621           692725917
 1.050            26167156            26163386            16791218
 1.100            30690529            28070917            11872128
 1.150            30725555            28997755            11129197
 1.200            19043058            19982196            10914049
 1.250             4953723             6049125            10490696
 1.300              564625              826153             9644938
 1.350               19906               42095             8163612
 1.400                  23                 610             6357322
 1.450                   0                  40             4576798
 1.500                   0                   5             3086359
 1.550                   0                   0             1860007
 1.600                   0                   0              764784
 1.650                   0                   0              151637
 1.700                   0                   0               10829
 1.750                   0                   0                  44
 1.800                   0                   0                   0
 1.850                   0                   0                   0
 1.900                   0                   0                   0
 1.950                   0                   0                   0
 2.000                   0                   0                   0
 2.050                   0                   0                   0
 2.100                   0                   0                   0
 2.150                   0                   0                   0
 2.200                   0                   0                   0
 2.250                   0                   0                   0
 2.300                   0                   0                   0
 2.350                   0                   0                   0
 2.400                   0                   0                   0
 2.450                   0                   0                   0
 2.500                   0                   0                   0
 2.550                   0                   0                   0
 2.600                   0                   0                   0
 2.650                   0                   0                   0
 2.700                   0                   0                   0
 2.750                   0                   0                   0
 2.800                   0                   0                   0
 2.850                   0                   0                   0
 2.900                   0                   0                   0
 2.950                   0                   0                   0
 3.000                   0                   0                   0
 3.050                   0                   0                   0
 3.100                   0                   0                   0
 3.150                   0                   0                   0
 3.200                   0                   0                   0
 3.250                   0                   0                   0
 3.300                   0                   0                   0
 3.350                   0                   0                   0
 3.400                   0                   0                   0
 3.450                   0                   0                   0
 3.500                   0                   0                   0
 3.550                   0                   0                   0
 3.600                   0                   0                   0
 3.650                   0                   0                   0
 3.700                   0                   0                   0
 3.750                   0                   0                   0
 3.800                   0                   0                   0
 3.850                   0                   0                   0
 3.900                   0                   0                   0
 3.950                   0                   0                   0
 4.000                   0                   0                   0
 4.050                   0                   0                   0
 4.100                   0                   0                   0
 4.150                   0                   0                   0
 4.200                   0                   0                   0
 4.250                   0                   0                   0
 4.300                   0                   0                   0
 4.350                   0                   0                   0
 4.400                   0                   0                   0
 4.450                   0                   0                   0
 4.500                   0                   0                   0
 4.550                   0                   0                   0
 4.600                   0                   0                   0
 4.650                   0                   0                   0
 4.700                   0                   0                   0
 4.750                   0                   0                   0
 4.800                   0                   0                   0
 4.850                   0                   0                   0
 4.900                   0                   0                   0
 4.950                   0                   0                   0
