 0.000             6054343             5715559             5891347
 0.050              432430              270221              438651
 0.100              380567              315892              365921
 0.150              373786              352855              283159
 0.200              381660              374619              206920
 0.250              394829              386700              139252
 0.300              413372              398931               82759
 0.350              437893              417293               42767
 0.400              467609              439822               20994
 0.450              500579              472054               11296
 0.500              539937              517010                9115
 0.550              586653              568009               10143
 0.600              645107              631550               12142
 0.650              714662              713392               14887
 0.700              807821              816720               17332
 0.750              929285              961753               20635
 0.800             1100401             1179300               23548
 0.850             1351437             1512922               26992
 0.900             1763249             2036769               31105
 0.950             2837117            23393043            32577933
 1.000           538983648           528907326           583962795
 1.050           131835542           112508193            24742885
 1.100            77194566            72974580            21054701
 1.150            22403589            30545883            21513378
 1.200             4437944             8250970            20846502
 1.250              405040             1479330            18431945
 1.300                6123              192229            15365426
 1.350                   0               32556            12536552
 1.400                   0                9242            10020046
 1.450                   0                3052             7820336
 1.500                   0                1010             5991466
 1.550                   0                 313             4526836
 1.600                   0                  70             3293721
 1.650                   0                  15             2306226
 1.700                   0                   4             1541132
 1.750                   0                   2              989163
 1.800                   0                   0              598072
 1.850                   0                   0              330295
 1.900                   0                   0              165234
 1.950                   0                   0               73059
 2.000                   0                   0               29174
 2.050                   0                   0                9892
 2.100                   0                   0                2743
 2.150                   0                   0                 614
 2.200                   0                   0                  94
 2.250                   0                   0                   3
 2.300                   0                   0                   1
 2.350                   0                   0                   0
 2.400                   0                   0                   0
 2.450                   0                   0                   0
 2.500                   0                   0                   0
 2.550                   0                   0                   0
 2.600                   0                   0                   0
 2.650                   0                   0                   0
 2.700                   0                   0                   0
 2.750                   0                   0                   0
 2.800                   0                   0                   0
 2.850                   0                   0                   0
 2.900                   0                   0                   0
 2.950                   0                   0                   0
 3.000                   0                   0                   0
 3.050                   0                   0                   0
 3.100                   0                   0                   0
 3.150                   0                   0                   0
 3.200                   0                   0                   0
 3.250                   0                   0                   0
 3.300                   0                   0                   0
 3.350                   0                   0                   0
 3.400                   0                   0                   0
 3.450                   0                   0                   0
 3.500                   0                   0                   0
 3.550                   0                   0                   0
 3.600                   0                   0                   0
 3.650                   0                   0                   0
 3.700                   0                   0                   0
 3.750                   0                   0                   0
 3.800                   0                   0                   0
 3.850                   0                   0                   0
 3.900                   0                   0                   0
 3.950                   0                   0                   0
 4.000                   0                   0                   0
 4.050                   0                   0                   0
 4.100                   0                   0                   0
 4.150                   0                   0                   0
 4.200                   0                   0                   0
 4.250                   0                   0                   0
 4.300                   0                   0                   0
 4.350                   0                   0                   0
 4.400                   0                   0                   0
 4.450                   0                   0                   0
 4.500                   0                   0                   0
 4.550                   0                   0                   0
 4.600                   0                   0                   0
 4.650                   0                   0                   0
 4.700                   0                   0                   0
 4.750                   0                   0                   0
 4.800                   0                   0                   0
 4.850                   0                   0                   0
 4.900                   0                   0                   0
 4.950                   0                   0                   0
