 0.000             5890534             5428442             5918284
 0.050              451535              273010              737339
 0.100              403089              345036              595734
 0.150              398502              393362              466202
 0.200              409219              413644              358308
 0.250              427366              424682              267446
 0.300              450307              437808              188793
 0.350              479148              459214              125766
 0.400              513653              486901               81248
 0.450              555957              529252               48953
 0.500              607305              580572               28899
 0.550              662813              644109               18044
 0.600              735800              723122               13791
 0.650              826281              828831               13338
 0.700              949626              979136               14614
 0.750             1120981             1212469               17278
 0.800             1360791             1596018               19861
 0.850             1718578             2203682               22897
 0.900             2345855             3111415               26449
 0.950             9231342            43294156           102418351
 1.000           464910790           447574690           454387938
 1.050           228187244           175508355            32721047
 1.100            58784743            78058228            31296638
 1.150            13070757            24207228            31190165
 1.200             1816351             5403623            28050504
 1.250               87069              989100            23329751
 1.300                  92              201520            18801155
 1.350                   0               58173            15162577
 1.400                   0               19843            12205432
 1.450                   0                6928             9719934
 1.500                   0                2223             7645695
 1.550                   0                 691             5938889
 1.600                   0                 194             4485831
 1.650                   0                  45             3296065
 1.700                   0                  13             2354765
 1.750                   0                   8             1636441
 1.800                   0                   5             1102758
 1.850                   0                   0              710589
 1.900                   0                   0              438499
 1.950                   0                   0              256412
 2.000                   0                   0              142680
 2.050                   0                   0               74830
 2.100                   0                   0               36740
 2.150                   0                   0               16873
 2.200                   0                   0                7482
 2.250                   0                   0                2924
 2.300                   0                   0                1025
 2.350                   0                   0                 356
 2.400                   0                   0                 105
 2.450                   0                   0                  27
 2.500                   0                   0                   5
 2.550                   0                   0                   0
 2.600                   0                   0                   1
 2.650                   0                   0                   0
 2.700                   0                   0                   0
 2.750                   0                   0                   0
 2.800                   0                   0                   0
 2.850                   0                   0                   0
 2.900                   0                   0                   0
 2.950                   0                   0                   0
 3.000                   0                   0                   0
 3.050                   0                   0                   0
 3.100                   0                   0                   0
 3.150                   0                   0                   0
 3.200                   0                   0                   0
 3.250                   0                   0                   0
 3.300                   0                   0                   0
 3.350                   0                   0                   0
 3.400                   0                   0                   0
 3.450                   0                   0                   0
 3.500                   0                   0                   0
 3.550                   0                   0                   0
 3.600                   0                   0                   0
 3.650                   0                   0                   0
 3.700                   0                   0                   0
 3.750                   0                   0                   0
 3.800                   0                   0                   0
 3.850                   0                   0                   0
 3.900                   0                   0                   0
 3.950                   0                   0                   0
 4.000                   0                   0                   0
 4.050                   0                   0                   0
 4.100                   0                   0                   0
 4.150                   0                   0                   0
 4.200                   0                   0                   0
 4.250                   0                   0                   0
 4.300                   0                   0                   0
 4.350                   0                   0                   0
 4.400                   0                   0                   0
 4.450                   0                   0                   0
 4.500                   0                   0                   0
 4.550                   0                   0                   0
 4.600                   0                   0                   0
 4.650                   0                   0                   0
 4.700                   0                   0                   0
 4.750                   0                   0                   0
 4.800                   0                   0                   0
 4.850                   0                   0                   0
 4.900                   0                   0                   0
 4.950                   0                   0                   0
