 0.000             5627803             5636327             5081241
 0.050              373281              362238                9944
 0.100              303315              297981                8779
 0.150              276485              258248                9484
 0.200              266392              246610               11005
 0.250              264833              245037               14213
 0.300              267842              246788               18639
 0.350              275521              255571               20757
 0.400              284692              266823               23875
 0.450              297390              280315               27732
 0.500              311232              295706               31831
 0.550              327444              312399               36780
 0.600              345979              333955               41736
 0.650              368791              358805               45753
 0.700              395667              389436               49497
 0.750              428549              426882               53470
 0.800              470219              472611               57849
 0.850              524618              533503               65940
 0.900              596590              617661               79965
 0.950              696283             1775279             1325873
 1.000           702030669           701506475           708345563
 1.050            17529218            18030215            17303631
 1.100            16212784            15684776            10167717
 1.150            17496497            16842845             9147989
 1.200            17747734            17078680             9100630
 1.250            10995498            11523221             8869835
 1.300             1619575             2029212             8313657
 1.350               22578               48894             7061130
 1.400                   0                 885             5342263
 1.450                   0                  94             3543195
 1.500                   0                   6             1836167
 1.550                   0                   1              310207
 1.600                   0                   0                1132
 1.650                   0                   0                   0
 1.700                   0                   0                   0
 1.750                   0                   0                   0
 1.800                   0                   0                   0
 1.850                   0                   0                   0
 1.900                   0                   0                   0
 1.950                   0                   0                   0
 2.000                   0                   0                   0
 2.050                   0                   0                   0
 2.100                   0                   0                   0
 2.150                   0                   0                   0
 2.200                   0                   0                   0
 2.250                   0                   0                   0
 2.300                   0                   0                   0
 2.350                   0                   0                   0
 2.400                   0                   0                   0
 2.450                   0                   0                   0
 2.500                   0                   0                   0
 2.550                   0                   0                   0
 2.600                   0                   0                   0
 2.650                   0                   0                   0
 2.700                   0                   0                   0
 2.750                   0                   0                   0
 2.800                   0                   0                   0
 2.850                   0                   0                   0
 2.900                   0                   0                   0
 2.950                   0                   0                   0
 3.000                   0                   0                   0
 3.050                   0                   0                   0
 3.100                   0                   0                   0
 3.150                   0                   0                   0
 3.200                   0                   0                   0
 3.250                   0                   0                   0
 3.300                   0                   0                   0
 3.350                   0                   0                   0
 3.400                   0                   0                   0
 3.450                   0                   0                   0
 3.500                   0                   0                   0
 3.550                   0                   0                   0
 3.600                   0                   0                   0
 3.650                   0                   0                   0
 3.700                   0                   0                   0
 3.750                   0                   0                   0
 3.800                   0                   0                   0
 3.850                   0                   0                   0
 3.900                   0                   0                   0
 3.950                   0                   0                   0
 4.000                   0                   0                   0
 4.050                   0                   0                   0
 4.100                   0                   0                   0
 4.150                   0                   0                   0
 4.200                   0                   0                   0
 4.250                   0                   0                   0
 4.300                   0                   0                   0
 4.350                   0                   0                   0
 4.400                   0                   0                   0
 4.450                   0                   0                   0
 4.500                   0                   0                   0
 4.550                   0                   0                   0
 4.600                   0                   0                   0
 4.650                   0                   0                   0
 4.700                   0                   0                   0
 4.750                   0                   0                   0
 4.800                   0                   0                   0
 4.850                   0                   0                   0
 4.900                   0                   0                   0
 4.950                   0                   0                   0
