 0.000             6049638             5761094             5854496
 0.050              428645              275348              392026
 0.100              374231              308405              322011
 0.150              366459              336317              243983
 0.200              372332              359626              168567
 0.250              388321              374093              101994
 0.300              406326              387193               52445
 0.350              428537              403771               23313
 0.400              456983              426787               11106
 0.450              488471              458746                8502
 0.500              526172              500538                9172
 0.550              570706              548642               11060
 0.600              623211              608850               13190
 0.650              692521              682849               15886
 0.700              776711              780320               18579
 0.750              882933              911539               21916
 0.800             1025656             1094193               25151
 0.850             1232751             1370922               28699
 0.900             1572629             1809687               32690
 0.950             2331377            18308852            21468226
 1.000           553719384           548659417           608558859
 1.050           118667155           101463807            22731061
 1.100            73013188            68323940            19245478
 1.150            24824116            31154210            19554706
 1.200             5572979             9151204            19335710
 1.250              563656             1677660            17318432
 1.300               13706              195780            14538782
 1.350                   0               25570            11854422
 1.400                   0                6530             9434666
 1.450                   0                1987             7308420
 1.500                   0                 656             5547524
 1.550                   0                 211             4139169
 1.600                   0                  43             2969342
 1.650                   0                   6             2035755
 1.700                   0                   1             1319047
 1.750                   0                   0              811498
 1.800                   0                   0              458250
 1.850                   0                   0              229251
 1.900                   0                   0              100751
 1.950                   0                   0               38153
 2.000                   0                   0               12700
 2.050                   0                   0                3164
 2.100                   0                   0                 585
 2.150                   0                   0                  54
 2.200                   0                   0                   2
 2.250                   0                   0                   1
 2.300                   0                   0                   0
 2.350                   0                   0                   0
 2.400                   0                   0                   0
 2.450                   0                   0                   0
 2.500                   0                   0                   0
 2.550                   0                   0                   0
 2.600                   0                   0                   0
 2.650                   0                   0                   0
 2.700                   0                   0                   0
 2.750                   0                   0                   0
 2.800                   0                   0                   0
 2.850                   0                   0                   0
 2.900                   0                   0                   0
 2.950                   0                   0                   0
 3.000                   0                   0                   0
 3.050                   0                   0                   0
 3.100                   0                   0                   0
 3.150                   0                   0                   0
 3.200                   0                   0                   0
 3.250                   0                   0                   0
 3.300                   0                   0                   0
 3.350                   0                   0                   0
 3.400                   0                   0                   0
 3.450                   0                   0                   0
 3.500                   0                   0                   0
 3.550                   0                   0                   0
 3.600                   0                   0                   0
 3.650                   0                   0                   0
 3.700                   0                   0                   0
 3.750                   0                   0                   0
 3.800                   0                   0                   0
 3.850                   0                   0                   0
 3.900                   0                   0                   0
 3.950                   0                   0                   0
 4.000                   0                   0                   0
 4.050                   0                   0                   0
 4.100                   0                   0                   0
 4.150                   0                   0                   0
 4.200                   0                   0                   0
 4.250                   0                   0                   0
 4.300                   0                   0                   0
 4.350                   0                   0                   0
 4.400                   0                   0                   0
 4.450                   0                   0                   0
 4.500                   0                   0                   0
 4.550                   0                   0                   0
 4.600                   0                   0                   0
 4.650                   0                   0                   0
 4.700                   0                   0                   0
 4.750                   0                   0                   0
 4.800                   0                   0                   0
 4.850                   0                   0                   0
 4.900                   0                   0                   0
 4.950                   0                   0                   0
