 0.000             5939425             5512075             5920530
 0.050              448172              270392              629891
 0.100              398965              341006              512894
 0.150              392604              386108              395009
 0.200              403689              405365              306158
 0.250              420693              418152              225165
 0.300              444963              429642              154120
 0.350              476507              450601              100072
 0.400              509164              480000               61575
 0.450              548899              518347               34456
 0.500              592237              568102               19434
 0.550              647388              629615               13338
 0.600              718264              702916               11791
 0.650              806497              800886               13043
 0.700              918704              938745               15050
 0.750             1072674             1142698               18109
 0.800             1285527             1463619               20979
 0.850             1615839             1972385               23924
 0.900             2198580             2767782               27689
 0.950             6232392            38781532            77210803
 1.000           489193638           469995452           498907519
 1.050           193455200           154267459            30425322
 1.100            69651138            79187155            28022228
 1.150            15688827            26652151            27994037
 1.200             2184793             5989024            25600979
 1.250              135712             1045278            21562095
 1.300                1955              190907            17600324
 1.350                   1               50111            14323270
 1.400                   0               16579            11534910
 1.450                   0                5664             9145880
 1.500                   0                1930             7144085
 1.550                   0                 567             5508549
 1.600                   0                 155             4119689
 1.650                   0                  32             2989381
 1.700                   0                  11             2102367
 1.750                   0                   2             1433325
 1.800                   0                   2              943506
 1.850                   0                   0              587444
 1.900                   0                   0              347957
 1.950                   0                   0              192021
 2.000                   0                   0              100746
 2.050                   0                   0               48274
 2.100                   0                   0               21171
 2.150                   0                   0                8649
 2.200                   0                   0                3246
 2.250                   0                   0                1054
 2.300                   0                   0                 293
 2.350                   0                   0                  81
 2.400                   0                   0                  11
 2.450                   0                   0                   4
 2.500                   0                   0                   0
 2.550                   0                   0                   0
 2.600                   0                   0                   0
 2.650                   0                   0                   0
 2.700                   0                   0                   0
 2.750                   0                   0                   0
 2.800                   0                   0                   0
 2.850                   0                   0                   0
 2.900                   0                   0                   0
 2.950                   0                   0                   0
 3.000                   0                   0                   0
 3.050                   0                   0                   0
 3.100                   0                   0                   0
 3.150                   0                   0                   0
 3.200                   0                   0                   0
 3.250                   0                   0                   0
 3.300                   0                   0                   0
 3.350                   0                   0                   0
 3.400                   0                   0                   0
 3.450                   0                   0                   0
 3.500                   0                   0                   0
 3.550                   0                   0                   0
 3.600                   0                   0                   0
 3.650                   0                   0                   0
 3.700                   0                   0                   0
 3.750                   0                   0                   0
 3.800                   0                   0                   0
 3.850                   0                   0                   0
 3.900                   0                   0                   0
 3.950                   0                   0                   0
 4.000                   0                   0                   0
 4.050                   0                   0                   0
 4.100                   0                   0                   0
 4.150                   0                   0                   0
 4.200                   0                   0                   0
 4.250                   0                   0                   0
 4.300                   0                   0                   0
 4.350                   0                   0                   0
 4.400                   0                   0                   0
 4.450                   0                   0                   0
 4.500                   0                   0                   0
 4.550                   0                   0                   0
 4.600                   0                   0                   0
 4.650                   0                   0                   0
 4.700                   0                   0                   0
 4.750                   0                   0                   0
 4.800                   0                   0                   0
 4.850                   0                   0                   0
 4.900                   0                   0                   0
 4.950                   0                   0                   0
