 0.000             5704502             5724441             5324963
 0.050              376315              360457               17911
 0.100              310944              294267                7521
 0.150              289584              267847                7545
 0.200              285575              267065                8603
 0.250              288558              267926               10974
 0.300              295655              269117               14067
 0.350              306003              273620               17533
 0.400              318304              285972               19367
 0.450              332890              300834               22073
 0.500              350709              321003               25523
 0.550              372044              341806               29517
 0.600              394424              371014               34299
 0.650              423091              403207               38550
 0.700              455679              443007               42171
 0.750              495691              493392               45938
 0.800              549936              558084               50416
 0.850              618938              645260               56823
 0.900              718202              762135               67492
 0.950              866171             2177850             1536275
 1.000           686382361           686385219           700767957
 1.050            20476549            20913668            16696706
 1.100            22589524            21252020            10788302
 1.150            23775924            22348404            10048306
 1.200            20255162            20144716            10008107
 1.250             8130817             9125885             9672681
 1.300              968661             1308964             9009013
 1.350               25355               49563             7679028
 1.400                 128                 898             5924659
 1.450                   0                  52             4159046
 1.500                   0                   3             2650917
 1.550                   0                   0             1302094
 1.600                   0                   0              263529
 1.650                   0                   0                9790
 1.700                   0                   0                   0
 1.750                   0                   0                   0
 1.800                   0                   0                   0
 1.850                   0                   0                   0
 1.900                   0                   0                   0
 1.950                   0                   0                   0
 2.000                   0                   0                   0
 2.050                   0                   0                   0
 2.100                   0                   0                   0
 2.150                   0                   0                   0
 2.200                   0                   0                   0
 2.250                   0                   0                   0
 2.300                   0                   0                   0
 2.350                   0                   0                   0
 2.400                   0                   0                   0
 2.450                   0                   0                   0
 2.500                   0                   0                   0
 2.550                   0                   0                   0
 2.600                   0                   0                   0
 2.650                   0                   0                   0
 2.700                   0                   0                   0
 2.750                   0                   0                   0
 2.800                   0                   0                   0
 2.850                   0                   0                   0
 2.900                   0                   0                   0
 2.950                   0                   0                   0
 3.000                   0                   0                   0
 3.050                   0                   0                   0
 3.100                   0                   0                   0
 3.150                   0                   0                   0
 3.200                   0                   0                   0
 3.250                   0                   0                   0
 3.300                   0                   0                   0
 3.350                   0                   0                   0
 3.400                   0                   0                   0
 3.450                   0                   0                   0
 3.500                   0                   0                   0
 3.550                   0                   0                   0
 3.600                   0                   0                   0
 3.650                   0                   0                   0
 3.700                   0                   0                   0
 3.750                   0                   0                   0
 3.800                   0                   0                   0
 3.850                   0                   0                   0
 3.900                   0                   0                   0
 3.950                   0                   0                   0
 4.000                   0                   0                   0
 4.050                   0                   0                   0
 4.100                   0                   0                   0
 4.150                   0                   0                   0
 4.200                   0                   0                   0
 4.250                   0                   0                   0
 4.300                   0                   0                   0
 4.350                   0                   0                   0
 4.400                   0                   0                   0
 4.450                   0                   0                   0
 4.500                   0                   0                   0
 4.550                   0                   0                   0
 4.600                   0                   0                   0
 4.650                   0                   0                   0
 4.700                   0                   0                   0
 4.750                   0                   0                   0
 4.800                   0                   0                   0
 4.850                   0                   0                   0
 4.900                   0                   0                   0
 4.950                   0                   0                   0
