 0.000             5966279             5821540             5775221
 0.050              410459              292093              319991
 0.100              354509              290185              223244
 0.150              342591              300068              126119
 0.200              346423              314354               55778
 0.250              358311              327137               19365
 0.300              374697              343843                7795
 0.350              394163              361926                7069
 0.400              418803              385666                8669
 0.450              447210              412267               10527
 0.500              479571              449552               11913
 0.550              519954              494405               14145
 0.600              564980              550644               16625
 0.650              623122              619866               19843
 0.700              695966              702864               22755
 0.750              790405              812966               26895
 0.800              913975              956887               30032
 0.850             1088541             1160339               34097
 0.900             1362856             1475199               38336
 0.950             1839553             9001186             7264830
 1.000           593661392           594612084           649987460
 1.050            80122187            70764524            19784081
 1.100            65838825            59962237            16111178
 1.150            30068947            33432814            16086545
 1.200             7403104            10413448            16088972
 1.250              921959             1898914            14606580
 1.300               47798              187605            12430272
 1.350                 427               10859            10237678
 1.400                   0                1183             8104799
 1.450                   0                 254             6156311
 1.500                   0                  67             4539515
 1.550                   0                  24             3268412
 1.600                   0                   7             2216971
 1.650                   0                   0             1383114
 1.700                   0                   0              764779
 1.750                   0                   0              361857
 1.800                   0                   0              140721
 1.850                   0                   0               43209
 1.900                   0                   0               10013
 1.950                   0                   0                1253
 2.000                   0                   0                  38
 2.050                   0                   0                   0
 2.100                   0                   0                   0
 2.150                   0                   0                   0
 2.200                   0                   0                   0
 2.250                   0                   0                   0
 2.300                   0                   0                   0
 2.350                   0                   0                   0
 2.400                   0                   0                   0
 2.450                   0                   0                   0
 2.500                   0                   0                   0
 2.550                   0                   0                   0
 2.600                   0                   0                   0
 2.650                   0                   0                   0
 2.700                   0                   0                   0
 2.750                   0                   0                   0
 2.800                   0                   0                   0
 2.850                   0                   0                   0
 2.900                   0                   0                   0
 2.950                   0                   0                   0
 3.000                   0                   0                   0
 3.050                   0                   0                   0
 3.100                   0                   0                   0
 3.150                   0                   0                   0
 3.200                   0                   0                   0
 3.250                   0                   0                   0
 3.300                   0                   0                   0
 3.350                   0                   0                   0
 3.400                   0                   0                   0
 3.450                   0                   0                   0
 3.500                   0                   0                   0
 3.550                   0                   0                   0
 3.600                   0                   0                   0
 3.650                   0                   0                   0
 3.700                   0                   0                   0
 3.750                   0                   0                   0
 3.800                   0                   0                   0
 3.850                   0                   0                   0
 3.900                   0                   0                   0
 3.950                   0                   0                   0
 4.000                   0                   0                   0
 4.050                   0                   0                   0
 4.100                   0                   0                   0
 4.150                   0                   0                   0
 4.200                   0                   0                   0
 4.250                   0                   0                   0
 4.300                   0                   0                   0
 4.350                   0                   0                   0
 4.400                   0                   0                   0
 4.450                   0                   0                   0
 4.500                   0                   0                   0
 4.550                   0                   0                   0
 4.600                   0                   0                   0
 4.650                   0                   0                   0
 4.700                   0                   0                   0
 4.750                   0                   0                   0
 4.800                   0                   0                   0
 4.850                   0                   0                   0
 4.900                   0                   0                   0
 4.950                   0                   0                   0
