 0.000             5865936             5376000             5947780
 0.050              462555              269714              866258
 0.100              414179              344072              716902
 0.150              410467              395638              555266
 0.200              420582              424244              436056
 0.250              437562              439616              335488
 0.300              458170              450488              243545
 0.350              488433              468706              166914
 0.400              525338              498866              110668
 0.450              569405              538326               70241
 0.500              618130              591865               43354
 0.550              678806              657695               27519
 0.600              758031              741822               18718
 0.650              855126              857628               15506
 0.700              979970             1029779               14773
 0.750             1152621             1313009               16139
 0.800             1401781             1783324               18407
 0.850             1822650             2512519               20838
 0.900             2572126             3604161               24149
 0.950            15518784            41018199           128405261
 1.000           446616257           437438261           404337901
 1.050           253243144           192768627            36853460
 1.100            48819442            75314599            35388661
 1.150            10215175            21673546            34741170
 1.200             1150767             4722472            30776538
 1.250               27204              922614            25258486
 1.300                   0              220350            20233321
 1.350                   0               69649            16241985
 1.400                   0               24245            13018987
 1.450                   0                8543            10358619
 1.500                   0                2814             8172590
 1.550                   0                 863             6390752
 1.600                   0                 264             4885577
 1.650                   0                  89             3645497
 1.700                   0                  20             2660668
 1.750                   0                   5             1892376
 1.800                   0                   7             1311811
 1.850                   0                   0              877090
 1.900                   0                   2              566991
 1.950                   0                   0              352700
 2.000                   0                   0              210889
 2.050                   0                   0              120588
 2.100                   0                   0               66199
 2.150                   0                   0               34455
 2.200                   0                   0               17271
 2.250                   0                   0                8139
 2.300                   0                   0                3670
 2.350                   0                   0                1530
 2.400                   0                   0                 578
 2.450                   0                   0                 252
 2.500                   0                   0                  78
 2.550                   0                   0                  26
 2.600                   0                   0                   2
 2.650                   0                   0                   2
 2.700                   0                   0                   0
 2.750                   0                   0                   0
 2.800                   0                   0                   0
 2.850                   0                   0                   0
 2.900                   0                   0                   0
 2.950                   0                   0                   0
 3.000                   0                   0                   0
 3.050                   0                   0                   0
 3.100                   0                   0                   0
 3.150                   0                   0                   0
 3.200                   0                   0                   0
 3.250                   0                   0                   0
 3.300                   0                   0                   0
 3.350                   0                   0                   0
 3.400                   0                   0                   0
 3.450                   0                   0                   0
 3.500                   0                   0                   0
 3.550                   0                   0                   0
 3.600                   0                   0                   0
 3.650                   0                   0                   0
 3.700                   0                   0                   0
 3.750                   0                   0                   0
 3.800                   0                   0                   0
 3.850                   0                   0                   0
 3.900                   0                   0                   0
 3.950                   0                   0                   0
 4.000                   0                   0                   0
 4.050                   0                   0                   0
 4.100                   0                   0                   0
 4.150                   0                   0                   0
 4.200                   0                   0                   0
 4.250                   0                   0                   0
 4.300                   0                   0                   0
 4.350                   0                   0                   0
 4.400                   0                   0                   0
 4.450                   0                   0                   0
 4.500                   0                   0                   0
 4.550                   0                   0                   0
 4.600                   0                   0                   0
 4.650                   0                   0                   0
 4.700                   0                   0                   0
 4.750                   0                   0                   0
 4.800                   0                   0                   0
 4.850                   0                   0                   0
 4.900                   0                   0                   0
 4.950                   0                   0                   0
