 0.000             6046824             5696381             5900147
 0.050              434793              268317              466770
 0.100              383717              320773              386018
 0.150              376985              357488              299616
 0.200              384128              379197              224193
 0.250              398518              390348              154410
 0.300              417844              402598               95441
 0.350              443220              419133               52830
 0.400              472207              445227               26669
 0.450              505143              478576               13843
 0.500              547177              522171                9708
 0.550              596779              575170                9923
 0.600              654072              640639               11753
 0.650              724021              723505               14456
 0.700              820229              832824               16878
 0.750              948053              989027               20008
 0.800             1126992             1220178               23070
 0.850             1384203             1575835               26343
 0.900             1801257             2129364               30356
 0.950             3162305            25734099            38533150
 1.000           531315988           519156416           571621608
 1.050           139951722           118811526            25709999
 1.100            77972441            74740974            22136227
 1.150            21279297            30171394            22378084
 1.200             3915693             7800757            21576917
 1.250              315997             1363816            18925065
 1.300                4560              187340            15736557
 1.350                   1               35410            12836493
 1.400                   0               10536            10274003
 1.450                   0                3503             8045737
 1.500                   0                1181             6189348
 1.550                   0                 350             4694063
 1.600                   0                  85             3436732
 1.650                   0                  20             2423569
 1.700                   0                   6             1638490
 1.750                   0                   1             1066433
 1.800                   0                   1              657727
 1.850                   0                   0              375451
 1.900                   0                   0              195245
 1.950                   0                   0               91586
 2.000                   0                   0               38871
 2.050                   0                   0               14365
 2.100                   0                   0                4522
 2.150                   0                   0                1229
 2.200                   0                   0                 233
 2.250                   0                   0                  28
 2.300                   0                   0                   2
 2.350                   0                   0                   0
 2.400                   0                   0                   0
 2.450                   0                   0                   0
 2.500                   0                   0                   0
 2.550                   0                   0                   0
 2.600                   0                   0                   0
 2.650                   0                   0                   0
 2.700                   0                   0                   0
 2.750                   0                   0                   0
 2.800                   0                   0                   0
 2.850                   0                   0                   0
 2.900                   0                   0                   0
 2.950                   0                   0                   0
 3.000                   0                   0                   0
 3.050                   0                   0                   0
 3.100                   0                   0                   0
 3.150                   0                   0                   0
 3.200                   0                   0                   0
 3.250                   0                   0                   0
 3.300                   0                   0                   0
 3.350                   0                   0                   0
 3.400                   0                   0                   0
 3.450                   0                   0                   0
 3.500                   0                   0                   0
 3.550                   0                   0                   0
 3.600                   0                   0                   0
 3.650                   0                   0                   0
 3.700                   0                   0                   0
 3.750                   0                   0                   0
 3.800                   0                   0                   0
 3.850                   0                   0                   0
 3.900                   0                   0                   0
 3.950                   0                   0                   0
 4.000                   0                   0                   0
 4.050                   0                   0                   0
 4.100                   0                   0                   0
 4.150                   0                   0                   0
 4.200                   0                   0                   0
 4.250                   0                   0                   0
 4.300                   0                   0                   0
 4.350                   0                   0                   0
 4.400                   0                   0                   0
 4.450                   0                   0                   0
 4.500                   0                   0                   0
 4.550                   0                   0                   0
 4.600                   0                   0                   0
 4.650                   0                   0                   0
 4.700                   0                   0                   0
 4.750                   0                   0                   0
 4.800                   0                   0                   0
 4.850                   0                   0                   0
 4.900                   0                   0                   0
 4.950                   0                   0                   0
