 0.000             4431295             4504768             3950568
 0.050              336920              243423               40848
 0.100              273137              225304               28828
 0.150              239053              215950               29338
 0.200              219219              209871               34360
 0.250              209387              204820               51401
 0.300              204414              204989               65960
 0.350              206230              208559               72630
 0.400              210343              214811               79994
 0.450              218266              223338               81961
 0.500              229108              234806               86458
 0.550              241946              248230               89465
 0.600              257981              263587               94101
 0.650              276903              283308               96318
 0.700              300374              308095               99578
 0.750              328465              338052              100699
 0.800              363732              375306              103932
 0.850              408815              423943              127536
 0.900              470175              491050              169073
 0.950              558477              993934              718666
 1.000           730883949           730507030           730276832
 1.050            20407190            20550386            20787722
 1.100            13542359            13446850            11938132
 1.150            15235988            14517779             9430585
 1.200             6296771             6880461             9107152
 1.250                6706               37786             7852218
 1.300                   0                 691              842848
 1.350                   0                  69                   0
 1.400                   0                   6                   0
 1.450                   0                   1                   0
 1.500                   0                   0                   0
 1.550                   0                   0                   0
 1.600                   0                   0                   0
 1.650                   0                   0                   0
 1.700                   0                   0                   0
 1.750                   0                   0                   0
 1.800                   0                   0                   0
 1.850                   0                   0                   0
 1.900                   0                   0                   0
 1.950                   0                   0                   0
 2.000                   0                   0                   0
 2.050                   0                   0                   0
 2.100                   0                   0                   0
 2.150                   0                   0                   0
 2.200                   0                   0                   0
 2.250                   0                   0                   0
 2.300                   0                   0                   0
 2.350                   0                   0                   0
 2.400                   0                   0                   0
 2.450                   0                   0                   0
 2.500                   0                   0                   0
 2.550                   0                   0                   0
 2.600                   0                   0                   0
 2.650                   0                   0                   0
 2.700                   0                   0                   0
 2.750                   0                   0                   0
 2.800                   0                   0                   0
 2.850                   0                   0                   0
 2.900                   0                   0                   0
 2.950                   0                   0                   0
 3.000                   0                   0                   0
 3.050                   0                   0                   0
 3.100                   0                   0                   0
 3.150                   0                   0                   0
 3.200                   0                   0                   0
 3.250                   0                   0                   0
 3.300                   0                   0                   0
 3.350                   0                   0                   0
 3.400                   0                   0                   0
 3.450                   0                   0                   0
 3.500                   0                   0                   0
 3.550                   0                   0                   0
 3.600                   0                   0                   0
 3.650                   0                   0                   0
 3.700                   0                   0                   0
 3.750                   0                   0                   0
 3.800                   0                   0                   0
 3.850                   0                   0                   0
 3.900                   0                   0                   0
 3.950                   0                   0                   0
 4.000                   0                   0                   0
 4.050                   0                   0                   0
 4.100                   0                   0                   0
 4.150                   0                   0                   0
 4.200                   0                   0                   0
 4.250                   0                   0                   0
 4.300                   0                   0                   0
 4.350                   0                   0                   0
 4.400                   0                   0                   0
 4.450                   0                   0                   0
 4.500                   0                   0                   0
 4.550                   0                   0                   0
 4.600                   0                   0                   0
 4.650                   0                   0                   0
 4.700                   0                   0                   0
 4.750                   0                   0                   0
 4.800                   0                   0                   0
 4.850                   0                   0                   0
 4.900                   0                   0                   0
 4.950                   0                   0                   0
