 0.000                3806                3614                3251
 0.050                 341                 399                  45
 0.100                 309                 321                  54
 0.150                 262                 257                  13
 0.200                 241                 243                  15
 0.250                 240                 213                  16
 0.300                 249                 251                   5
 0.350                 274                 247                   9
 0.400                 277                 286                  15
 0.450                 292                 310                  13
 0.500                 310                 298                  20
 0.550                 306                 346                  24
 0.600                 342                 326                  38
 0.650                 347                 343                  25
 0.700                 430                 401                  40
 0.750                 458                 435                  41
 0.800                 504                 485                  43
 0.850                 507                 571                  51
 0.900                 613                 607                  53
 0.950                 700                 720                  51
 1.000              903977              904178              905967
 1.050               23847               24106               25579
 1.100               20337               20282               16132
 1.150               20578               20488               14126
 1.200               21951               21588               13239
 1.250               14438               14322               12953
 1.300                4994                5212               11205
 1.350                 910                 986                8618
 1.400                   0                   5                6369
 1.450                   0                   0                3303
 1.500                   0                   0                 526
 1.550                   0                   0                   1
 1.600                   0                   0                   0
 1.650                   0                   0                   0
 1.700                   0                   0                   0
 1.750                   0                   0                   0
 1.800                   0                   0                   0
 1.850                   0                   0                   0
 1.900                   0                   0                   0
 1.950                   0                   0                   0
 2.000                   0                   0                   0
 2.050                   0                   0                   0
 2.100                   0                   0                   0
 2.150                   0                   0                   0
 2.200                   0                   0                   0
 2.250                   0                   0                   0
 2.300                   0                   0                   0
 2.350                   0                   0                   0
 2.400                   0                   0                   0
 2.450                   0                   0                   0
 2.500                   0                   0                   0
 2.550                   0                   0                   0
 2.600                   0                   0                   0
 2.650                   0                   0                   0
 2.700                   0                   0                   0
 2.750                   0                   0                   0
 2.800                   0                   0                   0
 2.850                   0                   0                   0
 2.900                   0                   0                   0
 2.950                   0                   0                   0
 3.000                   0                   0                   0
 3.050                   0                   0                   0
 3.100                   0                   0                   0
 3.150                   0                   0                   0
 3.200                   0                   0                   0
 3.250                   0                   0                   0
 3.300                   0                   0                   0
 3.350                   0                   0                   0
 3.400                   0                   0                   0
 3.450                   0                   0                   0
 3.500                   0                   0                   0
 3.550                   0                   0                   0
 3.600                   0                   0                   0
 3.650                   0                   0                   0
 3.700                   0                   0                   0
 3.750                   0                   0                   0
 3.800                   0                   0                   0
 3.850                   0                   0                   0
 3.900                   0                   0                   0
 3.950                   0                   0                   0
 4.000                   0                   0                   0
 4.050                   0                   0                   0
 4.100                   0                   0                   0
 4.150                   0                   0                   0
 4.200                   0                   0                   0
 4.250                   0                   0                   0
 4.300                   0                   0                   0
 4.350                   0                   0                   0
 4.400                   0                   0                   0
 4.450                   0                   0                   0
 4.500                   0                   0                   0
 4.550                   0                   0                   0
 4.600                   0                   0                   0
 4.650                   0                   0                   0
 4.700                   0                   0                   0
 4.750                   0                   0                   0
 4.800                   0                   0                   0
 4.850                   0                   0                   0
 4.900                   0                   0                   0
 4.950                   0                   0                   0
