 0.000                6488                5826                6018
 0.050                 366                 402                 272
 0.100                 301                 573                 165
 0.150                 255                 420                 145
 0.200                 217                 285                 127
 0.250                 227                 236                 150
 0.300                 229                 198                 152
 0.350                 209                 224                 164
 0.400                 303                 273                 204
 0.450                 293                 261                 211
 0.500                 335                 316                 247
 0.550                 347                 399                 282
 0.600                 505                 495                 320
 0.650                 644                 616                 346
 0.700                 846                 806                 396
 0.750                1015                1119                 455
 0.800                1285                1444                 580
 0.850                2057                2010                 673
 0.900                3365                3156                 825
 0.950                4976                4712                1050
 1.000              899113              899182              896706
 1.050               30108               30070               25594
 1.100               26961               26773               17703
 1.150               23943               24184               18896
 1.200               10593               10863               16989
 1.250                3653                3766               14995
 1.300                1424                1441                9090
 1.350                 368                 379                5206
 1.400                 119                 117                1838
 1.450                   4                   3                 572
 1.500                   0                   0                 171
 1.550                   0                   0                   7
 1.600                   0                   0                   0
 1.650                   0                   0                   0
 1.700                   0                   0                   0
 1.750                   0                   0                   0
 1.800                   0                   0                   0
 1.850                   0                   0                   0
 1.900                   0                   0                   0
 1.950                   0                   0                   0
 2.000                   0                   0                   0
 2.050                   0                   0                   0
 2.100                   0                   0                   0
 2.150                   0                   0                   0
 2.200                   0                   0                   0
 2.250                   0                   0                   0
 2.300                   0                   0                   0
 2.350                   0                   0                   0
 2.400                   0                   0                   0
 2.450                   0                   0                   0
 2.500                   0                   0                   0
 2.550                   0                   0                   0
 2.600                   0                   0                   0
 2.650                   0                   0                   0
 2.700                   0                   0                   0
 2.750                   0                   0                   0
 2.800                   0                   0                   0
 2.850                   0                   0                   0
 2.900                   0                   0                   0
 2.950                   0                   0                   0
 3.000                   0                   0                   0
 3.050                   0                   0                   0
 3.100                   0                   0                   0
 3.150                   0                   0                   0
 3.200                   0                   0                   0
 3.250                   0                   0                   0
 3.300                   0                   0                   0
 3.350                   0                   0                   0
 3.400                   0                   0                   0
 3.450                   0                   0                   0
 3.500                   0                   0                   0
 3.550                   0                   0                   0
 3.600                   0                   0                   0
 3.650                   0                   0                   0
 3.700                   0                   0                   0
 3.750                   0                   0                   0
 3.800                   0                   0                   0
 3.850                   0                   0                   0
 3.900                   0                   0                   0
 3.950                   0                   0                   0
 4.000                   0                   0                   0
 4.050                   0                   0                   0
 4.100                   0                   0                   0
 4.150                   0                   0                   0
 4.200                   0                   0                   0
 4.250                   0                   0                   0
 4.300                   0                   0                   0
 4.350                   0                   0                   0
 4.400                   0                   0                   0
 4.450                   0                   0                   0
 4.500                   0                   0                   0
 4.550                   0                   0                   0
 4.600                   0                   0                   0
 4.650                   0                   0                   0
 4.700                   0                   0                   0
 4.750                   0                   0                   0
 4.800                   0                   0                   0
 4.850                   0                   0                   0
 4.900                   0                   0                   0
 4.950                   0                   0                   0
