 0.000             5764084             5354066             6778959
 0.050              427570              295750              372167
 0.100              382171              339399              238792
 0.150              378859              372259              160764
 0.200              387305              391792              104993
 0.250              402167              401836               65321
 0.300              425394              411989               44497
 0.350              449869              427675               35330
 0.400              479684              452307               32347
 0.450              511428              485842               32039
 0.500              546765              524538               32962
 0.550              584059              562983               34032
 0.600              618613              606031               35254
 0.650              645379              645063               37308
 0.700              668435              686080               39111
 0.750              685041              725528               41409
 0.800              694569              761683               45265
 0.850              702494              790661               49445
 0.900              724073              823162               54517
 0.950              779671              871807               63901
 1.000             1485818             1620481             2774152
 1.050             3469756             3824240             5450955
 1.100             5912152             5546510             4430961
 1.150             5167949             4737113             3208545
 1.200             2160997             2382172             2296497
 1.250              276316              612988             1740662
 1.300                4555               73267             1371942
 1.350                   0                6221             1124148
 1.400                   0                1184              939205
 1.450                   0                 386              788733
 1.500                   0                 117              657076
 1.550                   0                  31              528685
 1.600                   0                   5              403766
 1.650                   0                   5              289402
 1.700                   0                   1              191836
 1.750                   0                   0              117818
 1.800                   0                   1               66143
 1.850                   0                   0               33550
 1.900                   0                   0               14867
 1.950                   0                   0                5766
 2.000                   0                   0                1702
 2.050                   0                   0                 323
 2.100                   0                   0                  25
 2.150                   0                   0                   0
 2.200                   0                   0                   1
 2.250                   0                   0                   0
 2.300                   0                   0                   0
 2.350                   0                   0                   0
 2.400                   0                   0                   0
 2.450                   0                   0                   0
 2.500                   0                   0                   0
 2.550                   0                   0                   0
 2.600                   0                   0                   0
 2.650                   0                   0                   0
 2.700                   0                   0                   0
 2.750                   0                   0                   0
 2.800                   0                   0                   0
 2.850                   0                   0                   0
 2.900                   0                   0                   0
 2.950                   0                   0                   0
 3.000                   0                   0                   0
 3.050                   0                   0                   0
 3.100                   0                   0                   0
 3.150                   0                   0                   0
 3.200                   0                   0                   0
 3.250                   0                   0                   0
 3.300                   0                   0                   0
 3.350                   0                   0                   0
 3.400                   0                   0                   0
 3.450                   0                   0                   0
 3.500                   0                   0                   0
 3.550                   0                   0                   0
 3.600                   0                   0                   0
 3.650                   0                   0                   0
 3.700                   0                   0                   0
 3.750                   0                   0                   0
 3.800                   0                   0                   0
 3.850                   0                   0                   0
 3.900                   0                   0                   0
 3.950                   0                   0                   0
 4.000                   0                   0                   0
 4.050                   0                   0                   0
 4.100                   0                   0                   0
 4.150                   0                   0                   0
 4.200                   0                   0                   0
 4.250                   0                   0                   0
 4.300                   0                   0                   0
 4.350                   0                   0                   0
 4.400                   0                   0                   0
 4.450                   0                   0                   0
 4.500                   0                   0                   0
 4.550                   0                   0                   0
 4.600                   0                   0                   0
 4.650                   0                   0                   0
 4.700                   0                   0                   0
 4.750                   0                   0                   0
 4.800                   0                   0                   0
 4.850                   0                   0                   0
 4.900                   0                   0                   0
 4.950                   0                   0                   0
