 0.000             5369727             5235135             5840963
 0.050              361860              357669               51372
 0.100              298577              310499               32041
 0.150              274709              275644               28442
 0.200              269284              265869               26400
 0.250              270249              263470               24939
 0.300              277015              266772               21792
 0.350              286484              274364               19017
 0.400              297910              284953               18541
 0.450              310300              299172               18758
 0.500              326277              316423               19483
 0.550              344011              334824               20467
 0.600              364617              358032               21935
 0.650              389701              384463               23151
 0.700              418719              416390               24865
 0.750              455936              456265               26800
 0.800              499142              504755               28565
 0.850              553758              565727               31148
 0.900              622868              641191               33297
 0.950              714198              736397               37403
 1.000              828754              853227               42116
 1.050             1353173             1381313              842800
 1.100             3565108             3673707             4123491
 1.150             4654876             4740519             4245928
 1.200             5222692             4996147             4063956
 1.250             4271169             4214940             3594007
 1.300             1365312             1519568             3096953
 1.350               69052              106946             2717846
 1.400                  11                 970             2297310
 1.450                   0                 102             1671523
 1.500                   0                  26              864049
 1.550                   0                   9              125914
 1.600                   0                   0                 190
 1.650                   0                   1                  19
 1.700                   0                   0                   6
 1.750                   0                   0                   2
 1.800                   0                   0                   0
 1.850                   0                   0                   0
 1.900                   0                   0                   0
 1.950                   0                   0                   0
 2.000                   0                   0                   0
 2.050                   0                   0                   0
 2.100                   0                   0                   0
 2.150                   0                   0                   0
 2.200                   0                   0                   0
 2.250                   0                   0                   0
 2.300                   0                   0                   0
 2.350                   0                   0                   0
 2.400                   0                   0                   0
 2.450                   0                   0                   0
 2.500                   0                   0                   0
 2.550                   0                   0                   0
 2.600                   0                   0                   0
 2.650                   0                   0                   0
 2.700                   0                   0                   0
 2.750                   0                   0                   0
 2.800                   0                   0                   0
 2.850                   0                   0                   0
 2.900                   0                   0                   0
 2.950                   0                   0                   0
 3.000                   0                   0                   0
 3.050                   0                   0                   0
 3.100                   0                   0                   0
 3.150                   0                   0                   0
 3.200                   0                   0                   0
 3.250                   0                   0                   0
 3.300                   0                   0                   0
 3.350                   0                   0                   0
 3.400                   0                   0                   0
 3.450                   0                   0                   0
 3.500                   0                   0                   0
 3.550                   0                   0                   0
 3.600                   0                   0                   0
 3.650                   0                   0                   0
 3.700                   0                   0                   0
 3.750                   0                   0                   0
 3.800                   0                   0                   0
 3.850                   0                   0                   0
 3.900                   0                   0                   0
 3.950                   0                   0                   0
 4.000                   0                   0                   0
 4.050                   0                   0                   0
 4.100                   0                   0                   0
 4.150                   0                   0                   0
 4.200                   0                   0                   0
 4.250                   0                   0                   0
 4.300                   0                   0                   0
 4.350                   0                   0                   0
 4.400                   0                   0                   0
 4.450                   0                   0                   0
 4.500                   0                   0                   0
 4.550                   0                   0                   0
 4.600                   0                   0                   0
 4.650                   0                   0                   0
 4.700                   0                   0                   0
 4.750                   0                   0                   0
 4.800                   0                   0                   0
 4.850                   0                   0                   0
 4.900                   0                   0                   0
 4.950                   0                   0                   0
