 0.000             5502841             5360086             6197257
 0.050              371415              361176              132987
 0.100              315773              312635               50091
 0.150              299754              292231               31815
 0.200              299491              288557               28456
 0.250              306684              291671               27363
 0.300              315985              299207               26177
 0.350              329237              309375               24301
 0.400              346235              321628               23238
 0.450              364605              338530               22648
 0.500              385739              359725               23081
 0.550              410402              388884               23781
 0.600              436905              418184               24763
 0.650              470121              458592               25347
 0.700              509994              503270               26459
 0.750              554674              557688               28130
 0.800              606608              617881               29505
 0.850              664815              688231               31415
 0.900              717530              757258               33743
 0.950              768950              820811               37142
 1.000              846644              897263               42852
 1.050             2528036             2600267             3171946
 1.100             4027166             4231993             4665811
 1.150             4411041             4338525             4334996
 1.200             4402964             4147304             3472925
 1.250             2837378             2873258             2666107
 1.300              903638             1057623             2152176
 1.350               91607              132227             1883339
 1.400                 704                2748             1643026
 1.450                   0                  78             1374983
 1.500                   0                  17             1007502
 1.550                   0                  11              565090
 1.600                   0                   2              178872
 1.650                   0                   0               19502
 1.700                   0                   0                 102
 1.750                   0                   0                   6
 1.800                   0                   0                   2
 1.850                   0                   0                   0
 1.900                   0                   0                   0
 1.950                   0                   0                   0
 2.000                   0                   0                   0
 2.050                   0                   0                   0
 2.100                   0                   0                   0
 2.150                   0                   0                   0
 2.200                   0                   0                   0
 2.250                   0                   0                   0
 2.300                   0                   0                   0
 2.350                   0                   0                   0
 2.400                   0                   0                   0
 2.450                   0                   0                   0
 2.500                   0                   0                   0
 2.550                   0                   0                   0
 2.600                   0                   0                   0
 2.650                   0                   0                   0
 2.700                   0                   0                   0
 2.750                   0                   0                   0
 2.800                   0                   0                   0
 2.850                   0                   0                   0
 2.900                   0                   0                   0
 2.950                   0                   0                   0
 3.000                   0                   0                   0
 3.050                   0                   0                   0
 3.100                   0                   0                   0
 3.150                   0                   0                   0
 3.200                   0                   0                   0
 3.250                   0                   0                   0
 3.300                   0                   0                   0
 3.350                   0                   0                   0
 3.400                   0                   0                   0
 3.450                   0                   0                   0
 3.500                   0                   0                   0
 3.550                   0                   0                   0
 3.600                   0                   0                   0
 3.650                   0                   0                   0
 3.700                   0                   0                   0
 3.750                   0                   0                   0
 3.800                   0                   0                   0
 3.850                   0                   0                   0
 3.900                   0                   0                   0
 3.950                   0                   0                   0
 4.000                   0                   0                   0
 4.050                   0                   0                   0
 4.100                   0                   0                   0
 4.150                   0                   0                   0
 4.200                   0                   0                   0
 4.250                   0                   0                   0
 4.300                   0                   0                   0
 4.350                   0                   0                   0
 4.400                   0                   0                   0
 4.450                   0                   0                   0
 4.500                   0                   0                   0
 4.550                   0                   0                   0
 4.600                   0                   0                   0
 4.650                   0                   0                   0
 4.700                   0                   0                   0
 4.750                   0                   0                   0
 4.800                   0                   0                   0
 4.850                   0                   0                   0
 4.900                   0                   0                   0
 4.950                   0                   0                   0
