 0.000             5557292             5395482             6388449
 0.050              381620              348554              239577
 0.100              329925              312601               94630
 0.150              316116              301489               44044
 0.200              317589              302616               31275
 0.250              325882              306911               28849
 0.300              339320              316101               27892
 0.350              355263              329190               26968
 0.400              376099              346789               26511
 0.450              400924              369641               25912
 0.500              427962              400524               25783
 0.550              461298              435072               26236
 0.600              495804              473657               26801
 0.650              535938              519825               28139
 0.700              577832              573398               28997
 0.750              624363              631946               30086
 0.800              673143              693677               31931
 0.850              715675              755905               33603
 0.900              753521              813820               36538
 0.950              808804              874594               40177
 1.000             1089279             1144207              428590
 1.050             3505718             3651928             4703708
 1.100             4153007             4307635             4815895
 1.150             4406293             4200458             4008818
 1.200             3779898             3579245             2913141
 1.250             1864128             2012610             2234288
 1.300              422590              568445             1737625
 1.350               34902               62631             1454423
 1.400                 453                1612             1307140
 1.450                   0                  55             1137384
 1.500                   0                  14              903709
 1.550                   0                   5              629749
 1.600                   0                   1              348812
 1.650                   0                   0              134443
 1.700                   0                   0               28988
 1.750                   0                   0                1523
 1.800                   0                   0                   4
 1.850                   0                   0                   0
 1.900                   0                   0                   0
 1.950                   0                   0                   0
 2.000                   0                   0                   0
 2.050                   0                   0                   0
 2.100                   0                   0                   0
 2.150                   0                   0                   0
 2.200                   0                   0                   0
 2.250                   0                   0                   0
 2.300                   0                   0                   0
 2.350                   0                   0                   0
 2.400                   0                   0                   0
 2.450                   0                   0                   0
 2.500                   0                   0                   0
 2.550                   0                   0                   0
 2.600                   0                   0                   0
 2.650                   0                   0                   0
 2.700                   0                   0                   0
 2.750                   0                   0                   0
 2.800                   0                   0                   0
 2.850                   0                   0                   0
 2.900                   0                   0                   0
 2.950                   0                   0                   0
 3.000                   0                   0                   0
 3.050                   0                   0                   0
 3.100                   0                   0                   0
 3.150                   0                   0                   0
 3.200                   0                   0                   0
 3.250                   0                   0                   0
 3.300                   0                   0                   0
 3.350                   0                   0                   0
 3.400                   0                   0                   0
 3.450                   0                   0                   0
 3.500                   0                   0                   0
 3.550                   0                   0                   0
 3.600                   0                   0                   0
 3.650                   0                   0                   0
 3.700                   0                   0                   0
 3.750                   0                   0                   0
 3.800                   0                   0                   0
 3.850                   0                   0                   0
 3.900                   0                   0                   0
 3.950                   0                   0                   0
 4.000                   0                   0                   0
 4.050                   0                   0                   0
 4.100                   0                   0                   0
 4.150                   0                   0                   0
 4.200                   0                   0                   0
 4.250                   0                   0                   0
 4.300                   0                   0                   0
 4.350                   0                   0                   0
 4.400                   0                   0                   0
 4.450                   0                   0                   0
 4.500                   0                   0                   0
 4.550                   0                   0                   0
 4.600                   0                   0                   0
 4.650                   0                   0                   0
 4.700                   0                   0                   0
 4.750                   0                   0                   0
 4.800                   0                   0                   0
 4.850                   0                   0                   0
 4.900                   0                   0                   0
 4.950                   0                   0                   0
