 0.000             5532075             5384841             6311770
 0.050              378117              356906              184106
 0.100              322326              312195               67626
 0.150              309775              295877               35974
 0.200              310115              297815               29654
 0.250              317970              300860               28146
 0.300              330086              306923               26718
 0.350              345389              318548               25867
 0.400              363680              336738               25057
 0.450              383830              356740               24441
 0.500              408262              382382               24719
 0.550              437257              411731               25064
 0.600              467408              447079               25890
 0.650              505285              490246               26657
 0.700              547742              540549               27476
 0.750              593062              595741               29018
 0.800              641726              658472               30772
 0.850              685660              719745               32349
 0.900              729377              781197               35014
 0.950              781106              843797               38579
 1.000              904892              961063              100207
 1.050             3045853             3147707             4104887
 1.100             4166356             4369429             4772195
 1.150             4388364             4232538             4149909
 1.200             4065455             3823518             3206682
 1.250             2330271             2431058             2418181
 1.300              654044              805360             1910044
 1.350               67513              101548             1646793
 1.400                 740                3035             1459370
 1.450                   0                  67             1241944
 1.500                   0                  19              963057
 1.550                   0                   8              622050
 1.600                   0                   4              283578
 1.650                   0                   0               73993
 1.700                   0                   0                5922
 1.750                   0                   0                  24
 1.800                   0                   0                   3
 1.850                   0                   0                   0
 1.900                   0                   0                   0
 1.950                   0                   0                   0
 2.000                   0                   0                   0
 2.050                   0                   0                   0
 2.100                   0                   0                   0
 2.150                   0                   0                   0
 2.200                   0                   0                   0
 2.250                   0                   0                   0
 2.300                   0                   0                   0
 2.350                   0                   0                   0
 2.400                   0                   0                   0
 2.450                   0                   0                   0
 2.500                   0                   0                   0
 2.550                   0                   0                   0
 2.600                   0                   0                   0
 2.650                   0                   0                   0
 2.700                   0                   0                   0
 2.750                   0                   0                   0
 2.800                   0                   0                   0
 2.850                   0                   0                   0
 2.900                   0                   0                   0
 2.950                   0                   0                   0
 3.000                   0                   0                   0
 3.050                   0                   0                   0
 3.100                   0                   0                   0
 3.150                   0                   0                   0
 3.200                   0                   0                   0
 3.250                   0                   0                   0
 3.300                   0                   0                   0
 3.350                   0                   0                   0
 3.400                   0                   0                   0
 3.450                   0                   0                   0
 3.500                   0                   0                   0
 3.550                   0                   0                   0
 3.600                   0                   0                   0
 3.650                   0                   0                   0
 3.700                   0                   0                   0
 3.750                   0                   0                   0
 3.800                   0                   0                   0
 3.850                   0                   0                   0
 3.900                   0                   0                   0
 3.950                   0                   0                   0
 4.000                   0                   0                   0
 4.050                   0                   0                   0
 4.100                   0                   0                   0
 4.150                   0                   0                   0
 4.200                   0                   0                   0
 4.250                   0                   0                   0
 4.300                   0                   0                   0
 4.350                   0                   0                   0
 4.400                   0                   0                   0
 4.450                   0                   0                   0
 4.500                   0                   0                   0
 4.550                   0                   0                   0
 4.600                   0                   0                   0
 4.650                   0                   0                   0
 4.700                   0                   0                   0
 4.750                   0                   0                   0
 4.800                   0                   0                   0
 4.850                   0                   0                   0
 4.900                   0                   0                   0
 4.950                   0                   0                   0
