 0.000             5636475             5395280             6569826
 0.050              399466              317599              332767
 0.100              348152              312210              191635
 0.150              338328              318017               98904
 0.200              342926              328349               51350
 0.250              354145              340463               33979
 0.300              371195              353086               29399
 0.350              393586              369798               28317
 0.400              415433              392900               28432
 0.450              445369              420862               28369
 0.500              475707              454454               28647
 0.550              511945              493456               29028
 0.600              549743              536643               29482
 0.650              594293              586468               31029
 0.700              638904              638004               32182
 0.750              685916              694910               33985
 0.800              724111              757578               35777
 0.850              758850              815324               38343
 0.900              804173              871600               41967
 0.950              873946              944130               48731
 1.000             1519043             1579358             1553271
 1.050             3067403             3316083             4853503
 1.100             4541705             4586312             4843222
 1.150             5359861             4891212             3720492
 1.200             3159075             3179043             2601849
 1.250              799404             1106631             1906641
 1.300               67020              168159             1501292
 1.350                3008               10728             1242415
 1.400                   0                 416             1057886
 1.450                   0                  75              916095
 1.500                   0                  18              764985
 1.550                   0                  11              598792
 1.600                   0                   5              419904
 1.650                   0                   0              254333
 1.700                   0                   0              130550
 1.750                   0                   0               54757
 1.800                   0                   0               15166
 1.850                   0                   0                1841
 1.900                   0                   0                  38
 1.950                   0                   0                   1
 2.000                   0                   0                   0
 2.050                   0                   0                   0
 2.100                   0                   0                   0
 2.150                   0                   0                   0
 2.200                   0                   0                   0
 2.250                   0                   0                   0
 2.300                   0                   0                   0
 2.350                   0                   0                   0
 2.400                   0                   0                   0
 2.450                   0                   0                   0
 2.500                   0                   0                   0
 2.550                   0                   0                   0
 2.600                   0                   0                   0
 2.650                   0                   0                   0
 2.700                   0                   0                   0
 2.750                   0                   0                   0
 2.800                   0                   0                   0
 2.850                   0                   0                   0
 2.900                   0                   0                   0
 2.950                   0                   0                   0
 3.000                   0                   0                   0
 3.050                   0                   0                   0
 3.100                   0                   0                   0
 3.150                   0                   0                   0
 3.200                   0                   0                   0
 3.250                   0                   0                   0
 3.300                   0                   0                   0
 3.350                   0                   0                   0
 3.400                   0                   0                   0
 3.450                   0                   0                   0
 3.500                   0                   0                   0
 3.550                   0                   0                   0
 3.600                   0                   0                   0
 3.650                   0                   0                   0
 3.700                   0                   0                   0
 3.750                   0                   0                   0
 3.800                   0                   0                   0
 3.850                   0                   0                   0
 3.900                   0                   0                   0
 3.950                   0                   0                   0
 4.000                   0                   0                   0
 4.050                   0                   0                   0
 4.100                   0                   0                   0
 4.150                   0                   0                   0
 4.200                   0                   0                   0
 4.250                   0                   0                   0
 4.300                   0                   0                   0
 4.350                   0                   0                   0
 4.400                   0                   0                   0
 4.450                   0                   0                   0
 4.500                   0                   0                   0
 4.550                   0                   0                   0
 4.600                   0                   0                   0
 4.650                   0                   0                   0
 4.700                   0                   0                   0
 4.750                   0                   0                   0
 4.800                   0                   0                   0
 4.850                   0                   0                   0
 4.900                   0                   0                   0
 4.950                   0                   0                   0
