 0.000                6568                5910                6036
 0.050                 367                 429                 244
 0.100                 292                 537                 168
 0.150                 270                 435                 137
 0.200                 285                 313                 140
 0.250                 277                 263                 157
 0.300                 301                 268                 164
 0.350                 313                 305                 195
 0.400                 347                 353                 186
 0.450                 335                 328                 233
 0.500                 350                 355                 258
 0.550                 458                 477                 297
 0.600                 558                 566                 336
 0.650                 618                 629                 373
 0.700                 702                 725                 481
 0.750                 896                 966                 552
 0.800                1230                1283                 610
 0.850                1585                1641                 790
 0.900                2175                2354                 912
 0.950                4280                3999                1171
 1.000              901656              901236              897675
 1.050               32448               32557               26757
 1.100               25863               25663               16531
 1.150               21777               22054               18596
 1.200               11044               11223               17294
 1.250                3967                4059               13380
 1.300                1366                1393                9413
 1.350                 163                 170                5311
 1.400                   0                   0                1762
 1.450                   0                   0                 315
 1.500                   0                   0                  17
 1.550                   0                   0                   0
 1.600                   0                   0                   0
 1.650                   0                   0                   0
 1.700                   0                   0                   0
 1.750                   0                   0                   0
 1.800                   0                   0                   0
 1.850                   0                   0                   0
 1.900                   0                   0                   0
 1.950                   0                   0                   0
 2.000                   0                   0                   0
 2.050                   0                   0                   0
 2.100                   0                   0                   0
 2.150                   0                   0                   0
 2.200                   0                   0                   0
 2.250                   0                   0                   0
 2.300                   0                   0                   0
 2.350                   0                   0                   0
 2.400                   0                   0                   0
 2.450                   0                   0                   0
 2.500                   0                   0                   0
 2.550                   0                   0                   0
 2.600                   0                   0                   0
 2.650                   0                   0                   0
 2.700                   0                   0                   0
 2.750                   0                   0                   0
 2.800                   0                   0                   0
 2.850                   0                   0                   0
 2.900                   0                   0                   0
 2.950                   0                   0                   0
 3.000                   0                   0                   0
 3.050                   0                   0                   0
 3.100                   0                   0                   0
 3.150                   0                   0                   0
 3.200                   0                   0                   0
 3.250                   0                   0                   0
 3.300                   0                   0                   0
 3.350                   0                   0                   0
 3.400                   0                   0                   0
 3.450                   0                   0                   0
 3.500                   0                   0                   0
 3.550                   0                   0                   0
 3.600                   0                   0                   0
 3.650                   0                   0                   0
 3.700                   0                   0                   0
 3.750                   0                   0                   0
 3.800                   0                   0                   0
 3.850                   0                   0                   0
 3.900                   0                   0                   0
 3.950                   0                   0                   0
 4.000                   0                   0                   0
 4.050                   0                   0                   0
 4.100                   0                   0                   0
 4.150                   0                   0                   0
 4.200                   0                   0                   0
 4.250                   0                   0                   0
 4.300                   0                   0                   0
 4.350                   0                   0                   0
 4.400                   0                   0                   0
 4.450                   0                   0                   0
 4.500                   0                   0                   0
 4.550                   0                   0                   0
 4.600                   0                   0                   0
 4.650                   0                   0                   0
 4.700                   0                   0                   0
 4.750                   0                   0                   0
 4.800                   0                   0                   0
 4.850                   0                   0                   0
 4.900                   0                   0                   0
 4.950                   0                   0                   0
