 0.000                3349                3514                3024
 0.050                 335                 229                  91
 0.100                 273                 242                  88
 0.150                 282                 248                  71
 0.200                 249                 247                  88
 0.250                 242                 236                  96
 0.300                 257                 246                 106
 0.350                 297                 271                 138
 0.400                 310                 282                 145
 0.450                 319                 283                 171
 0.500                 340                 333                 154
 0.550                 339                 339                 154
 0.600                 382                 367                 179
 0.650                 408                 378                 196
 0.700                 409                 414                 200
 0.750                 462                 466                 222
 0.800                 517                 517                 231
 0.850                 549                 585                 232
 0.900                 580                 604                 286
 0.950                 735                 733                 331
 1.000              893181              893324              897593
 1.050               23034               23301               25188
 1.100               21333               21109               16714
 1.150               24014               23793               16479
 1.200               21131               21121               15984
 1.250               16456               16385               15206
 1.300                8531                8618               11641
 1.350                1926                2047                8397
 1.400                 262                 270                5092
 1.450                  12                  12                1758
 1.500                   0                   0                 250
 1.550                   0                   0                   9
 1.600                   0                   0                   0
 1.650                   0                   0                   0
 1.700                   0                   0                   0
 1.750                   0                   0                   0
 1.800                   0                   0                   0
 1.850                   0                   0                   0
 1.900                   0                   0                   0
 1.950                   0                   0                   0
 2.000                   0                   0                   0
 2.050                   0                   0                   0
 2.100                   0                   0                   0
 2.150                   0                   0                   0
 2.200                   0                   0                   0
 2.250                   0                   0                   0
 2.300                   0                   0                   0
 2.350                   0                   0                   0
 2.400                   0                   0                   0
 2.450                   0                   0                   0
 2.500                   0                   0                   0
 2.550                   0                   0                   0
 2.600                   0                   0                   0
 2.650                   0                   0                   0
 2.700                   0                   0                   0
 2.750                   0                   0                   0
 2.800                   0                   0                   0
 2.850                   0                   0                   0
 2.900                   0                   0                   0
 2.950                   0                   0                   0
 3.000                   0                   0                   0
 3.050                   0                   0                   0
 3.100                   0                   0                   0
 3.150                   0                   0                   0
 3.200                   0                   0                   0
 3.250                   0                   0                   0
 3.300                   0                   0                   0
 3.350                   0                   0                   0
 3.400                   0                   0                   0
 3.450                   0                   0                   0
 3.500                   0                   0                   0
 3.550                   0                   0                   0
 3.600                   0                   0                   0
 3.650                   0                   0                   0
 3.700                   0                   0                   0
 3.750                   0                   0                   0
 3.800                   0                   0                   0
 3.850                   0                   0                   0
 3.900                   0                   0                   0
 3.950                   0                   0                   0
 4.000                   0                   0                   0
 4.050                   0                   0                   0
 4.100                   0                   0                   0
 4.150                   0                   0                   0
 4.200                   0                   0                   0
 4.250                   0                   0                   0
 4.300                   0                   0                   0
 4.350                   0                   0                   0
 4.400                   0                   0                   0
 4.450                   0                   0                   0
 4.500                   0                   0                   0
 4.550                   0                   0                   0
 4.600                   0                   0                   0
 4.650                   0                   0                   0
 4.700                   0                   0                   0
 4.750                   0                   0                   0
 4.800                   0                   0                   0
 4.850                   0                   0                   0
 4.900                   0                   0                   0
 4.950                   0                   0                   0
