 0.000            18476155            16918431            17521846
 0.050              861829             1436960              229016
 0.100              703914             1201489              115015
 0.150              659860              786348               70776
 0.200              648577              653129               44817
 0.250              658639              643768               39916
 0.300              682359              666195               39788
 0.350              715488              706052               39196
 0.400              753967              751218               36068
 0.450              801504              801095               34555
 0.500              861480              862317               35999
 0.550              936591              938563               38877
 0.600             1024100             1022423               42699
 0.650             1119416             1119693               47121
 0.700             1245776             1239309               51559
 0.750             1417946             1401535               57227
 0.800             1657136             1632199               63271
 0.850             1983774             1950294               71513
 0.900             2488532             2444495               80852
 0.950             3357278             3310555               92564
 1.000             7804708             7690851             4237709
 1.050            17039675            16829119            13531725
 1.100            15961593            15940142            13211497
 1.150             6889900             7431162            10145281
 1.200             1885466             2176849             7150094
 1.250              236475              310297             5441735
 1.300               10421               17715             4421127
 1.350                   0                 326             3755025
 1.400                   0                  28             3232805
 1.450                   0                   2             2706136
 1.500                   0                   0             2039905
 1.550                   0                   0             1299399
 1.600                   0                   0              669718
 1.650                   0                   0              241808
 1.700                   0                   0               42937
 1.750                   0                   0                2952
 1.800                   0                   0                  31
 1.850                   0                   0                   0
 1.900                   0                   0                   0
 1.950                   0                   0                   0
 2.000                   0                   0                   0
 2.050                   0                   0                   0
 2.100                   0                   0                   0
 2.150                   0                   0                   0
 2.200                   0                   0                   0
 2.250                   0                   0                   0
 2.300                   0                   0                   0
 2.350                   0                   0                   0
 2.400                   0                   0                   0
 2.450                   0                   0                   0
 2.500                   0                   0                   0
 2.550                   0                   0                   0
 2.600                   0                   0                   0
 2.650                   0                   0                   0
 2.700                   0                   0                   0
 2.750                   0                   0                   0
 2.800                   0                   0                   0
 2.850                   0                   0                   0
 2.900                   0                   0                   0
 2.950                   0                   0                   0
 3.000                   0                   0                   0
 3.050                   0                   0                   0
 3.100                   0                   0                   0
 3.150                   0                   0                   0
 3.200                   0                   0                   0
 3.250                   0                   0                   0
 3.300                   0                   0                   0
 3.350                   0                   0                   0
 3.400                   0                   0                   0
 3.450                   0                   0                   0
 3.500                   0                   0                   0
 3.550                   0                   0                   0
 3.600                   0                   0                   0
 3.650                   0                   0                   0
 3.700                   0                   0                   0
 3.750                   0                   0                   0
 3.800                   0                   0                   0
 3.850                   0                   0                   0
 3.900                   0                   0                   0
 3.950                   0                   0                   0
 4.000                   0                   0                   0
 4.050                   0                   0                   0
 4.100                   0                   0                   0
 4.150                   0                   0                   0
 4.200                   0                   0                   0
 4.250                   0                   0                   0
 4.300                   0                   0                   0
 4.350                   0                   0                   0
 4.400                   0                   0                   0
 4.450                   0                   0                   0
 4.500                   0                   0                   0
 4.550                   0                   0                   0
 4.600                   0                   0                   0
 4.650                   0                   0                   0
 4.700                   0                   0                   0
 4.750                   0                   0                   0
 4.800                   0                   0                   0
 4.850                   0                   0                   0
 4.900                   0                   0                   0
 4.950                   0                   0                   0
