 0.000            18512918            16952856            17547947
 0.050              861268             1437870              246749
 0.100              708305             1209410              122793
 0.150              662219              786589               76223
 0.200              654825              656905               47737
 0.250              670441              650796               39092
 0.300              695541              680886               38333
 0.350              728537              720253               38056
 0.400              769372              764487               35957
 0.450              818522              816601               33698
 0.500              868752              871663               34826
 0.550              932457              936781               37316
 0.600             1012317             1014842               41075
 0.650             1106702             1110570               45633
 0.700             1243116             1234532               49999
 0.750             1417961             1403507               55320
 0.800             1666597             1638431               61035
 0.850             2018373             1977598               68378
 0.900             2518894             2481248               77528
 0.950             3408923             3353120               88884
 1.000             8223362             8110786             4669698
 1.050            18030870            17656270            13974031
 1.100            15691365            15835872            13458350
 1.150             6119533             6715755             9630576
 1.200             1494828             1755740             6905953
 1.250              153924              210998             5319444
 1.300                2862                8150             4316941
 1.350                   0                 236             3675113
 1.400                   0                  31             3152808
 1.450                   0                   0             2639777
 1.500                   0                   1             2029621
 1.550                   0                   0             1333612
 1.600                   0                   0              726137
 1.650                   0                   0              297753
 1.700                   0                   0               69182
 1.750                   0                   0                7020
 1.800                   0                   0                 189
 1.850                   0                   0                   0
 1.900                   0                   0                   0
 1.950                   0                   0                   0
 2.000                   0                   0                   0
 2.050                   0                   0                   0
 2.100                   0                   0                   0
 2.150                   0                   0                   0
 2.200                   0                   0                   0
 2.250                   0                   0                   0
 2.300                   0                   0                   0
 2.350                   0                   0                   0
 2.400                   0                   0                   0
 2.450                   0                   0                   0
 2.500                   0                   0                   0
 2.550                   0                   0                   0
 2.600                   0                   0                   0
 2.650                   0                   0                   0
 2.700                   0                   0                   0
 2.750                   0                   0                   0
 2.800                   0                   0                   0
 2.850                   0                   0                   0
 2.900                   0                   0                   0
 2.950                   0                   0                   0
 3.000                   0                   0                   0
 3.050                   0                   0                   0
 3.100                   0                   0                   0
 3.150                   0                   0                   0
 3.200                   0                   0                   0
 3.250                   0                   0                   0
 3.300                   0                   0                   0
 3.350                   0                   0                   0
 3.400                   0                   0                   0
 3.450                   0                   0                   0
 3.500                   0                   0                   0
 3.550                   0                   0                   0
 3.600                   0                   0                   0
 3.650                   0                   0                   0
 3.700                   0                   0                   0
 3.750                   0                   0                   0
 3.800                   0                   0                   0
 3.850                   0                   0                   0
 3.900                   0                   0                   0
 3.950                   0                   0                   0
 4.000                   0                   0                   0
 4.050                   0                   0                   0
 4.100                   0                   0                   0
 4.150                   0                   0                   0
 4.200                   0                   0                   0
 4.250                   0                   0                   0
 4.300                   0                   0                   0
 4.350                   0                   0                   0
 4.400                   0                   0                   0
 4.450                   0                   0                   0
 4.500                   0                   0                   0
 4.550                   0                   0                   0
 4.600                   0                   0                   0
 4.650                   0                   0                   0
 4.700                   0                   0                   0
 4.750                   0                   0                   0
 4.800                   0                   0                   0
 4.850                   0                   0                   0
 4.900                   0                   0                   0
 4.950                   0                   0                   0
