 0.000            18645019            17085102            17670408
 0.050              924272             1487568              261331
 0.100              756337             1238717              179574
 0.150              703953              829578              100569
 0.200              691535              696246               59186
 0.250              701744              680944               41759
 0.300              721017              705220               34999
 0.350              753585              745487               33426
 0.400              793981              790583               32661
 0.450              838223              839306               31603
 0.500              892648              895623               31748
 0.550              962577              965919               33068
 0.600             1048664             1048439               36320
 0.650             1158587             1154716               40223
 0.700             1304489             1289490               44420
 0.750             1479783             1468289               49058
 0.800             1721158             1698149               54722
 0.850             2047483             2024718               60791
 0.900             2591225             2557007               68492
 0.950             3622562             3563850               77836
 1.000             9489973             9423525             6552951
 1.050            20026990            19366784            14688318
 1.100            14795178            15133144            13819077
 1.150             4327070             5065713             9251452
 1.200              517670              738280             5999336
 1.250               15651               37489             4735792
 1.300                   0                1311             3982839
 1.350                   0                 148             3397796
 1.400                   0                  23             2928886
 1.450                   0                   4             2433023
 1.500                   0                   1             1901123
 1.550                   0                   1             1354202
 1.600                   0                   0              846955
 1.650                   0                   0              443113
 1.700                   0                   0              189774
 1.750                   0                   0               55227
 1.800                   0                   0                8216
 1.850                   0                   0                1074
 1.900                   0                   0                  26
 1.950                   0                   0                   0
 2.000                   0                   0                   0
 2.050                   0                   0                   0
 2.100                   0                   0                   0
 2.150                   0                   0                   0
 2.200                   0                   0                   0
 2.250                   0                   0                   0
 2.300                   0                   0                   0
 2.350                   0                   0                   0
 2.400                   0                   0                   0
 2.450                   0                   0                   0
 2.500                   0                   0                   0
 2.550                   0                   0                   0
 2.600                   0                   0                   0
 2.650                   0                   0                   0
 2.700                   0                   0                   0
 2.750                   0                   0                   0
 2.800                   0                   0                   0
 2.850                   0                   0                   0
 2.900                   0                   0                   0
 2.950                   0                   0                   0
 3.000                   0                   0                   0
 3.050                   0                   0                   0
 3.100                   0                   0                   0
 3.150                   0                   0                   0
 3.200                   0                   0                   0
 3.250                   0                   0                   0
 3.300                   0                   0                   0
 3.350                   0                   0                   0
 3.400                   0                   0                   0
 3.450                   0                   0                   0
 3.500                   0                   0                   0
 3.550                   0                   0                   0
 3.600                   0                   0                   0
 3.650                   0                   0                   0
 3.700                   0                   0                   0
 3.750                   0                   0                   0
 3.800                   0                   0                   0
 3.850                   0                   0                   0
 3.900                   0                   0                   0
 3.950                   0                   0                   0
 4.000                   0                   0                   0
 4.050                   0                   0                   0
 4.100                   0                   0                   0
 4.150                   0                   0                   0
 4.200                   0                   0                   0
 4.250                   0                   0                   0
 4.300                   0                   0                   0
 4.350                   0                   0                   0
 4.400                   0                   0                   0
 4.450                   0                   0                   0
 4.500                   0                   0                   0
 4.550                   0                   0                   0
 4.600                   0                   0                   0
 4.650                   0                   0                   0
 4.700                   0                   0                   0
 4.750                   0                   0                   0
 4.800                   0                   0                   0
 4.850                   0                   0                   0
 4.900                   0                   0                   0
 4.950                   0                   0                   0
