 0.000            18810181            17204526            17837594
 0.050              942333             1535096              261526
 0.100              770658             1260728              192596
 0.150              716502              846038              116084
 0.200              709259              714328               65316
 0.250              719169              700442               43571
 0.300              741949              725942               34947
 0.350              776264              762882               33127
 0.400              819706              812141               32042
 0.450              872924              869514               31582
 0.500              928857              932210               31555
 0.550              997195             1000279               33096
 0.600             1087321             1084165               35466
 0.650             1202570             1191990               39297
 0.700             1348452             1336135               43555
 0.750             1535243             1524444               48026
 0.800             1792600             1769779               53192
 0.850             2148886             2123002               60098
 0.900             2716680             2665977               66840
 0.950             3743362             3706805               76052
 1.000            10036457            10026671             6899665
 1.050            20158468            19440544            15325453
 1.100            13506402            13885090            13383819
 1.150             4125555             4851750             9041490
 1.200              483245              696586             6081512
 1.250               38755               59616             4582110
 1.300                   3                2123             3879439
 1.350                   0                 158             3308293
 1.400                   0                  27             2855812
 1.450                   0                   6             2368480
 1.500                   0                   1             1855705
 1.550                   0                   1             1342128
 1.600                   0                   0              869249
 1.650                   0                   0              482013
 1.700                   0                   0              220445
 1.750                   0                   0               78570
 1.800                   0                   0               17105
 1.850                   0                   0                1884
 1.900                   0                   0                 262
 1.950                   0                   0                   0
 2.000                   0                   0                   0
 2.050                   0                   0                   0
 2.100                   0                   0                   0
 2.150                   0                   0                   0
 2.200                   0                   0                   0
 2.250                   0                   0                   0
 2.300                   0                   0                   0
 2.350                   0                   0                   0
 2.400                   0                   0                   0
 2.450                   0                   0                   0
 2.500                   0                   0                   0
 2.550                   0                   0                   0
 2.600                   0                   0                   0
 2.650                   0                   0                   0
 2.700                   0                   0                   0
 2.750                   0                   0                   0
 2.800                   0                   0                   0
 2.850                   0                   0                   0
 2.900                   0                   0                   0
 2.950                   0                   0                   0
 3.000                   0                   0                   0
 3.050                   0                   0                   0
 3.100                   0                   0                   0
 3.150                   0                   0                   0
 3.200                   0                   0                   0
 3.250                   0                   0                   0
 3.300                   0                   0                   0
 3.350                   0                   0                   0
 3.400                   0                   0                   0
 3.450                   0                   0                   0
 3.500                   0                   0                   0
 3.550                   0                   0                   0
 3.600                   0                   0                   0
 3.650                   0                   0                   0
 3.700                   0                   0                   0
 3.750                   0                   0                   0
 3.800                   0                   0                   0
 3.850                   0                   0                   0
 3.900                   0                   0                   0
 3.950                   0                   0                   0
 4.000                   0                   0                   0
 4.050                   0                   0                   0
 4.100                   0                   0                   0
 4.150                   0                   0                   0
 4.200                   0                   0                   0
 4.250                   0                   0                   0
 4.300                   0                   0                   0
 4.350                   0                   0                   0
 4.400                   0                   0                   0
 4.450                   0                   0                   0
 4.500                   0                   0                   0
 4.550                   0                   0                   0
 4.600                   0                   0                   0
 4.650                   0                   0                   0
 4.700                   0                   0                   0
 4.750                   0                   0                   0
 4.800                   0                   0                   0
 4.850                   0                   0                   0
 4.900                   0                   0                   0
 4.950                   0                   0                   0
