 0.000            18415093            16846928            17477862
 0.050              861154             1433115              170662
 0.100              698352             1197460               90568
 0.150              645650              782048               49148
 0.200              632910              641069               42312
 0.250              639664              625322               45351
 0.300              655516              643901               46135
 0.350              685115              676695               40885
 0.400              724514              719458               37722
 0.450              772760              770534               37883
 0.500              829245              830104               40311
 0.550              893027              897667               43853
 0.600              969108              974563               47960
 0.650             1064583             1064546               52348
 0.700             1178620             1180714               58179
 0.750             1328256             1323587               64311
 0.800             1535922             1522492               72613
 0.850             1858169             1825989               82737
 0.900             2330251             2297568               93509
 0.950             3162727             3103036              105487
 1.000             6095681             6020541             2245570
 1.050            15217471            15107833            11971330
 1.100            15962828            15854572            13863528
 1.150             9812072            10176904            11411007
 1.200             3106791             3436433             7994634
 1.250              503775              613415             5739171
 1.300               16320               28765             4670954
 1.350                   0                 263             4027507
 1.400                   0                  44             3550448
 1.450                   0                   2             2840849
 1.500                   0                   5             1956724
 1.550                   0                   1             1108640
 1.600                   0                   0              431644
 1.650                   0                   0               79499
 1.700                   0                   0                4198
 1.750                   0                   0                  35
 1.800                   0                   0                   0
 1.850                   0                   0                   0
 1.900                   0                   0                   0
 1.950                   0                   0                   0
 2.000                   0                   0                   0
 2.050                   0                   0                   0
 2.100                   0                   0                   0
 2.150                   0                   0                   0
 2.200                   0                   0                   0
 2.250                   0                   0                   0
 2.300                   0                   0                   0
 2.350                   0                   0                   0
 2.400                   0                   0                   0
 2.450                   0                   0                   0
 2.500                   0                   0                   0
 2.550                   0                   0                   0
 2.600                   0                   0                   0
 2.650                   0                   0                   0
 2.700                   0                   0                   0
 2.750                   0                   0                   0
 2.800                   0                   0                   0
 2.850                   0                   0                   0
 2.900                   0                   0                   0
 2.950                   0                   0                   0
 3.000                   0                   0                   0
 3.050                   0                   0                   0
 3.100                   0                   0                   0
 3.150                   0                   0                   0
 3.200                   0                   0                   0
 3.250                   0                   0                   0
 3.300                   0                   0                   0
 3.350                   0                   0                   0
 3.400                   0                   0                   0
 3.450                   0                   0                   0
 3.500                   0                   0                   0
 3.550                   0                   0                   0
 3.600                   0                   0                   0
 3.650                   0                   0                   0
 3.700                   0                   0                   0
 3.750                   0                   0                   0
 3.800                   0                   0                   0
 3.850                   0                   0                   0
 3.900                   0                   0                   0
 3.950                   0                   0                   0
 4.000                   0                   0                   0
 4.050                   0                   0                   0
 4.100                   0                   0                   0
 4.150                   0                   0                   0
 4.200                   0                   0                   0
 4.250                   0                   0                   0
 4.300                   0                   0                   0
 4.350                   0                   0                   0
 4.400                   0                   0                   0
 4.450                   0                   0                   0
 4.500                   0                   0                   0
 4.550                   0                   0                   0
 4.600                   0                   0                   0
 4.650                   0                   0                   0
 4.700                   0                   0                   0
 4.750                   0                   0                   0
 4.800                   0                   0                   0
 4.850                   0                   0                   0
 4.900                   0                   0                   0
 4.950                   0                   0                   0
