 0.000            19011845            17366583            17966422
 0.050              946877             1579653              280338
 0.100              776010             1263375              193203
 0.150              724538              852796              123584
 0.200              717180              720324               69651
 0.250              732845              711616               44763
 0.300              759825              739911               35229
 0.350              793697              781297               32692
 0.400              835213              825829               31780
 0.450              879715              880312               31160
 0.500              936291              937858               31178
 0.550             1005114             1008933               32828
 0.600             1096610             1097683               35497
 0.650             1206002             1198633               38719
 0.700             1342942             1334131               42959
 0.750             1521188             1510859               47235
 0.800             1766333             1749009               52879
 0.850             2135011             2105131               59035
 0.900             2700494             2658473               65958
 0.950             3775809             3732583               75144
 1.000            10889514            10731725             7321248
 1.050            19911827            19278801            15384101
 1.100            12923652            13423611            13225668
 1.150             3978395             4628901             8857315
 1.200              452436              673507             6049488
 1.250               33140               58206             4564363
 1.300                1183                3705             3846193
 1.350                   0                 202             3270595
 1.400                   0                  30             2804255
 1.450                   0                   8             2334298
 1.500                   0                   0             1831991
 1.550                   0                   1             1337487
 1.600                   0                   0              880350
 1.650                   0                   0              501785
 1.700                   0                   0              237700
 1.750                   0                   0               90361
 1.800                   0                   0               23011
 1.850                   0                   0                2842
 1.900                   0                   0                 367
 1.950                   0                   0                  14
 2.000                   0                   0                   0
 2.050                   0                   0                   0
 2.100                   0                   0                   0
 2.150                   0                   0                   0
 2.200                   0                   0                   0
 2.250                   0                   0                   0
 2.300                   0                   0                   0
 2.350                   0                   0                   0
 2.400                   0                   0                   0
 2.450                   0                   0                   0
 2.500                   0                   0                   0
 2.550                   0                   0                   0
 2.600                   0                   0                   0
 2.650                   0                   0                   0
 2.700                   0                   0                   0
 2.750                   0                   0                   0
 2.800                   0                   0                   0
 2.850                   0                   0                   0
 2.900                   0                   0                   0
 2.950                   0                   0                   0
 3.000                   0                   0                   0
 3.050                   0                   0                   0
 3.100                   0                   0                   0
 3.150                   0                   0                   0
 3.200                   0                   0                   0
 3.250                   0                   0                   0
 3.300                   0                   0                   0
 3.350                   0                   0                   0
 3.400                   0                   0                   0
 3.450                   0                   0                   0
 3.500                   0                   0                   0
 3.550                   0                   0                   0
 3.600                   0                   0                   0
 3.650                   0                   0                   0
 3.700                   0                   0                   0
 3.750                   0                   0                   0
 3.800                   0                   0                   0
 3.850                   0                   0                   0
 3.900                   0                   0                   0
 3.950                   0                   0                   0
 4.000                   0                   0                   0
 4.050                   0                   0                   0
 4.100                   0                   0                   0
 4.150                   0                   0                   0
 4.200                   0                   0                   0
 4.250                   0                   0                   0
 4.300                   0                   0                   0
 4.350                   0                   0                   0
 4.400                   0                   0                   0
 4.450                   0                   0                   0
 4.500                   0                   0                   0
 4.550                   0                   0                   0
 4.600                   0                   0                   0
 4.650                   0                   0                   0
 4.700                   0                   0                   0
 4.750                   0                   0                   0
 4.800                   0                   0                   0
 4.850                   0                   0                   0
 4.900                   0                   0                   0
 4.950                   0                   0                   0
