 0.000            17761033            16399013            16391023
 0.050              698225             1297141               58235
 0.100              572290              989967               75995
 0.150              535586              618862              102269
 0.200              530168              525408               96427
 0.250              540938              525218               71987
 0.300              564042              553277               66513
 0.350              597341              592762               68638
 0.400              635649              639058               72919
 0.450              682068              688940               77955
 0.500              738272              749084               85417
 0.550              803804              814678               93077
 0.600              882509              894771              102063
 0.650              976506              987953              113026
 0.700             1087512             1093536              126451
 0.750             1223186             1225927              141094
 0.800             1393983             1387980              160598
 0.850             1620916             1605063              181422
 0.900             1942259             1914882              205282
 0.950             2391855             2373541              235123
 1.000             3158164             3146141              272637
 1.050             6528086             6504560             3011004
 1.100            16112664            16093338            11273853
 1.150            15623079            15630585            12198813
 1.200             9024290             9186496            12211593
 1.250             2888394             3037826            10641804
 1.300              356800              391789             8637941
 1.350               14155               15934             6854936
 1.400                   0                  26             4450585
 1.450                   0                  13             1634811
 1.500                   0                   3              169039
 1.550                   0                   2                1244
 1.600                   0                   0                   0
 1.650                   0                   0                   0
 1.700                   0                   0                   0
 1.750                   0                   0                   0
 1.800                   0                   0                   0
 1.850                   0                   0                   0
 1.900                   0                   0                   0
 1.950                   0                   0                   0
 2.000                   0                   0                   0
 2.050                   0                   0                   0
 2.100                   0                   0                   0
 2.150                   0                   0                   0
 2.200                   0                   0                   0
 2.250                   0                   0                   0
 2.300                   0                   0                   0
 2.350                   0                   0                   0
 2.400                   0                   0                   0
 2.450                   0                   0                   0
 2.500                   0                   0                   0
 2.550                   0                   0                   0
 2.600                   0                   0                   0
 2.650                   0                   0                   0
 2.700                   0                   0                   0
 2.750                   0                   0                   0
 2.800                   0                   0                   0
 2.850                   0                   0                   0
 2.900                   0                   0                   0
 2.950                   0                   0                   0
 3.000                   0                   0                   0
 3.050                   0                   0                   0
 3.100                   0                   0                   0
 3.150                   0                   0                   0
 3.200                   0                   0                   0
 3.250                   0                   0                   0
 3.300                   0                   0                   0
 3.350                   0                   0                   0
 3.400                   0                   0                   0
 3.450                   0                   0                   0
 3.500                   0                   0                   0
 3.550                   0                   0                   0
 3.600                   0                   0                   0
 3.650                   0                   0                   0
 3.700                   0                   0                   0
 3.750                   0                   0                   0
 3.800                   0                   0                   0
 3.850                   0                   0                   0
 3.900                   0                   0                   0
 3.950                   0                   0                   0
 4.000                   0                   0                   0
 4.050                   0                   0                   0
 4.100                   0                   0                   0
 4.150                   0                   0                   0
 4.200                   0                   0                   0
 4.250                   0                   0                   0
 4.300                   0                   0                   0
 4.350                   0                   0                   0
 4.400                   0                   0                   0
 4.450                   0                   0                   0
 4.500                   0                   0                   0
 4.550                   0                   0                   0
 4.600                   0                   0                   0
 4.650                   0                   0                   0
 4.700                   0                   0                   0
 4.750                   0                   0                   0
 4.800                   0                   0                   0
 4.850                   0                   0                   0
 4.900                   0                   0                   0
 4.950                   0                   0                   0
