 0.000            17880203            16471218            16632238
 0.050              713973             1273779               55584
 0.100              585348             1051439               51544
 0.150              545142              644758               77280
 0.200              538572              536435               85604
 0.250              550709              532380               69237
 0.300              571578              558553               57186
 0.350              598391              596010               57122
 0.400              637052              636496               60252
 0.450              682197              688794               64959
 0.500              732626              745731               69980
 0.550              788883              801022               76982
 0.600              856172              870735               83948
 0.650              934589              948873               92451
 0.700             1038337             1043554              103113
 0.750             1172791             1172232              115250
 0.800             1352313             1345700              130442
 0.850             1601266             1586630              147811
 0.900             1943439             1915258              165999
 0.950             2418954             2386508              188482
 1.000             3184865             3172661              217890
 1.050             8362510             8359162             5213605
 1.100            16519165            16524092            11925870
 1.150            14957171            14930885            12816365
 1.200             8086225             8271859            11518988
 1.250             2417988             2571961             9295639
 1.300              304135              336306             7463490
 1.350                5031                6555             5972940
 1.400                   0                  25             4376233
 1.450                   0                  12             2241599
 1.500                   0                   2              527636
 1.550                   0                   0               23852
 1.600                   0                   0                  54
 1.650                   0                   0                   0
 1.700                   0                   0                   0
 1.750                   0                   0                   0
 1.800                   0                   0                   0
 1.850                   0                   0                   0
 1.900                   0                   0                   0
 1.950                   0                   0                   0
 2.000                   0                   0                   0
 2.050                   0                   0                   0
 2.100                   0                   0                   0
 2.150                   0                   0                   0
 2.200                   0                   0                   0
 2.250                   0                   0                   0
 2.300                   0                   0                   0
 2.350                   0                   0                   0
 2.400                   0                   0                   0
 2.450                   0                   0                   0
 2.500                   0                   0                   0
 2.550                   0                   0                   0
 2.600                   0                   0                   0
 2.650                   0                   0                   0
 2.700                   0                   0                   0
 2.750                   0                   0                   0
 2.800                   0                   0                   0
 2.850                   0                   0                   0
 2.900                   0                   0                   0
 2.950                   0                   0                   0
 3.000                   0                   0                   0
 3.050                   0                   0                   0
 3.100                   0                   0                   0
 3.150                   0                   0                   0
 3.200                   0                   0                   0
 3.250                   0                   0                   0
 3.300                   0                   0                   0
 3.350                   0                   0                   0
 3.400                   0                   0                   0
 3.450                   0                   0                   0
 3.500                   0                   0                   0
 3.550                   0                   0                   0
 3.600                   0                   0                   0
 3.650                   0                   0                   0
 3.700                   0                   0                   0
 3.750                   0                   0                   0
 3.800                   0                   0                   0
 3.850                   0                   0                   0
 3.900                   0                   0                   0
 3.950                   0                   0                   0
 4.000                   0                   0                   0
 4.050                   0                   0                   0
 4.100                   0                   0                   0
 4.150                   0                   0                   0
 4.200                   0                   0                   0
 4.250                   0                   0                   0
 4.300                   0                   0                   0
 4.350                   0                   0                   0
 4.400                   0                   0                   0
 4.450                   0                   0                   0
 4.500                   0                   0                   0
 4.550                   0                   0                   0
 4.600                   0                   0                   0
 4.650                   0                   0                   0
 4.700                   0                   0                   0
 4.750                   0                   0                   0
 4.800                   0                   0                   0
 4.850                   0                   0                   0
 4.900                   0                   0                   0
 4.950                   0                   0                   0
