 0.000            19629698            17925116            18445714
 0.050             1012023             1653955              318075
 0.100              829250             1311612              226572
 0.150              769236              909774              141724
 0.200              755614              767814               84588
 0.250              757227              742026               52076
 0.300              771339              758131               37635
 0.350              799456              792840               32527
 0.400              832672              832889               31131
 0.450              872074              878604               30770
 0.500              926035              929953               31264
 0.550              991484              994803               32331
 0.600             1073991             1069751               34776
 0.650             1173409             1170538               38006
 0.700             1300841             1293326               41768
 0.750             1468707             1453379               46266
 0.800             1703393             1679808               51092
 0.850             2066850             2047555               57026
 0.900             2723520             2675523               64350
 0.950             3927586             3896046               73231
 1.000            10138499             9912737             6927746
 1.050            22763218            22040222            17023992
 1.100            12147586            12840190            13290102
 1.150             2716882             3393752             8386523
 1.200              284307              443870             5679063
 1.250                3011               21691             4380129
 1.300                   0                1693             3767021
 1.350                   0                 226             3240285
 1.400                   0                  47             2707052
 1.450                   0                  23             2218025
 1.500                   0                  10             1745079
 1.550                   0                   4             1277102
 1.600                   0                   0              878343
 1.650                   0                   0              547886
 1.700                   0                   0              297532
 1.750                   0                   0              136144
 1.800                   0                   0               49967
 1.850                   0                   0               12995
 1.900                   0                   0                1862
 1.950                   0                   0                 133
 2.000                   0                   0                   5
 2.050                   0                   0                   0
 2.100                   0                   0                   0
 2.150                   0                   0                   0
 2.200                   0                   0                   0
 2.250                   0                   0                   0
 2.300                   0                   0                   0
 2.350                   0                   0                   0
 2.400                   0                   0                   0
 2.450                   0                   0                   0
 2.500                   0                   0                   0
 2.550                   0                   0                   0
 2.600                   0                   0                   0
 2.650                   0                   0                   0
 2.700                   0                   0                   0
 2.750                   0                   0                   0
 2.800                   0                   0                   0
 2.850                   0                   0                   0
 2.900                   0                   0                   0
 2.950                   0                   0                   0
 3.000                   0                   0                   0
 3.050                   0                   0                   0
 3.100                   0                   0                   0
 3.150                   0                   0                   0
 3.200                   0                   0                   0
 3.250                   0                   0                   0
 3.300                   0                   0                   0
 3.350                   0                   0                   0
 3.400                   0                   0                   0
 3.450                   0                   0                   0
 3.500                   0                   0                   0
 3.550                   0                   0                   0
 3.600                   0                   0                   0
 3.650                   0                   0                   0
 3.700                   0                   0                   0
 3.750                   0                   0                   0
 3.800                   0                   0                   0
 3.850                   0                   0                   0
 3.900                   0                   0                   0
 3.950                   0                   0                   0
 4.000                   0                   0                   0
 4.050                   0                   0                   0
 4.100                   0                   0                   0
 4.150                   0                   0                   0
 4.200                   0                   0                   0
 4.250                   0                   0                   0
 4.300                   0                   0                   0
 4.350                   0                   0                   0
 4.400                   0                   0                   0
 4.450                   0                   0                   0
 4.500                   0                   0                   0
 4.550                   0                   0                   0
 4.600                   0                   0                   0
 4.650                   0                   0                   0
 4.700                   0                   0                   0
 4.750                   0                   0                   0
 4.800                   0                   0                   0
 4.850                   0                   0                   0
 4.900                   0                   0                   0
 4.950                   0                   0                   0
