 0.000            18219489            16709278            17152506
 0.050              780111             1330858               96797
 0.100              636403             1147937               42041
 0.150              590678              714613               42998
 0.200              580006              584128               56318
 0.250              587798              571428               57461
 0.300              604610              592360               50671
 0.350              627478              624564               43305
 0.400              654736              660050               42642
 0.450              691445              698929               45460
 0.500              739417              749099               48912
 0.550              796609              805312               53286
 0.600              861101              874803               58379
 0.650              948128              956407               65298
 0.700             1056905             1055556               71947
 0.750             1192387             1185159               80559
 0.800             1377614             1363442               91040
 0.850             1638446             1617523              101478
 0.900             2042799             2000750              115279
 0.950             2662619             2627770              132385
 1.000             3998508             3947917              289774
 1.050            12953562            12958481            10140127
 1.100            16380728            16343604            13401982
 1.150            12646532            12691711            13533863
 1.200             5591266             5900316             9394311
 1.250             1224128             1346841             6537941
 1.300              131193              154144             5346686
 1.350                4783                6442             4648131
 1.400                   0                  39             3739802
 1.450                   0                  13             2708763
 1.500                   0                   3             1511381
 1.550                   0                   2              468969
 1.600                   0                   0               48037
 1.650                   0                   0                 950
 1.700                   0                   0                   0
 1.750                   0                   0                   0
 1.800                   0                   0                   0
 1.850                   0                   0                   0
 1.900                   0                   0                   0
 1.950                   0                   0                   0
 2.000                   0                   0                   0
 2.050                   0                   0                   0
 2.100                   0                   0                   0
 2.150                   0                   0                   0
 2.200                   0                   0                   0
 2.250                   0                   0                   0
 2.300                   0                   0                   0
 2.350                   0                   0                   0
 2.400                   0                   0                   0
 2.450                   0                   0                   0
 2.500                   0                   0                   0
 2.550                   0                   0                   0
 2.600                   0                   0                   0
 2.650                   0                   0                   0
 2.700                   0                   0                   0
 2.750                   0                   0                   0
 2.800                   0                   0                   0
 2.850                   0                   0                   0
 2.900                   0                   0                   0
 2.950                   0                   0                   0
 3.000                   0                   0                   0
 3.050                   0                   0                   0
 3.100                   0                   0                   0
 3.150                   0                   0                   0
 3.200                   0                   0                   0
 3.250                   0                   0                   0
 3.300                   0                   0                   0
 3.350                   0                   0                   0
 3.400                   0                   0                   0
 3.450                   0                   0                   0
 3.500                   0                   0                   0
 3.550                   0                   0                   0
 3.600                   0                   0                   0
 3.650                   0                   0                   0
 3.700                   0                   0                   0
 3.750                   0                   0                   0
 3.800                   0                   0                   0
 3.850                   0                   0                   0
 3.900                   0                   0                   0
 3.950                   0                   0                   0
 4.000                   0                   0                   0
 4.050                   0                   0                   0
 4.100                   0                   0                   0
 4.150                   0                   0                   0
 4.200                   0                   0                   0
 4.250                   0                   0                   0
 4.300                   0                   0                   0
 4.350                   0                   0                   0
 4.400                   0                   0                   0
 4.450                   0                   0                   0
 4.500                   0                   0                   0
 4.550                   0                   0                   0
 4.600                   0                   0                   0
 4.650                   0                   0                   0
 4.700                   0                   0                   0
 4.750                   0                   0                   0
 4.800                   0                   0                   0
 4.850                   0                   0                   0
 4.900                   0                   0                   0
 4.950                   0                   0                   0
