 0.000            18568932            17022970            17580711
 0.050              884163             1443882              263586
 0.100              723166             1206511              151254
 0.150              674836              807721               82726
 0.200              665801              668966               54739
 0.250              677676              657463               38962
 0.300              701667              682846               35898
 0.350              732187              721952               35188
 0.400              771907              767892               34215
 0.450              813634              817941               32568
 0.500              865791              872957               32589
 0.550              928280              936349               35018
 0.600             1002045             1008860               38291
 0.650             1103233             1101857               41965
 0.700             1234345             1224802               46944
 0.750             1407661             1389448               51795
 0.800             1640101             1623353               57297
 0.850             1976046             1954866               63315
 0.900             2552283             2494148               71851
 0.950             3611596             3522796               81914
 1.000             9110152             8994040             5611078
 1.050            19311489            18759112            14436229
 1.100            15415753            15724299            13969581
 1.150             5065305             5766482             9045352
 1.200              743245              974161             6378966
 1.250               43786               76958             5051335
 1.300                1173                3471             4136236
 1.350                   0                 133             3532214
 1.400                   0                  15             3051716
 1.450                   0                   1             2534579
 1.500                   0                   1             1966292
 1.550                   0                   0             1357608
 1.600                   0                   0              794394
 1.650                   0                   0              378554
 1.700                   0                   0              127255
 1.750                   0                   0               21867
 1.800                   0                   0                2138
 1.850                   0                   0                  33
 1.900                   0                   0                   0
 1.950                   0                   0                   0
 2.000                   0                   0                   0
 2.050                   0                   0                   0
 2.100                   0                   0                   0
 2.150                   0                   0                   0
 2.200                   0                   0                   0
 2.250                   0                   0                   0
 2.300                   0                   0                   0
 2.350                   0                   0                   0
 2.400                   0                   0                   0
 2.450                   0                   0                   0
 2.500                   0                   0                   0
 2.550                   0                   0                   0
 2.600                   0                   0                   0
 2.650                   0                   0                   0
 2.700                   0                   0                   0
 2.750                   0                   0                   0
 2.800                   0                   0                   0
 2.850                   0                   0                   0
 2.900                   0                   0                   0
 2.950                   0                   0                   0
 3.000                   0                   0                   0
 3.050                   0                   0                   0
 3.100                   0                   0                   0
 3.150                   0                   0                   0
 3.200                   0                   0                   0
 3.250                   0                   0                   0
 3.300                   0                   0                   0
 3.350                   0                   0                   0
 3.400                   0                   0                   0
 3.450                   0                   0                   0
 3.500                   0                   0                   0
 3.550                   0                   0                   0
 3.600                   0                   0                   0
 3.650                   0                   0                   0
 3.700                   0                   0                   0
 3.750                   0                   0                   0
 3.800                   0                   0                   0
 3.850                   0                   0                   0
 3.900                   0                   0                   0
 3.950                   0                   0                   0
 4.000                   0                   0                   0
 4.050                   0                   0                   0
 4.100                   0                   0                   0
 4.150                   0                   0                   0
 4.200                   0                   0                   0
 4.250                   0                   0                   0
 4.300                   0                   0                   0
 4.350                   0                   0                   0
 4.400                   0                   0                   0
 4.450                   0                   0                   0
 4.500                   0                   0                   0
 4.550                   0                   0                   0
 4.600                   0                   0                   0
 4.650                   0                   0                   0
 4.700                   0                   0                   0
 4.750                   0                   0                   0
 4.800                   0                   0                   0
 4.850                   0                   0                   0
 4.900                   0                   0                   0
 4.950                   0                   0                   0
