 0.000            18603937            17055671            17618356
 0.050              911989             1464171              267089
 0.100              749294             1226771              173629
 0.150              700282              830672               93469
 0.200              685710              692867               57778
 0.250              693245              678291               40898
 0.300              714705              700723               35200
 0.350              744493              735726               33740
 0.400              781450              776389               33139
 0.450              826214              826395               31694
 0.500              877148              882902               31727
 0.550              947786              948820               33732
 0.600             1034240             1033791               36457
 0.650             1146606             1139377               40714
 0.700             1275369             1269963               44871
 0.750             1449100             1434942               49950
 0.800             1684616             1661905               55462
 0.850             1998627             1982749               61397
 0.900             2534390             2501153               69371
 0.950             3591745             3528754               78826
 1.000             9689891             9544553             6255186
 1.050            19480021            18888552            14570163
 1.100            15234611            15576625            13962742
 1.150             4566166             5299843             9153026
 1.200              505655              722177             6085109
 1.250               12673               34777             4821411
 1.300                   0                1262             4043688
 1.350                   0                 122             3442752
 1.400                   0                  16             2967615
 1.450                   0                   3             2468928
 1.500                   0                   0             1931225
 1.550                   0                   1             1364779
 1.600                   0                   0              835604
 1.650                   0                   0              426356
 1.700                   0                   0              173677
 1.750                   0                   0               43897
 1.800                   0                   0                5635
 1.850                   0                   0                 671
 1.900                   0                   0                   0
 1.950                   0                   0                   0
 2.000                   0                   0                   0
 2.050                   0                   0                   0
 2.100                   0                   0                   0
 2.150                   0                   0                   0
 2.200                   0                   0                   0
 2.250                   0                   0                   0
 2.300                   0                   0                   0
 2.350                   0                   0                   0
 2.400                   0                   0                   0
 2.450                   0                   0                   0
 2.500                   0                   0                   0
 2.550                   0                   0                   0
 2.600                   0                   0                   0
 2.650                   0                   0                   0
 2.700                   0                   0                   0
 2.750                   0                   0                   0
 2.800                   0                   0                   0
 2.850                   0                   0                   0
 2.900                   0                   0                   0
 2.950                   0                   0                   0
 3.000                   0                   0                   0
 3.050                   0                   0                   0
 3.100                   0                   0                   0
 3.150                   0                   0                   0
 3.200                   0                   0                   0
 3.250                   0                   0                   0
 3.300                   0                   0                   0
 3.350                   0                   0                   0
 3.400                   0                   0                   0
 3.450                   0                   0                   0
 3.500                   0                   0                   0
 3.550                   0                   0                   0
 3.600                   0                   0                   0
 3.650                   0                   0                   0
 3.700                   0                   0                   0
 3.750                   0                   0                   0
 3.800                   0                   0                   0
 3.850                   0                   0                   0
 3.900                   0                   0                   0
 3.950                   0                   0                   0
 4.000                   0                   0                   0
 4.050                   0                   0                   0
 4.100                   0                   0                   0
 4.150                   0                   0                   0
 4.200                   0                   0                   0
 4.250                   0                   0                   0
 4.300                   0                   0                   0
 4.350                   0                   0                   0
 4.400                   0                   0                   0
 4.450                   0                   0                   0
 4.500                   0                   0                   0
 4.550                   0                   0                   0
 4.600                   0                   0                   0
 4.650                   0                   0                   0
 4.700                   0                   0                   0
 4.750                   0                   0                   0
 4.800                   0                   0                   0
 4.850                   0                   0                   0
 4.900                   0                   0                   0
 4.950                   0                   0                   0
