 0.000            18716941            17135402            17733740
 0.050              936732             1512121              257644
 0.100              763970             1249442              188965
 0.150              708747              839160              108286
 0.200              696331              702032               61559
 0.250              706688              688603               42681
 0.300              729737              712940               34907
 0.350              764555              752260               33235
 0.400              805695              798876               32364
 0.450              856997              855357               31505
 0.500              913674              915725               31557
 0.550              984583              986371               33142
 0.600             1065312             1068672               35975
 0.650             1173886             1171660               39452
 0.700             1315102             1306204               44209
 0.750             1511822             1490308               48481
 0.800             1762947             1734667               53781
 0.850             2136986             2094870               60737
 0.900             2683695             2651100               67437
 0.950             3666198             3647754               76936
 1.000             9703347             9662087             6708532
 1.050            20043475            19379716            15035993
 1.100            14275138            14574760            13559509
 1.150             4153982             4914715             9239424
 1.200              524269              732722             6021506
 1.250               23064               44736             4644824
 1.300                   0                1425             3919663
 1.350                   0                 157             3356748
 1.400                   0                  24             2893757
 1.450                   0                   5             2400827
 1.500                   0                   1             1874514
 1.550                   0                   1             1345827
 1.600                   0                   0              857611
 1.650                   0                   0              462681
 1.700                   0                   0              204764
 1.750                   0                   0               67357
 1.800                   0                   0               12135
 1.850                   0                   0                1507
 1.900                   0                   0                 101
 1.950                   0                   0                   0
 2.000                   0                   0                   0
 2.050                   0                   0                   0
 2.100                   0                   0                   0
 2.150                   0                   0                   0
 2.200                   0                   0                   0
 2.250                   0                   0                   0
 2.300                   0                   0                   0
 2.350                   0                   0                   0
 2.400                   0                   0                   0
 2.450                   0                   0                   0
 2.500                   0                   0                   0
 2.550                   0                   0                   0
 2.600                   0                   0                   0
 2.650                   0                   0                   0
 2.700                   0                   0                   0
 2.750                   0                   0                   0
 2.800                   0                   0                   0
 2.850                   0                   0                   0
 2.900                   0                   0                   0
 2.950                   0                   0                   0
 3.000                   0                   0                   0
 3.050                   0                   0                   0
 3.100                   0                   0                   0
 3.150                   0                   0                   0
 3.200                   0                   0                   0
 3.250                   0                   0                   0
 3.300                   0                   0                   0
 3.350                   0                   0                   0
 3.400                   0                   0                   0
 3.450                   0                   0                   0
 3.500                   0                   0                   0
 3.550                   0                   0                   0
 3.600                   0                   0                   0
 3.650                   0                   0                   0
 3.700                   0                   0                   0
 3.750                   0                   0                   0
 3.800                   0                   0                   0
 3.850                   0                   0                   0
 3.900                   0                   0                   0
 3.950                   0                   0                   0
 4.000                   0                   0                   0
 4.050                   0                   0                   0
 4.100                   0                   0                   0
 4.150                   0                   0                   0
 4.200                   0                   0                   0
 4.250                   0                   0                   0
 4.300                   0                   0                   0
 4.350                   0                   0                   0
 4.400                   0                   0                   0
 4.450                   0                   0                   0
 4.500                   0                   0                   0
 4.550                   0                   0                   0
 4.600                   0                   0                   0
 4.650                   0                   0                   0
 4.700                   0                   0                   0
 4.750                   0                   0                   0
 4.800                   0                   0                   0
 4.850                   0                   0                   0
 4.900                   0                   0                   0
 4.950                   0                   0                   0
