 0.000            18378602            16808049            17349409
 0.050              825855             1390966              144061
 0.100              669795             1195218               61545
 0.150              619350              752932               41440
 0.200              606156              609609               46760
 0.250              608000              592195               52078
 0.300              624627              614200               48210
 0.350              649933              645328               42395
 0.400              681553              683074               39602
 0.450              721117              727466               41355
 0.500              770401              779828               44098
 0.550              831710              838331               48175
 0.600              905200              910679               52525
 0.650              991300              999443               58073
 0.700             1106013             1106263               64487
 0.750             1265819             1250574               72295
 0.800             1462846             1446735               81847
 0.850             1738614             1715477               92207
 0.900             2172793             2130922              103223
 0.950             2890939             2847293              117809
 1.000             4657176             4621733              886887
 1.050            14404682            14351583            11267801
 1.100            16240884            16096314            13826703
 1.150            11311659            11562112            12802236
 1.200             4369403             4684842             8415718
 1.250              813691              939071             5981611
 1.300               68179               85210             4905443
 1.350                 709                1512             4332399
 1.400                   0                  32             3712407
 1.450                   0                  10             2781247
 1.500                   0                   4             1803907
 1.550                   0                   1              847637
 1.600                   0                   0              206517
 1.650                   0                   0               14738
 1.700                   0                   0                 161
 1.750                   0                   0                   0
 1.800                   0                   0                   0
 1.850                   0                   0                   0
 1.900                   0                   0                   0
 1.950                   0                   0                   0
 2.000                   0                   0                   0
 2.050                   0                   0                   0
 2.100                   0                   0                   0
 2.150                   0                   0                   0
 2.200                   0                   0                   0
 2.250                   0                   0                   0
 2.300                   0                   0                   0
 2.350                   0                   0                   0
 2.400                   0                   0                   0
 2.450                   0                   0                   0
 2.500                   0                   0                   0
 2.550                   0                   0                   0
 2.600                   0                   0                   0
 2.650                   0                   0                   0
 2.700                   0                   0                   0
 2.750                   0                   0                   0
 2.800                   0                   0                   0
 2.850                   0                   0                   0
 2.900                   0                   0                   0
 2.950                   0                   0                   0
 3.000                   0                   0                   0
 3.050                   0                   0                   0
 3.100                   0                   0                   0
 3.150                   0                   0                   0
 3.200                   0                   0                   0
 3.250                   0                   0                   0
 3.300                   0                   0                   0
 3.350                   0                   0                   0
 3.400                   0                   0                   0
 3.450                   0                   0                   0
 3.500                   0                   0                   0
 3.550                   0                   0                   0
 3.600                   0                   0                   0
 3.650                   0                   0                   0
 3.700                   0                   0                   0
 3.750                   0                   0                   0
 3.800                   0                   0                   0
 3.850                   0                   0                   0
 3.900                   0                   0                   0
 3.950                   0                   0                   0
 4.000                   0                   0                   0
 4.050                   0                   0                   0
 4.100                   0                   0                   0
 4.150                   0                   0                   0
 4.200                   0                   0                   0
 4.250                   0                   0                   0
 4.300                   0                   0                   0
 4.350                   0                   0                   0
 4.400                   0                   0                   0
 4.450                   0                   0                   0
 4.500                   0                   0                   0
 4.550                   0                   0                   0
 4.600                   0                   0                   0
 4.650                   0                   0                   0
 4.700                   0                   0                   0
 4.750                   0                   0                   0
 4.800                   0                   0                   0
 4.850                   0                   0                   0
 4.900                   0                   0                   0
 4.950                   0                   0                   0
