 0.000            17627555            16319219            16047349
 0.050              673685             1358925               85674
 0.100              552467              914467              120924
 0.150              518125              571836              139307
 0.200              514816              501132              101977
 0.250              530790              511341               84603
 0.300              561651              547856               84897
 0.350              600940              594146               88909
 0.400              650239              650153               94690
 0.450              704006              708711              102120
 0.500              771364              777571              111654
 0.550              842208              855096              121360
 0.600              927225              937737              134481
 0.650             1019270             1030313              148411
 0.700             1124767             1134190              165363
 0.750             1261086             1268082              187235
 0.800             1435873             1432237              211519
 0.850             1665178             1650917              239198
 0.900             1981562             1962920              272213
 0.950             2446229             2429553              313782
 1.000             3251477             3223450              367237
 1.050             5342682             5278299             1415668
 1.100            14829436            14814650            10091475
 1.150            16483127            16501913            11646004
 1.200            10055540            10237529            12989163
 1.250             3063362             3193881            11828611
 1.300              365778              393628            10237753
 1.350                5423                6067             7778840
 1.400                   0                  27             3917174
 1.450                   0                  11              668974
 1.500                   0                   4                9296
 1.550                   0                   0                   0
 1.600                   0                   0                   0
 1.650                   0                   0                   0
 1.700                   0                   0                   0
 1.750                   0                   0                   0
 1.800                   0                   0                   0
 1.850                   0                   0                   0
 1.900                   0                   0                   0
 1.950                   0                   0                   0
 2.000                   0                   0                   0
 2.050                   0                   0                   0
 2.100                   0                   0                   0
 2.150                   0                   0                   0
 2.200                   0                   0                   0
 2.250                   0                   0                   0
 2.300                   0                   0                   0
 2.350                   0                   0                   0
 2.400                   0                   0                   0
 2.450                   0                   0                   0
 2.500                   0                   0                   0
 2.550                   0                   0                   0
 2.600                   0                   0                   0
 2.650                   0                   0                   0
 2.700                   0                   0                   0
 2.750                   0                   0                   0
 2.800                   0                   0                   0
 2.850                   0                   0                   0
 2.900                   0                   0                   0
 2.950                   0                   0                   0
 3.000                   0                   0                   0
 3.050                   0                   0                   0
 3.100                   0                   0                   0
 3.150                   0                   0                   0
 3.200                   0                   0                   0
 3.250                   0                   0                   0
 3.300                   0                   0                   0
 3.350                   0                   0                   0
 3.400                   0                   0                   0
 3.450                   0                   0                   0
 3.500                   0                   0                   0
 3.550                   0                   0                   0
 3.600                   0                   0                   0
 3.650                   0                   0                   0
 3.700                   0                   0                   0
 3.750                   0                   0                   0
 3.800                   0                   0                   0
 3.850                   0                   0                   0
 3.900                   0                   0                   0
 3.950                   0                   0                   0
 4.000                   0                   0                   0
 4.050                   0                   0                   0
 4.100                   0                   0                   0
 4.150                   0                   0                   0
 4.200                   0                   0                   0
 4.250                   0                   0                   0
 4.300                   0                   0                   0
 4.350                   0                   0                   0
 4.400                   0                   0                   0
 4.450                   0                   0                   0
 4.500                   0                   0                   0
 4.550                   0                   0                   0
 4.600                   0                   0                   0
 4.650                   0                   0                   0
 4.700                   0                   0                   0
 4.750                   0                   0                   0
 4.800                   0                   0                   0
 4.850                   0                   0                   0
 4.900                   0                   0                   0
 4.950                   0                   0                   0
