 0.000               11022               11095               10986
 0.050                 472                 394                 481
 0.100                 392                 398                 310
 0.150                 416                 367                 202
 0.200                 403                 370                 201
 0.250                 416                 398                 218
 0.300                 399                 393                 281
 0.350                 431                 386                 249
 0.400                 427                 429                 271
 0.450                 428                 418                 321
 0.500                 459                 441                 334
 0.550                 482                 510                 346
 0.600                 578                 532                 339
 0.650                 587                 583                 398
 0.700                 655                 652                 419
 0.750                 736                 732                 461
 0.800                 826                 837                 459
 0.850                 889                 933                 537
 0.900                1078                1115                 621
 0.950                1425                1570                 643
 1.000              821235              821294              820369
 1.050               58031               58033               58072
 1.100               41231               40641               34092
 1.150               48222               47926               30244
 1.200               25869               26358               27163
 1.250                6561                6867               21894
 1.300                 330                 328               13445
 1.350                   0                   0                 644
 1.400                   0                   0                   0
 1.450                   0                   0                   0
 1.500                   0                   0                   0
 1.550                   0                   0                   0
 1.600                   0                   0                   0
 1.650                   0                   0                   0
 1.700                   0                   0                   0
 1.750                   0                   0                   0
 1.800                   0                   0                   0
 1.850                   0                   0                   0
 1.900                   0                   0                   0
 1.950                   0                   0                   0
 2.000                   0                   0                   0
 2.050                   0                   0                   0
 2.100                   0                   0                   0
 2.150                   0                   0                   0
 2.200                   0                   0                   0
 2.250                   0                   0                   0
 2.300                   0                   0                   0
 2.350                   0                   0                   0
 2.400                   0                   0                   0
 2.450                   0                   0                   0
 2.500                   0                   0                   0
 2.550                   0                   0                   0
 2.600                   0                   0                   0
 2.650                   0                   0                   0
 2.700                   0                   0                   0
 2.750                   0                   0                   0
 2.800                   0                   0                   0
 2.850                   0                   0                   0
 2.900                   0                   0                   0
 2.950                   0                   0                   0
 3.000                   0                   0                   0
 3.050                   0                   0                   0
 3.100                   0                   0                   0
 3.150                   0                   0                   0
 3.200                   0                   0                   0
 3.250                   0                   0                   0
 3.300                   0                   0                   0
 3.350                   0                   0                   0
 3.400                   0                   0                   0
 3.450                   0                   0                   0
 3.500                   0                   0                   0
 3.550                   0                   0                   0
 3.600                   0                   0                   0
 3.650                   0                   0                   0
 3.700                   0                   0                   0
 3.750                   0                   0                   0
 3.800                   0                   0                   0
 3.850                   0                   0                   0
 3.900                   0                   0                   0
 3.950                   0                   0                   0
 4.000                   0                   0                   0
 4.050                   0                   0                   0
 4.100                   0                   0                   0
 4.150                   0                   0                   0
 4.200                   0                   0                   0
 4.250                   0                   0                   0
 4.300                   0                   0                   0
 4.350                   0                   0                   0
 4.400                   0                   0                   0
 4.450                   0                   0                   0
 4.500                   0                   0                   0
 4.550                   0                   0                   0
 4.600                   0                   0                   0
 4.650                   0                   0                   0
 4.700                   0                   0                   0
 4.750                   0                   0                   0
 4.800                   0                   0                   0
 4.850                   0                   0                   0
 4.900                   0                   0                   0
 4.950                   0                   0                   0
