 0.000            13120234            11953011            16729715
 0.050              849967              515459              857035
 0.100              708490              663499              624938
 0.150              663691              766905              457997
 0.200              657876              806174              336815
 0.250              670630              802797              259412
 0.300              693090              783101              215462
 0.350              724330              776325              188389
 0.400              763729              787354              168339
 0.450              805754              823741              151576
 0.500              865298              875239              141472
 0.550              940751              945211              137096
 0.600             1036360             1032341              139526
 0.650             1149586             1140119              147754
 0.700             1295492             1277914              159749
 0.750             1491538             1461884              173155
 0.800             1770431             1724437              188637
 0.850             2183995             2088187              209005
 0.900             2816710             2653300              237474
 0.950             3916447             3639310              276119
 1.000             9609036             9218866             7793520
 1.050            21799548            19610471            15159748
 1.100            16095496            16172878            12141883
 1.150             5762780             7669266             8194525
 1.200             1209280             2640121             5616601
 1.250               47198              584973             4208721
 1.300                 701              147436             3382878
 1.350                  14               51801             2864021
 1.400                   1               21117             2563199
 1.450                   1                8796             2265823
 1.500                   0                3737             1889631
 1.550                   0                1561             1465951
 1.600                   0                 658             1042543
 1.650                   0                 248              663995
 1.700                   0                 118              365020
 1.750                   0                  55              163520
 1.800                   0                  22               54546
 1.850                   0                  13               11455
 1.900                   0                   4                1171
 1.950                   0                   2                  37
 2.000                   0                   1                   1
 2.050                   0                   1                   0
 2.100                   0                   0                   0
 2.150                   0                   1                   0
 2.200                   0                   0                   0
 2.250                   0                   0                   0
 2.300                   0                   0                   0
 2.350                   0                   0                   0
 2.400                   0                   0                   0
 2.450                   0                   0                   0
 2.500                   0                   0                   0
 2.550                   0                   0                   0
 2.600                   0                   0                   0
 2.650                   0                   0                   0
 2.700                   0                   0                   0
 2.750                   0                   0                   0
 2.800                   0                   0                   0
 2.850                   0                   0                   0
 2.900                   0                   0                   0
 2.950                   0                   0                   0
 3.000                   0                   0                   0
 3.050                   0                   0                   0
 3.100                   0                   0                   0
 3.150                   0                   0                   0
 3.200                   0                   0                   0
 3.250                   0                   0                   0
 3.300                   0                   0                   0
 3.350                   0                   0                   0
 3.400                   0                   0                   0
 3.450                   0                   0                   0
 3.500                   0                   0                   0
 3.550                   0                   0                   0
 3.600                   0                   0                   0
 3.650                   0                   0                   0
 3.700                   0                   0                   0
 3.750                   0                   0                   0
 3.800                   0                   0                   0
 3.850                   0                   0                   0
 3.900                   0                   0                   0
 3.950                   0                   0                   0
 4.000                   0                   0                   0
 4.050                   0                   0                   0
 4.100                   0                   0                   0
 4.150                   0                   0                   0
 4.200                   0                   0                   0
 4.250                   0                   0                   0
 4.300                   0                   0                   0
 4.350                   0                   0                   0
 4.400                   0                   0                   0
 4.450                   0                   0                   0
 4.500                   0                   0                   0
 4.550                   0                   0                   0
 4.600                   0                   0                   0
 4.650                   0                   0                   0
 4.700                   0                   0                   0
 4.750                   0                   0                   0
 4.800                   0                   0                   0
 4.850                   0                   0                   0
 4.900                   0                   0                   0
 4.950                   0                   0                   0
