 0.000            12036754            11566475            15178967
 0.050              577200              421862               97475
 0.100              477087              466791              100973
 0.150              444458              510822              108346
 0.200              437008              533232              117377
 0.250              446422              539081              131517
 0.300              467481              540423              152579
 0.350              498175              550005              168741
 0.400              537781              574841              183444
 0.450              586287              617133              194966
 0.500              645378              671578              202105
 0.550              717542              736071              211419
 0.600              802880              810033              247168
 0.650              904307              889731              301952
 0.700             1019666              986625              308483
 0.750             1163529             1093127              321219
 0.800             1341882             1233675              342323
 0.850             1577753             1419483              458071
 0.900             1882218             1687660              485207
 0.950             2304596             2082635              514969
 1.000             2959139             2738698              737461
 1.050             5481833             5354754             3005357
 1.100            26717593            26866563            22227653
 1.150            24755998            25629161            26743629
 1.200              579872              836500            16819916
 1.250                 260                4960                1548
 1.300                   7                 848                 194
 1.350                   0                 242                  29
 1.400                   0                  70                  10
 1.450                   0                  20                   5
 1.500                   0                   5                   2
 1.550                   0                   2                   1
 1.600                   0                   0                   0
 1.650                   0                   0                   0
 1.700                   0                   0                   0
 1.750                   0                   0                   0
 1.800                   0                   0                   0
 1.850                   0                   0                   0
 1.900                   0                   0                   0
 1.950                   0                   0                   0
 2.000                   0                   0                   0
 2.050                   0                   0                   0
 2.100                   0                   0                   0
 2.150                   0                   0                   0
 2.200                   0                   0                   0
 2.250                   0                   0                   0
 2.300                   0                   0                   0
 2.350                   0                   0                   0
 2.400                   0                   0                   0
 2.450                   0                   0                   0
 2.500                   0                   0                   0
 2.550                   0                   0                   0
 2.600                   0                   0                   0
 2.650                   0                   0                   0
 2.700                   0                   0                   0
 2.750                   0                   0                   0
 2.800                   0                   0                   0
 2.850                   0                   0                   0
 2.900                   0                   0                   0
 2.950                   0                   0                   0
 3.000                   0                   0                   0
 3.050                   0                   0                   0
 3.100                   0                   0                   0
 3.150                   0                   0                   0
 3.200                   0                   0                   0
 3.250                   0                   0                   0
 3.300                   0                   0                   0
 3.350                   0                   0                   0
 3.400                   0                   0                   0
 3.450                   0                   0                   0
 3.500                   0                   0                   0
 3.550                   0                   0                   0
 3.600                   0                   0                   0
 3.650                   0                   0                   0
 3.700                   0                   0                   0
 3.750                   0                   0                   0
 3.800                   0                   0                   0
 3.850                   0                   0                   0
 3.900                   0                   0                   0
 3.950                   0                   0                   0
 4.000                   0                   0                   0
 4.050                   0                   0                   0
 4.100                   0                   0                   0
 4.150                   0                   0                   0
 4.200                   0                   0                   0
 4.250                   0                   0                   0
 4.300                   0                   0                   0
 4.350                   0                   0                   0
 4.400                   0                   0                   0
 4.450                   0                   0                   0
 4.500                   0                   0                   0
 4.550                   0                   0                   0
 4.600                   0                   0                   0
 4.650                   0                   0                   0
 4.700                   0                   0                   0
 4.750                   0                   0                   0
 4.800                   0                   0                   0
 4.850                   0                   0                   0
 4.900                   0                   0                   0
 4.950                   0                   0                   0
