 0.000            12914837            11803149            16492297
 0.050              808450              459851              776590
 0.100              671372              616944              563293
 0.150              630581              734733              413564
 0.200              621777              778958              305175
 0.250              632037              776323              246851
 0.300              657712              754696              208194
 0.350              692006              740219              181065
 0.400              735391              750901              158785
 0.450              787226              788270              139951
 0.500              853186              844329              126772
 0.550              930859              915219              122924
 0.600             1015328             1003932              126686
 0.650             1117240             1111093              135338
 0.700             1248430             1240852              146028
 0.750             1422180             1408222              159956
 0.800             1667376             1630875              175287
 0.850             2031885             1951317              195158
 0.900             2587418             2445212              221350
 0.950             3446845             3278219              256803
 1.000             8651569             8456767             6922026
 1.050            18965707            17646583            14404330
 1.100            17650344            16446037            12193562
 1.150             8584422            10130102             8493710
 1.200             1625690             3360178             6069281
 1.250              210637              810119             4488886
 1.300               12757              193826             3555696
 1.350                 131               58448             3110083
 1.400                   3               22287             2786514
 1.450                   2                9325             2430755
 1.500                   0                3834             2004411
 1.550                   0                1489             1511423
 1.600                   0                 635             1029323
 1.650                   0                 275              608420
 1.700                   0                  96              291916
 1.750                   0                  51              100089
 1.800                   0                  16               19431
 1.850                   0                   8                1451
 1.900                   0                   3                  24
 1.950                   0                   1                   0
 2.000                   0                   2                   0
 2.050                   0                   2                   0
 2.100                   0                   0                   0
 2.150                   0                   0                   0
 2.200                   0                   0                   0
 2.250                   0                   0                   0
 2.300                   0                   0                   0
 2.350                   0                   0                   0
 2.400                   0                   0                   0
 2.450                   0                   0                   0
 2.500                   0                   0                   0
 2.550                   0                   0                   0
 2.600                   0                   0                   0
 2.650                   0                   0                   0
 2.700                   0                   0                   0
 2.750                   0                   0                   0
 2.800                   0                   0                   0
 2.850                   0                   0                   0
 2.900                   0                   0                   0
 2.950                   0                   0                   0
 3.000                   0                   0                   0
 3.050                   0                   0                   0
 3.100                   0                   0                   0
 3.150                   0                   0                   0
 3.200                   0                   0                   0
 3.250                   0                   0                   0
 3.300                   0                   0                   0
 3.350                   0                   0                   0
 3.400                   0                   0                   0
 3.450                   0                   0                   0
 3.500                   0                   0                   0
 3.550                   0                   0                   0
 3.600                   0                   0                   0
 3.650                   0                   0                   0
 3.700                   0                   0                   0
 3.750                   0                   0                   0
 3.800                   0                   0                   0
 3.850                   0                   0                   0
 3.900                   0                   0                   0
 3.950                   0                   0                   0
 4.000                   0                   0                   0
 4.050                   0                   0                   0
 4.100                   0                   0                   0
 4.150                   0                   0                   0
 4.200                   0                   0                   0
 4.250                   0                   0                   0
 4.300                   0                   0                   0
 4.350                   0                   0                   0
 4.400                   0                   0                   0
 4.450                   0                   0                   0
 4.500                   0                   0                   0
 4.550                   0                   0                   0
 4.600                   0                   0                   0
 4.650                   0                   0                   0
 4.700                   0                   0                   0
 4.750                   0                   0                   0
 4.800                   0                   0                   0
 4.850                   0                   0                   0
 4.900                   0                   0                   0
 4.950                   0                   0                   0
