 0.000            12212234            11431401            15862042
 0.050              538857              363792              774610
 0.100              447987              490345              107504
 0.150              421099              566333              111852
 0.200              422585              574715              118198
 0.250              443293              551314              127822
 0.300              477143              536613              142164
 0.350              522727              551750              160506
 0.400              582333              598828              174937
 0.450              655549              671154              189400
 0.500              747408              759047              198191
 0.550              855440              869259              207012
 0.600              986422              996024              218934
 0.650             1145586             1147811              259226
 0.700             1334307             1330984              295485
 0.750             1559791             1545329              305622
 0.800             1849274             1800520              320485
 0.850             2229482             2116949              354043
 0.900             2743310             2516981              448522
 0.950             3421974             3081216              474888
 1.000             4394716             3964962              535602
 1.050             6262715             5800586             1174925
 1.100            18464274            18464293            12797513
 1.150            23705750            24503438            19584611
 1.200             2957963             4064984            22268140
 1.250                 402               65533            12167695
 1.300                   0               13113                2354
 1.350                   0                3614                 264
 1.400                   0                1095                  51
 1.450                   0                 390                  15
 1.500                   0                 162                   7
 1.550                   0                  57                   0
 1.600                   0                  20                   0
 1.650                   0                   6                   1
 1.700                   0                   2                   0
 1.750                   0                   1                   0
 1.800                   0                   0                   0
 1.850                   0                   0                   0
 1.900                   0                   0                   0
 1.950                   0                   0                   0
 2.000                   0                   0                   0
 2.050                   0                   0                   0
 2.100                   0                   0                   0
 2.150                   0                   0                   0
 2.200                   0                   0                   0
 2.250                   0                   0                   0
 2.300                   0                   0                   0
 2.350                   0                   0                   0
 2.400                   0                   0                   0
 2.450                   0                   0                   0
 2.500                   0                   0                   0
 2.550                   0                   0                   0
 2.600                   0                   0                   0
 2.650                   0                   0                   0
 2.700                   0                   0                   0
 2.750                   0                   0                   0
 2.800                   0                   0                   0
 2.850                   0                   0                   0
 2.900                   0                   0                   0
 2.950                   0                   0                   0
 3.000                   0                   0                   0
 3.050                   0                   0                   0
 3.100                   0                   0                   0
 3.150                   0                   0                   0
 3.200                   0                   0                   0
 3.250                   0                   0                   0
 3.300                   0                   0                   0
 3.350                   0                   0                   0
 3.400                   0                   0                   0
 3.450                   0                   0                   0
 3.500                   0                   0                   0
 3.550                   0                   0                   0
 3.600                   0                   0                   0
 3.650                   0                   0                   0
 3.700                   0                   0                   0
 3.750                   0                   0                   0
 3.800                   0                   0                   0
 3.850                   0                   0                   0
 3.900                   0                   0                   0
 3.950                   0                   0                   0
 4.000                   0                   0                   0
 4.050                   0                   0                   0
 4.100                   0                   0                   0
 4.150                   0                   0                   0
 4.200                   0                   0                   0
 4.250                   0                   0                   0
 4.300                   0                   0                   0
 4.350                   0                   0                   0
 4.400                   0                   0                   0
 4.450                   0                   0                   0
 4.500                   0                   0                   0
 4.550                   0                   0                   0
 4.600                   0                   0                   0
 4.650                   0                   0                   0
 4.700                   0                   0                   0
 4.750                   0                   0                   0
 4.800                   0                   0                   0
 4.850                   0                   0                   0
 4.900                   0                   0                   0
 4.950                   0                   0                   0
