 0.000            13402717            12219285            16825346
 0.050              862962              512327              922657
 0.100              717535              661429              719358
 0.150              673213              773107              513567
 0.200              668229              815073              371358
 0.250              677214              811840              279603
 0.300              699001              793131              226846
 0.350              727078              787271              194262
 0.400              765707              796089              173828
 0.450              811903              828169              159780
 0.500              866761              878324              148799
 0.550              940173              949500              144341
 0.600             1028327             1035872              147300
 0.650             1141109             1149720              153928
 0.700             1291420             1285449              165575
 0.750             1487288             1467411              179706
 0.800             1753258             1718392              196882
 0.850             2140077             2084247              218934
 0.900             2779006             2666903              247087
 0.950             3887599             3692330              288654
 1.000             9395287             8843908             7666456
 1.050            23765409            20698206            14912195
 1.100            16040537            16413093            12559016
 1.150             4861020             7401590             8586262
 1.200              756560             2124979             5433640
 1.250               56579              544077             4042468
 1.300                 307              150621             3311653
 1.350                  49               54801             2853387
 1.400                  11               22497             2500281
 1.450                   0                9620             2202723
 1.500                   0                4022             1861584
 1.550                   0                1710             1463073
 1.600                   0                 768             1065352
 1.650                   0                 305              705069
 1.700                   0                 145              419422
 1.750                   0                  67              212360
 1.800                   0                  36               88933
 1.850                   0                  15               28120
 1.900                   0                   3                5870
 1.950                   0                   3                 640
 2.000                   0                   1                  21
 2.050                   0                   0                   0
 2.100                   0                   0                   0
 2.150                   0                   0                   0
 2.200                   0                   0                   0
 2.250                   0                   0                   0
 2.300                   0                   0                   0
 2.350                   0                   0                   0
 2.400                   0                   0                   0
 2.450                   0                   0                   0
 2.500                   0                   0                   0
 2.550                   0                   0                   0
 2.600                   0                   0                   0
 2.650                   0                   0                   0
 2.700                   0                   0                   0
 2.750                   0                   0                   0
 2.800                   0                   0                   0
 2.850                   0                   0                   0
 2.900                   0                   0                   0
 2.950                   0                   0                   0
 3.000                   0                   0                   0
 3.050                   0                   0                   0
 3.100                   0                   0                   0
 3.150                   0                   0                   0
 3.200                   0                   0                   0
 3.250                   0                   0                   0
 3.300                   0                   0                   0
 3.350                   0                   0                   0
 3.400                   0                   0                   0
 3.450                   0                   0                   0
 3.500                   0                   0                   0
 3.550                   0                   0                   0
 3.600                   0                   0                   0
 3.650                   0                   0                   0
 3.700                   0                   0                   0
 3.750                   0                   0                   0
 3.800                   0                   0                   0
 3.850                   0                   0                   0
 3.900                   0                   0                   0
 3.950                   0                   0                   0
 4.000                   0                   0                   0
 4.050                   0                   0                   0
 4.100                   0                   0                   0
 4.150                   0                   0                   0
 4.200                   0                   0                   0
 4.250                   0                   0                   0
 4.300                   0                   0                   0
 4.350                   0                   0                   0
 4.400                   0                   0                   0
 4.450                   0                   0                   0
 4.500                   0                   0                   0
 4.550                   0                   0                   0
 4.600                   0                   0                   0
 4.650                   0                   0                   0
 4.700                   0                   0                   0
 4.750                   0                   0                   0
 4.800                   0                   0                   0
 4.850                   0                   0                   0
 4.900                   0                   0                   0
 4.950                   0                   0                   0
