 0.000            12797052            11854895            16217349
 0.050              637525              320308              514388
 0.100              529309              481191              350830
 0.150              493218              603492              312996
 0.200              486636              648848              298626
 0.250              496779              636105              274717
 0.300              518954              605821              216100
 0.350              544804              587669              137880
 0.400              578624              595476               84470
 0.450              617669              628444               74229
 0.500              667889              674941               79112
 0.550              729323              732813               84728
 0.600              802116              802962               92317
 0.650              890687              891690              100482
 0.700              997576              993589              107827
 0.750             1129029             1121009              116804
 0.800             1296302             1282602              128076
 0.850             1521749             1506571              141955
 0.900             1846629             1827619              160180
 0.950             2355020             2327656              184690
 1.000             3330027             3229529              242925
 1.050            11276965            11154602             9649059
 1.100            17841063            16630151            11734507
 1.150            16534380            15867120            10043488
 1.200             8437797             9633190             8764799
 1.250             2274213             3415638             6977835
 1.300              292292              712381             5755169
 1.350               11855              116823             4970102
 1.400                 421               32697             4340462
 1.450                   2               11901             3605825
 1.500                   0                4789             2545021
 1.550                   2                1978             1294549
 1.600                   1                 804              316540
 1.650                   0                 375               17770
 1.700                   0                 129                  90
 1.750                   0                  53                   9
 1.800                   0                  29                   1
 1.850                   0                  11                   1
 1.900                   0                   3                   0
 1.950                   0                   1                   0
 2.000                   0                   2                   0
 2.050                   0                   0                   0
 2.100                   0                   1                   0
 2.150                   0                   0                   0
 2.200                   0                   0                   0
 2.250                   0                   0                   0
 2.300                   0                   0                   0
 2.350                   0                   0                   0
 2.400                   0                   0                   0
 2.450                   0                   0                   0
 2.500                   0                   0                   0
 2.550                   0                   0                   0
 2.600                   0                   0                   0
 2.650                   0                   0                   0
 2.700                   0                   0                   0
 2.750                   0                   0                   0
 2.800                   0                   0                   0
 2.850                   0                   0                   0
 2.900                   0                   0                   0
 2.950                   0                   0                   0
 3.000                   0                   0                   0
 3.050                   0                   0                   0
 3.100                   0                   0                   0
 3.150                   0                   0                   0
 3.200                   0                   0                   0
 3.250                   0                   0                   0
 3.300                   0                   0                   0
 3.350                   0                   0                   0
 3.400                   0                   0                   0
 3.450                   0                   0                   0
 3.500                   0                   0                   0
 3.550                   0                   0                   0
 3.600                   0                   0                   0
 3.650                   0                   0                   0
 3.700                   0                   0                   0
 3.750                   0                   0                   0
 3.800                   0                   0                   0
 3.850                   0                   0                   0
 3.900                   0                   0                   0
 3.950                   0                   0                   0
 4.000                   0                   0                   0
 4.050                   0                   0                   0
 4.100                   0                   0                   0
 4.150                   0                   0                   0
 4.200                   0                   0                   0
 4.250                   0                   0                   0
 4.300                   0                   0                   0
 4.350                   0                   0                   0
 4.400                   0                   0                   0
 4.450                   0                   0                   0
 4.500                   0                   0                   0
 4.550                   0                   0                   0
 4.600                   0                   0                   0
 4.650                   0                   0                   0
 4.700                   0                   0                   0
 4.750                   0                   0                   0
 4.800                   0                   0                   0
 4.850                   0                   0                   0
 4.900                   0                   0                   0
 4.950                   0                   0                   0
