 0.000            12484143            11552849            15271433
 0.050              516009              377154             1643914
 0.100              428903              561438              651094
 0.150              404287              621064              114099
 0.200              406275              576310              110152
 0.250              424528              514566              116162
 0.300              453881              490783              124372
 0.350              501623              509911              136190
 0.400              561861              556806              150943
 0.450              638435              630256              163674
 0.500              733867              724735              175278
 0.550              853387              842534              184325
 0.600              995062              984639              193985
 0.650             1171890             1157168              205362
 0.700             1384656             1365742              237274
 0.750             1642671             1623063              267933
 0.800             1980890             1934914              279625
 0.850             2421285             2318653              296500
 0.900             2998020             2810988              329850
 0.950             3767756             3456994              403306
 1.000             4832365             4384553              441670
 1.050             6447080             5933351              603288
 1.100            14085486            13828181             7769372
 1.150            21618101            21978261            13816494
 1.200             7474122             9037893            16300319
 1.250              221303              594172            18262518
 1.300                   0               55674            10969265
 1.350                   0               16062              228993
 1.400                   0                5608                 394
 1.450                   0                2199                  73
 1.500                   0                 819                  19
 1.550                   0                 318                   8
 1.600                   0                 144                   1
 1.650                   0                  55                   0
 1.700                   0                  17                   1
 1.750                   0                   7                   0
 1.800                   0                   5                   0
 1.850                   0                   0                   0
 1.900                   0                   0                   0
 1.950                   0                   0                   0
 2.000                   0                   0                   0
 2.050                   0                   0                   0
 2.100                   0                   0                   0
 2.150                   0                   0                   0
 2.200                   0                   0                   0
 2.250                   0                   0                   0
 2.300                   0                   0                   0
 2.350                   0                   0                   0
 2.400                   0                   0                   0
 2.450                   0                   0                   0
 2.500                   0                   0                   0
 2.550                   0                   0                   0
 2.600                   0                   0                   0
 2.650                   0                   0                   0
 2.700                   0                   0                   0
 2.750                   0                   0                   0
 2.800                   0                   0                   0
 2.850                   0                   0                   0
 2.900                   0                   0                   0
 2.950                   0                   0                   0
 3.000                   0                   0                   0
 3.050                   0                   0                   0
 3.100                   0                   0                   0
 3.150                   0                   0                   0
 3.200                   0                   0                   0
 3.250                   0                   0                   0
 3.300                   0                   0                   0
 3.350                   0                   0                   0
 3.400                   0                   0                   0
 3.450                   0                   0                   0
 3.500                   0                   0                   0
 3.550                   0                   0                   0
 3.600                   0                   0                   0
 3.650                   0                   0                   0
 3.700                   0                   0                   0
 3.750                   0                   0                   0
 3.800                   0                   0                   0
 3.850                   0                   0                   0
 3.900                   0                   0                   0
 3.950                   0                   0                   0
 4.000                   0                   0                   0
 4.050                   0                   0                   0
 4.100                   0                   0                   0
 4.150                   0                   0                   0
 4.200                   0                   0                   0
 4.250                   0                   0                   0
 4.300                   0                   0                   0
 4.350                   0                   0                   0
 4.400                   0                   0                   0
 4.450                   0                   0                   0
 4.500                   0                   0                   0
 4.550                   0                   0                   0
 4.600                   0                   0                   0
 4.650                   0                   0                   0
 4.700                   0                   0                   0
 4.750                   0                   0                   0
 4.800                   0                   0                   0
 4.850                   0                   0                   0
 4.900                   0                   0                   0
 4.950                   0                   0                   0
