 0.000            12787728            11768126            16312635
 0.050              701431              369362              628710
 0.100              583563              531211              407453
 0.150              545064              654900              322442
 0.200              535731              699806              284110
 0.250              545124              690587              252176
 0.300              566157              659482              217027
 0.350              596064              648224              170601
 0.400              631745              652742              122319
 0.450              674824              682671               93995
 0.500              728087              728404               89474
 0.550              789194              789409               95146
 0.600              859154              862096              102189
 0.650              944551              947203              110695
 0.700             1049955             1055048              120743
 0.750             1188624             1189014              131131
 0.800             1381635             1372288              143757
 0.850             1658712             1635706              159480
 0.900             2087211             2023795              179964
 0.950             2817609             2658810              208452
 1.000             4952120             4647871             1390674
 1.050            13639696            13449950            12086223
 1.100            18317297            16873632            12040807
 1.150            14526417            14467482            10035995
 1.200             5641045             7254897             7611142
 1.250             1318568             2285817             5880995
 1.300              127857              461734             4911247
 1.350               10208               98493             4183343
 1.400                  35               28294             3705186
 1.450                   0               10940             3133114
 1.500                   0                4387             2442967
 1.550                   0                1798             1604342
 1.600                   0                 729              789366
 1.650                   0                 293              218211
 1.700                   0                 110               19081
 1.750                   0                  64                 205
 1.800                   0                  18                   7
 1.850                   0                   7                   1
 1.900                   0                   3                   1
 1.950                   0                   2                   0
 2.000                   0                   0                   0
 2.050                   0                   0                   0
 2.100                   0                   1                   0
 2.150                   0                   0                   0
 2.200                   0                   0                   0
 2.250                   0                   0                   0
 2.300                   0                   0                   0
 2.350                   0                   0                   0
 2.400                   0                   0                   0
 2.450                   0                   0                   0
 2.500                   0                   0                   0
 2.550                   0                   0                   0
 2.600                   0                   0                   0
 2.650                   0                   0                   0
 2.700                   0                   0                   0
 2.750                   0                   0                   0
 2.800                   0                   0                   0
 2.850                   0                   0                   0
 2.900                   0                   0                   0
 2.950                   0                   0                   0
 3.000                   0                   0                   0
 3.050                   0                   0                   0
 3.100                   0                   0                   0
 3.150                   0                   0                   0
 3.200                   0                   0                   0
 3.250                   0                   0                   0
 3.300                   0                   0                   0
 3.350                   0                   0                   0
 3.400                   0                   0                   0
 3.450                   0                   0                   0
 3.500                   0                   0                   0
 3.550                   0                   0                   0
 3.600                   0                   0                   0
 3.650                   0                   0                   0
 3.700                   0                   0                   0
 3.750                   0                   0                   0
 3.800                   0                   0                   0
 3.850                   0                   0                   0
 3.900                   0                   0                   0
 3.950                   0                   0                   0
 4.000                   0                   0                   0
 4.050                   0                   0                   0
 4.100                   0                   0                   0
 4.150                   0                   0                   0
 4.200                   0                   0                   0
 4.250                   0                   0                   0
 4.300                   0                   0                   0
 4.350                   0                   0                   0
 4.400                   0                   0                   0
 4.450                   0                   0                   0
 4.500                   0                   0                   0
 4.550                   0                   0                   0
 4.600                   0                   0                   0
 4.650                   0                   0                   0
 4.700                   0                   0                   0
 4.750                   0                   0                   0
 4.800                   0                   0                   0
 4.850                   0                   0                   0
 4.900                   0                   0                   0
 4.950                   0                   0                   0
