 0.000            12832609            11918997            16118611
 0.050              589242              301413              482029
 0.100              491313              454377              348489
 0.150              460242              580917              341711
 0.200              454655              622814              348613
 0.250              463144              599152              305075
 0.300              485170              562777              193924
 0.350              511965              545425               94372
 0.400              546214              559169               69352
 0.450              589751              593433               72671
 0.500              642856              644732               77440
 0.550              701447              704710               84164
 0.600              771664              778496               91242
 0.650              856492              865309               97981
 0.700              961533              972620              105579
 0.750             1099946             1102120              113318
 0.800             1280572             1268304              124185
 0.850             1510164             1496024              138157
 0.900             1824295             1805941              155368
 0.950             2288097             2272740              176313
 1.000             3107969             3040418              204953
 1.050             8805368             8594512             6047780
 1.100            16772243            15899618            11091855
 1.150            17734588            16817718            10325493
 1.200            10436682            11403536             9369275
 1.250             3132623             4312435             8037068
 1.300              429730              887657             6833445
 1.350               23804              143698             6003931
 1.400                  64               34283             5236860
 1.450                   0               12487             4077950
 1.500                   0                5066             2359220
 1.550                   0                2081              642110
 1.600                   0                 850               35765
 1.650                   0                 362                 122
 1.700                   0                 151                  19
 1.750                   0                  57                   1
 1.800                   0                  24                   1
 1.850                   0                  10                   0
 1.900                   0                   6                   0
 1.950                   0                   2                   0
 2.000                   0                   0                   0
 2.050                   0                   0                   0
 2.100                   0                   0                   0
 2.150                   0                   1                   0
 2.200                   0                   0                   0
 2.250                   0                   0                   0
 2.300                   0                   0                   0
 2.350                   0                   0                   0
 2.400                   0                   0                   0
 2.450                   0                   0                   0
 2.500                   0                   0                   0
 2.550                   0                   0                   0
 2.600                   0                   0                   0
 2.650                   0                   0                   0
 2.700                   0                   0                   0
 2.750                   0                   0                   0
 2.800                   0                   0                   0
 2.850                   0                   0                   0
 2.900                   0                   0                   0
 2.950                   0                   0                   0
 3.000                   0                   0                   0
 3.050                   0                   0                   0
 3.100                   0                   0                   0
 3.150                   0                   0                   0
 3.200                   0                   0                   0
 3.250                   0                   0                   0
 3.300                   0                   0                   0
 3.350                   0                   0                   0
 3.400                   0                   0                   0
 3.450                   0                   0                   0
 3.500                   0                   0                   0
 3.550                   0                   0                   0
 3.600                   0                   0                   0
 3.650                   0                   0                   0
 3.700                   0                   0                   0
 3.750                   0                   0                   0
 3.800                   0                   0                   0
 3.850                   0                   0                   0
 3.900                   0                   0                   0
 3.950                   0                   0                   0
 4.000                   0                   0                   0
 4.050                   0                   0                   0
 4.100                   0                   0                   0
 4.150                   0                   0                   0
 4.200                   0                   0                   0
 4.250                   0                   0                   0
 4.300                   0                   0                   0
 4.350                   0                   0                   0
 4.400                   0                   0                   0
 4.450                   0                   0                   0
 4.500                   0                   0                   0
 4.550                   0                   0                   0
 4.600                   0                   0                   0
 4.650                   0                   0                   0
 4.700                   0                   0                   0
 4.750                   0                   0                   0
 4.800                   0                   0                   0
 4.850                   0                   0                   0
 4.900                   0                   0                   0
 4.950                   0                   0                   0
