 0.000            13574242            12369624            16935159
 0.050              881491              527245              909473
 0.100              733413              664102              773803
 0.150              690287              769489              581459
 0.200              682930              819331              411534
 0.250              691365              828734              306532
 0.300              710992              812854              241878
 0.350              738908              804742              204518
 0.400              773698              810802              181634
 0.450              818508              839693              165948
 0.500              867714              886450              156976
 0.550              924711              948092              152471
 0.600              998975             1027215              154569
 0.650             1101860             1127923              161037
 0.700             1230770             1260610              170578
 0.750             1409337             1435005              185133
 0.800             1686726             1686271              203582
 0.850             2104124             2063289              225112
 0.900             2780209             2657641              252490
 0.950             4081286             3742294              296127
 1.000             9971870             9050540             7407809
 1.050            23328781            20156016            14262580
 1.100            16139173            16713242            12341795
 1.150             5045750             7699869             9103514
 1.200              790491             2292495             5835654
 1.250               42384              545295             4118443
 1.300                 535              157571             3347363
 1.350                  71               60061             2884423
 1.400                  32               25141             2531004
 1.450                  23               10872             2196437
 1.500                  14                4715             1853737
 1.550                  10                1981             1481063
 1.600                  10                 845             1099293
 1.650                   7                 363              753051
 1.700                   5                 139              465860
 1.750                   2                  81              259191
 1.800                   2                  29              122662
 1.850                   3                  20               48720
 1.900                   1                  12               14722
 1.950                   0                   4                3031
 2.000                   0                   3                 335
 2.050                   0                   4                  10
 2.100                   0                   1                   0
 2.150                   0                   2                   0
 2.200                   0                   0                   0
 2.250                   0                   3                   0
 2.300                   0                   0                   0
 2.350                   0                   0                   0
 2.400                   0                   0                   0
 2.450                   0                   0                   0
 2.500                   0                   0                   0
 2.550                   0                   0                   0
 2.600                   0                   0                   0
 2.650                   0                   0                   0
 2.700                   0                   0                   0
 2.750                   0                   0                   0
 2.800                   0                   0                   0
 2.850                   0                   0                   0
 2.900                   0                   0                   0
 2.950                   0                   0                   0
 3.000                   0                   0                   0
 3.050                   0                   0                   0
 3.100                   0                   0                   0
 3.150                   0                   0                   0
 3.200                   0                   0                   0
 3.250                   0                   0                   0
 3.300                   0                   0                   0
 3.350                   0                   0                   0
 3.400                   0                   0                   0
 3.450                   0                   0                   0
 3.500                   0                   0                   0
 3.550                   0                   0                   0
 3.600                   0                   0                   0
 3.650                   0                   0                   0
 3.700                   0                   0                   0
 3.750                   0                   0                   0
 3.800                   0                   0                   0
 3.850                   0                   0                   0
 3.900                   0                   0                   0
 3.950                   0                   0                   0
 4.000                   0                   0                   0
 4.050                   0                   0                   0
 4.100                   0                   0                   0
 4.150                   0                   0                   0
 4.200                   0                   0                   0
 4.250                   0                   0                   0
 4.300                   0                   0                   0
 4.350                   0                   0                   0
 4.400                   0                   0                   0
 4.450                   0                   0                   0
 4.500                   0                   0                   0
 4.550                   0                   0                   0
 4.600                   0                   0                   0
 4.650                   0                   0                   0
 4.700                   0                   0                   0
 4.750                   0                   0                   0
 4.800                   0                   0                   0
 4.850                   0                   0                   0
 4.900                   0                   0                   0
 4.950                   0                   0                   0
