 0.000            13451730            12249171            16800021
 0.050              865062              520838              927573
 0.100              716990              664357              738050
 0.150              671014              767023              529522
 0.200              659558              810042              379321
 0.250              665285              807075              285598
 0.300              685435              789512              229761
 0.350              716811              777783              195985
 0.400              755231              787369              175428
 0.450              802564              819212              160633
 0.500              863665              872101              151048
 0.550              929546              943285              146281
 0.600             1013001             1029955              148183
 0.650             1128303             1140548              155752
 0.700             1275857             1278141              166447
 0.750             1471642             1456147              180649
 0.800             1750771             1713645              197450
 0.850             2172908             2092392              220005
 0.900             2809992             2686946              247891
 0.950             3915976             3716568              288346
 1.000             9547642             8965988             7807583
 1.050            23910659            20656932            14693505
 1.100            15937827            16557764            12612797
 1.150             4843337             7349908             8639181
 1.200              735871             2123487             5512262
 1.250               48079              525275             4022626
 1.300                 648              149393             3300114
 1.350                 192               55142             2854014
 1.400                 110               22937             2496310
 1.450                  53                9695             2191726
 1.500                  27                4084             1855152
 1.550                  12                1707             1463418
 1.600                   5                 775             1068013
 1.650                   2                 334              714228
 1.700                   1                 150              429635
 1.750                   0                  68              223814
 1.800                   0                  35               96161
 1.850                   0                  15               32630
 1.900                   0                   3                7679
 1.950                   0                   2                 962
 2.000                   0                   2                  52
 2.050                   0                   0                   0
 2.100                   0                   0                   0
 2.150                   0                   0                   0
 2.200                   0                   0                   0
 2.250                   0                   0                   0
 2.300                   0                   0                   0
 2.350                   0                   0                   0
 2.400                   0                   0                   0
 2.450                   0                   0                   0
 2.500                   0                   0                   0
 2.550                   0                   0                   0
 2.600                   0                   0                   0
 2.650                   0                   0                   0
 2.700                   0                   0                   0
 2.750                   0                   0                   0
 2.800                   0                   0                   0
 2.850                   0                   0                   0
 2.900                   0                   0                   0
 2.950                   0                   0                   0
 3.000                   0                   0                   0
 3.050                   0                   0                   0
 3.100                   0                   0                   0
 3.150                   0                   0                   0
 3.200                   0                   0                   0
 3.250                   0                   0                   0
 3.300                   0                   0                   0
 3.350                   0                   0                   0
 3.400                   0                   0                   0
 3.450                   0                   0                   0
 3.500                   0                   0                   0
 3.550                   0                   0                   0
 3.600                   0                   0                   0
 3.650                   0                   0                   0
 3.700                   0                   0                   0
 3.750                   0                   0                   0
 3.800                   0                   0                   0
 3.850                   0                   0                   0
 3.900                   0                   0                   0
 3.950                   0                   0                   0
 4.000                   0                   0                   0
 4.050                   0                   0                   0
 4.100                   0                   0                   0
 4.150                   0                   0                   0
 4.200                   0                   0                   0
 4.250                   0                   0                   0
 4.300                   0                   0                   0
 4.350                   0                   0                   0
 4.400                   0                   0                   0
 4.450                   0                   0                   0
 4.500                   0                   0                   0
 4.550                   0                   0                   0
 4.600                   0                   0                   0
 4.650                   0                   0                   0
 4.700                   0                   0                   0
 4.750                   0                   0                   0
 4.800                   0                   0                   0
 4.850                   0                   0                   0
 4.900                   0                   0                   0
 4.950                   0                   0                   0
