 0.000            12854547            11940407            16028529
 0.050              567487              303493              478114
 0.100              471242              452137              361898
 0.150              441406              569315              392528
 0.200              435764              605714              394762
 0.250              444818              578088              313606
 0.300              464809              538986              157778
 0.350              493883              524054               76236
 0.400              529825              537922               69964
 0.450              576218              575715               75107
 0.500              629670              630081               80216
 0.550              689373              695138               87647
 0.600              764247              774840               94429
 0.650              855989              867935              101683
 0.700              971609              979471              109005
 0.750             1108452             1113398              116624
 0.800             1281814             1280546              127631
 0.850             1513944             1506437              142293
 0.900             1845503             1821804              159737
 0.950             2326577             2302067              180209
 1.000             3126457             3058524              206476
 1.050             7465832             7185492             4027542
 1.100            16408089            15555040            10771879
 1.150            18326327            17495405            10411558
 1.200            11235396            12141726             9530224
 1.250             3401810             4546950             8601029
 1.300              502116              973505             7600931
 1.350               28293              151466             6817803
 1.400                1256               35741             5878176
 1.450                   0               12548             4266047
 1.500                   0                5190             1867180
 1.550                   0                2071              233615
 1.600                   0                 912                2250
 1.650                   0                 371                  38
 1.700                   0                 154                   7
 1.750                   0                  61                   0
 1.800                   0                  25                   2
 1.850                   0                  14                   0
 1.900                   0                   8                   0
 1.950                   0                   1                   0
 2.000                   0                   0                   0
 2.050                   0                   0                   0
 2.100                   0                   1                   0
 2.150                   0                   0                   0
 2.200                   0                   0                   0
 2.250                   0                   0                   0
 2.300                   0                   0                   0
 2.350                   0                   0                   0
 2.400                   0                   0                   0
 2.450                   0                   0                   0
 2.500                   0                   0                   0
 2.550                   0                   0                   0
 2.600                   0                   0                   0
 2.650                   0                   0                   0
 2.700                   0                   0                   0
 2.750                   0                   0                   0
 2.800                   0                   0                   0
 2.850                   0                   0                   0
 2.900                   0                   0                   0
 2.950                   0                   0                   0
 3.000                   0                   0                   0
 3.050                   0                   0                   0
 3.100                   0                   0                   0
 3.150                   0                   0                   0
 3.200                   0                   0                   0
 3.250                   0                   0                   0
 3.300                   0                   0                   0
 3.350                   0                   0                   0
 3.400                   0                   0                   0
 3.450                   0                   0                   0
 3.500                   0                   0                   0
 3.550                   0                   0                   0
 3.600                   0                   0                   0
 3.650                   0                   0                   0
 3.700                   0                   0                   0
 3.750                   0                   0                   0
 3.800                   0                   0                   0
 3.850                   0                   0                   0
 3.900                   0                   0                   0
 3.950                   0                   0                   0
 4.000                   0                   0                   0
 4.050                   0                   0                   0
 4.100                   0                   0                   0
 4.150                   0                   0                   0
 4.200                   0                   0                   0
 4.250                   0                   0                   0
 4.300                   0                   0                   0
 4.350                   0                   0                   0
 4.400                   0                   0                   0
 4.450                   0                   0                   0
 4.500                   0                   0                   0
 4.550                   0                   0                   0
 4.600                   0                   0                   0
 4.650                   0                   0                   0
 4.700                   0                   0                   0
 4.750                   0                   0                   0
 4.800                   0                   0                   0
 4.850                   0                   0                   0
 4.900                   0                   0                   0
 4.950                   0                   0                   0
