 0.000            12722737            11703373            16361728
 0.050              727388              391319              697404
 0.100              607430              543951              447854
 0.150              569813              663743              341722
 0.200              564804              714317              282929
 0.250              578808              714659              247884
 0.300              603652              692404              213124
 0.350              637774              682070              178009
 0.400              676837              694290              140168
 0.450              721596              729341              110611
 0.500              775793              778219               99923
 0.550              839994              843685              102935
 0.600              923667              925092              110132
 0.650             1026622             1022549              118987
 0.700             1149403             1141899              128931
 0.750             1318766             1294677              140063
 0.800             1537197             1498941              154279
 0.850             1837152             1785270              170782
 0.900             2275587             2203985              192658
 0.950             3016520             2876988              222892
 1.000             6135604             5880911             3055299
 1.050            15642899            15102867            12971864
 1.100            18003449            16584777            11791742
 1.150            12229856            12789363             9794191
 1.200             4469346             6033786             7081741
 1.250              763246             1671533             5362195
 1.300               62999              338892             4436247
 1.350                 934               74940             3839993
 1.400                   5               25399             3386954
 1.450                   0               10050             2898212
 1.500                   0                3892             2303684
 1.550                   0                1599             1626888
 1.600                   0                 654              940180
 1.650                   0                 279              381831
 1.700                   0                  92               80961
 1.750                   0                  48                4841
 1.800                   0                  15                  34
 1.850                   0                   6                   5
 1.900                   0                   2                   1
 1.950                   0                   1                   0
 2.000                   0                   0                   0
 2.050                   0                   0                   0
 2.100                   0                   0                   0
 2.150                   0                   0                   0
 2.200                   0                   0                   0
 2.250                   0                   0                   0
 2.300                   0                   0                   0
 2.350                   0                   0                   0
 2.400                   0                   0                   0
 2.450                   0                   0                   0
 2.500                   0                   0                   0
 2.550                   0                   0                   0
 2.600                   0                   0                   0
 2.650                   0                   0                   0
 2.700                   0                   0                   0
 2.750                   0                   0                   0
 2.800                   0                   0                   0
 2.850                   0                   0                   0
 2.900                   0                   0                   0
 2.950                   0                   0                   0
 3.000                   0                   0                   0
 3.050                   0                   0                   0
 3.100                   0                   0                   0
 3.150                   0                   0                   0
 3.200                   0                   0                   0
 3.250                   0                   0                   0
 3.300                   0                   0                   0
 3.350                   0                   0                   0
 3.400                   0                   0                   0
 3.450                   0                   0                   0
 3.500                   0                   0                   0
 3.550                   0                   0                   0
 3.600                   0                   0                   0
 3.650                   0                   0                   0
 3.700                   0                   0                   0
 3.750                   0                   0                   0
 3.800                   0                   0                   0
 3.850                   0                   0                   0
 3.900                   0                   0                   0
 3.950                   0                   0                   0
 4.000                   0                   0                   0
 4.050                   0                   0                   0
 4.100                   0                   0                   0
 4.150                   0                   0                   0
 4.200                   0                   0                   0
 4.250                   0                   0                   0
 4.300                   0                   0                   0
 4.350                   0                   0                   0
 4.400                   0                   0                   0
 4.450                   0                   0                   0
 4.500                   0                   0                   0
 4.550                   0                   0                   0
 4.600                   0                   0                   0
 4.650                   0                   0                   0
 4.700                   0                   0                   0
 4.750                   0                   0                   0
 4.800                   0                   0                   0
 4.850                   0                   0                   0
 4.900                   0                   0                   0
 4.950                   0                   0                   0
