 0.000            12783569            11699481            16376049
 0.050              767864              433519              769097
 0.100              643332              591174              527802
 0.150              605731              709669              387256
 0.200              596530              755261              295280
 0.250              612002              751027              242256
 0.300              640398              731435              207180
 0.350              678104              719982              179018
 0.400              722889              733803              153337
 0.450              779370              772084              131585
 0.500              840420              828849              116686
 0.550              908284              901362              114770
 0.600              997520              987646              119896
 0.650             1100917             1096140              128641
 0.700             1236218             1225205              139412
 0.750             1408679             1386929              152425
 0.800             1648203             1603168              167214
 0.850             1982349             1907697              186508
 0.900             2450740             2367118              209609
 0.950             3247566             3127985              244371
 1.000             7853815             7691775             5708129
 1.050            17259942            16158285            14153648
 1.100            19407994            17804268            12085809
 1.150             9082842            10654671             8847593
 1.200             2306873             3933277             6447663
 1.250              342452             1028618             4714915
 1.300               14308              219073             3774830
 1.350                  50               61209             3316818
 1.400                  21               22801             2963861
 1.450                   6                9184             2566223
 1.500                   9                3819             2085309
 1.550                   3                1513             1537642
 1.600                   1                 588             1012790
 1.650                   2                 207              559593
 1.700                   0                 109              231882
 1.750                   0                  47               57849
 1.800                   0                  14                5922
 1.850                   0                   6                 133
 1.900                   0                   2                   1
 1.950                   0                   0                   1
 2.000                   0                   2                   0
 2.050                   0                   1                   0
 2.100                   0                   0                   0
 2.150                   0                   0                   0
 2.200                   0                   0                   0
 2.250                   0                   0                   0
 2.300                   0                   0                   0
 2.350                   0                   0                   0
 2.400                   0                   0                   0
 2.450                   0                   0                   0
 2.500                   0                   0                   0
 2.550                   0                   0                   0
 2.600                   0                   0                   0
 2.650                   0                   0                   0
 2.700                   0                   0                   0
 2.750                   0                   0                   0
 2.800                   0                   0                   0
 2.850                   0                   0                   0
 2.900                   0                   0                   0
 2.950                   0                   0                   0
 3.000                   0                   0                   0
 3.050                   0                   0                   0
 3.100                   0                   0                   0
 3.150                   0                   0                   0
 3.200                   0                   0                   0
 3.250                   0                   0                   0
 3.300                   0                   0                   0
 3.350                   0                   0                   0
 3.400                   0                   0                   0
 3.450                   0                   0                   0
 3.500                   0                   0                   0
 3.550                   0                   0                   0
 3.600                   0                   0                   0
 3.650                   0                   0                   0
 3.700                   0                   0                   0
 3.750                   0                   0                   0
 3.800                   0                   0                   0
 3.850                   0                   0                   0
 3.900                   0                   0                   0
 3.950                   0                   0                   0
 4.000                   0                   0                   0
 4.050                   0                   0                   0
 4.100                   0                   0                   0
 4.150                   0                   0                   0
 4.200                   0                   0                   0
 4.250                   0                   0                   0
 4.300                   0                   0                   0
 4.350                   0                   0                   0
 4.400                   0                   0                   0
 4.450                   0                   0                   0
 4.500                   0                   0                   0
 4.550                   0                   0                   0
 4.600                   0                   0                   0
 4.650                   0                   0                   0
 4.700                   0                   0                   0
 4.750                   0                   0                   0
 4.800                   0                   0                   0
 4.850                   0                   0                   0
 4.900                   0                   0                   0
 4.950                   0                   0                   0
