 0.000             8808165             7982522            10120942
 0.050              523484              268372              304509
 0.100              415459              377938              260607
 0.150              371922              460149              197707
 0.200              350044              489893              142889
 0.250              338606              475917              104126
 0.300              334595              441661               82478
 0.350              335826              410339               70369
 0.400              341389              392455               62923
 0.450              350363              387216               59722
 0.500              365631              395033               58374
 0.550              388510              409417               58650
 0.600              415309              434336               60703
 0.650              450167              463697               64271
 0.700              497683              508134               68238
 0.750              561732              568674               74909
 0.800              658120              659222               81842
 0.850              809635              796338               91107
 0.900             1062699             1028707              104857
 0.950             1638132             1494964              125082
 1.000             5431596             4938283             3532566
 1.050             7922709             7328642             6260944
 1.100             3030659             3660438             4146993
 1.150              466887             1131191             2427360
 1.200               36914              279871             1586050
 1.250                3650               78513             1204956
 1.300                  69               27153              972303
 1.350                  20               11637              820620
 1.400                   2                5220              695725
 1.450                   1                2298              582014
 1.500                   1                1001              467626
 1.550                   0                 434              356376
 1.600                   0                 202              255665
 1.650                   0                  70              173443
 1.700                   0                  22              110570
 1.750                   0                  10               64480
 1.800                   0                   5               33853
 1.850                   0                   1               15505
 1.900                   0                   0                6070
 1.950                   0                   2                1907
 2.000                   0                   0                 520
 2.050                   0                   1                 113
 2.100                   0                   0                  13
 2.150                   0                   0                   1
 2.200                   0                   0                   1
 2.250                   0                   0                   0
 2.300                   0                   0                   0
 2.350                   0                   0                   0
 2.400                   0                   1                   0
 2.450                   0                   0                   0
 2.500                   0                   0                   0
 2.550                   0                   0                   0
 2.600                   0                   0                   0
 2.650                   0                   0                   0
 2.700                   0                   0                   0
 2.750                   0                   0                   0
 2.800                   0                   0                   0
 2.850                   0                   0                   0
 2.900                   0                   0                   0
 2.950                   0                   0                   0
 3.000                   0                   0                   0
 3.050                   0                   0                   0
 3.100                   0                   0                   0
 3.150                   0                   0                   0
 3.200                   0                   0                   0
 3.250                   0                   0                   0
 3.300                   0                   0                   0
 3.350                   0                   0                   0
 3.400                   0                   0                   0
 3.450                   0                   0                   0
 3.500                   0                   0                   0
 3.550                   0                   0                   0
 3.600                   0                   0                   0
 3.650                   0                   0                   0
 3.700                   0                   0                   0
 3.750                   0                   0                   0
 3.800                   0                   0                   0
 3.850                   0                   0                   0
 3.900                   0                   0                   0
 3.950                   0                   0                   0
 4.000                   0                   0                   0
 4.050                   0                   0                   0
 4.100                   0                   0                   0
 4.150                   0                   0                   0
 4.200                   0                   0                   0
 4.250                   0                   0                   0
 4.300                   0                   0                   0
 4.350                   0                   0                   0
 4.400                   0                   0                   0
 4.450                   0                   0                   0
 4.500                   0                   0                   0
 4.550                   0                   0                   0
 4.600                   0                   0                   0
 4.650                   0                   0                   0
 4.700                   0                   0                   0
 4.750                   0                   0                   0
 4.800                   0                   0                   0
 4.850                   0                   0                   0
 4.900                   0                   0                   0
 4.950                   0                   0                   0
