 0.000             8567709             7759696             9890615
 0.050              493772              254282              278717
 0.100              393126              361598              227575
 0.150              352873              443773              162898
 0.200              330223              475625              112933
 0.250              320919              461007               84587
 0.300              318285              426621               67639
 0.350              319685              394193               58797
 0.400              324909              373645               53473
 0.450              332955              368614               50507
 0.500              345391              373021               49305
 0.550              362926              384599               50192
 0.600              382947              405043               52725
 0.650              413356              431530               55293
 0.700              455333              467516               59476
 0.750              512928              519102               65121
 0.800              593216              594084               72171
 0.850              714631              704376               80778
 0.900              908211              881009               93235
 0.950             1283277             1213984              112771
 1.000             3481749             3322286             2422614
 1.050             7273223             6569289             5580086
 1.100             4953584             5076661             4520900
 1.150             1254858             1952229             2748164
 1.200              131625              470274             1735943
 1.250                8426               99108             1259954
 1.300                 244               27964             1046904
 1.350                   9               10898              909712
 1.400                   9                4695              798945
 1.450                   3                2132              677248
 1.500                   0                 930              533097
 1.550                   1                 366              386405
 1.600                   0                 145              256903
 1.650                   0                  66              151927
 1.700                   0                  22               76562
 1.750                   0                  14               32318
 1.800                   0                   4               11021
 1.850                   0                   1                2583
 1.900                   0                   1                 296
 1.950                   0                   0                  12
 2.000                   0                   0                   1
 2.050                   0                   0                   0
 2.100                   0                   0                   0
 2.150                   0                   0                   0
 2.200                   0                   0                   0
 2.250                   0                   0                   0
 2.300                   0                   0                   0
 2.350                   0                   0                   0
 2.400                   0                   0                   0
 2.450                   0                   0                   0
 2.500                   0                   0                   0
 2.550                   0                   0                   0
 2.600                   0                   0                   0
 2.650                   0                   0                   0
 2.700                   0                   0                   0
 2.750                   0                   0                   0
 2.800                   0                   0                   0
 2.850                   0                   0                   0
 2.900                   0                   0                   0
 2.950                   0                   0                   0
 3.000                   0                   0                   0
 3.050                   0                   0                   0
 3.100                   0                   0                   0
 3.150                   0                   0                   0
 3.200                   0                   0                   0
 3.250                   0                   0                   0
 3.300                   0                   0                   0
 3.350                   0                   0                   0
 3.400                   0                   0                   0
 3.450                   0                   0                   0
 3.500                   0                   0                   0
 3.550                   0                   0                   0
 3.600                   0                   0                   0
 3.650                   0                   0                   0
 3.700                   0                   0                   0
 3.750                   0                   0                   0
 3.800                   0                   0                   0
 3.850                   0                   0                   0
 3.900                   0                   0                   0
 3.950                   0                   0                   0
 4.000                   0                   0                   0
 4.050                   0                   0                   0
 4.100                   0                   0                   0
 4.150                   0                   0                   0
 4.200                   0                   0                   0
 4.250                   0                   0                   0
 4.300                   0                   0                   0
 4.350                   0                   0                   0
 4.400                   0                   0                   0
 4.450                   0                   0                   0
 4.500                   0                   0                   0
 4.550                   0                   0                   0
 4.600                   0                   0                   0
 4.650                   0                   0                   0
 4.700                   0                   0                   0
 4.750                   0                   0                   0
 4.800                   0                   0                   0
 4.850                   0                   0                   0
 4.900                   0                   0                   0
 4.950                   0                   0                   0
