 0.000             8784125             7964241            10113184
 0.050              519176              268164              299685
 0.100              416299              372923              255735
 0.150              374102              454059              191023
 0.200              352688              488071              135890
 0.250              342634              479793               99661
 0.300              340218              449795               78917
 0.350              341858              417471               68089
 0.400              346244              398118               61178
 0.450              356701              390530               58205
 0.500              368504              396043               56494
 0.550              387379              411808               57701
 0.600              412143              432667               59804
 0.650              447490              463627               63164
 0.700              493796              504540               67558
 0.750              559947              562757               72911
 0.800              651543              648163               81121
 0.850              782310              771345               89615
 0.900             1007660              979885              102757
 0.950             1484759             1402455              122614
 1.000             4684438             4365020             3286107
 1.050             8013896             7249165             6101843
 1.100             3393473             3910656             4059571
 1.150              612086             1300721             2453231
 1.200               58108              325560             1648609
 1.250                 385               78501             1221265
 1.300                  27               26229              982380
 1.350                  13               10762              825444
 1.400                   2                4963              716631
 1.450                   0                2296              606810
 1.500                   2                 956              484702
 1.550                   0                 447              367195
 1.600                   0                 176              263058
 1.650                   0                  61              174113
 1.700                   0                  21              105873
 1.750                   0                   9               57351
 1.800                   0                   2               27191
 1.850                   0                   3               10904
 1.900                   0                   1                3452
 1.950                   0                   0                 797
 2.000                   0                   1                 153
 2.050                   0                   1                  18
 2.100                   0                   0                   1
 2.150                   0                   0                   1
 2.200                   0                   0                   0
 2.250                   0                   0                   0
 2.300                   0                   0                   0
 2.350                   0                   0                   0
 2.400                   0                   0                   0
 2.450                   0                   0                   0
 2.500                   0                   0                   0
 2.550                   0                   0                   0
 2.600                   0                   0                   0
 2.650                   0                   0                   0
 2.700                   0                   0                   0
 2.750                   0                   0                   0
 2.800                   0                   0                   0
 2.850                   0                   0                   0
 2.900                   0                   0                   0
 2.950                   0                   0                   0
 3.000                   0                   0                   0
 3.050                   0                   0                   0
 3.100                   0                   0                   0
 3.150                   0                   0                   0
 3.200                   0                   0                   0
 3.250                   0                   0                   0
 3.300                   0                   0                   0
 3.350                   0                   0                   0
 3.400                   0                   0                   0
 3.450                   0                   0                   0
 3.500                   0                   0                   0
 3.550                   0                   0                   0
 3.600                   0                   0                   0
 3.650                   0                   0                   0
 3.700                   0                   0                   0
 3.750                   0                   0                   0
 3.800                   0                   0                   0
 3.850                   0                   0                   0
 3.900                   0                   0                   0
 3.950                   0                   0                   0
 4.000                   0                   0                   0
 4.050                   0                   0                   0
 4.100                   0                   0                   0
 4.150                   0                   0                   0
 4.200                   0                   0                   0
 4.250                   0                   0                   0
 4.300                   0                   0                   0
 4.350                   0                   0                   0
 4.400                   0                   0                   0
 4.450                   0                   0                   0
 4.500                   0                   0                   0
 4.550                   0                   0                   0
 4.600                   0                   0                   0
 4.650                   0                   0                   0
 4.700                   0                   0                   0
 4.750                   0                   0                   0
 4.800                   0                   0                   0
 4.850                   0                   0                   0
 4.900                   0                   0                   0
 4.950                   0                   0                   0
