 0.000             8658447             7851449             9955349
 0.050              510839              261502              277897
 0.100              406303              363470              247133
 0.150              362043              440241              177883
 0.200              338492              475628              123934
 0.250              326661              469319               90497
 0.300              322112              436575               71909
 0.350              319946              400315               61098
 0.400              325251              376495               56231
 0.450              333412              369495               53056
 0.500              344418              374571               51663
 0.550              359993              386283               52343
 0.600              380717              404418               54048
 0.650              409964              428716               57270
 0.700              448268              464107               61897
 0.750              502611              514155               67653
 0.800              583883              588628               75480
 0.850              701068              701855               84147
 0.900              898288              886669               97068
 0.950             1310896             1244789              115914
 1.000             3908732             3676524             2777536
 1.050             7616865             6799634             5663241
 1.100             4557547             4765663             4143511
 1.150             1042934             1811649             2705873
 1.200               99893              435487             1738835
 1.250                7271               98281             1277124
 1.300                  69               29514             1036008
 1.350                  22               11755              905977
 1.400                   4                5383              793813
 1.450                   2                2488              670163
 1.500                   0                1138              536351
 1.550                   0                 445              397133
 1.600                   0                 167              270623
 1.650                   0                  89              169366
 1.700                   0                  34               92258
 1.750                   0                   8               43506
 1.800                   0                   5               16692
 1.850                   0                   2                5125
 1.900                   0                   3                1211
 1.950                   0                   1                 123
 2.000                   0                   0                  11
 2.050                   0                   1                   1
 2.100                   0                   0                   0
 2.150                   0                   0                   0
 2.200                   0                   0                   0
 2.250                   0                   0                   0
 2.300                   0                   0                   0
 2.350                   0                   0                   0
 2.400                   0                   0                   0
 2.450                   0                   0                   0
 2.500                   0                   0                   0
 2.550                   0                   0                   0
 2.600                   0                   0                   0
 2.650                   0                   0                   0
 2.700                   0                   0                   0
 2.750                   0                   0                   0
 2.800                   0                   0                   0
 2.850                   0                   0                   0
 2.900                   0                   0                   0
 2.950                   0                   0                   0
 3.000                   0                   0                   0
 3.050                   0                   0                   0
 3.100                   0                   0                   0
 3.150                   0                   0                   0
 3.200                   0                   0                   0
 3.250                   0                   0                   0
 3.300                   0                   0                   0
 3.350                   0                   0                   0
 3.400                   0                   0                   0
 3.450                   0                   0                   0
 3.500                   0                   0                   0
 3.550                   0                   0                   0
 3.600                   0                   0                   0
 3.650                   0                   0                   0
 3.700                   0                   0                   0
 3.750                   0                   0                   0
 3.800                   0                   0                   0
 3.850                   0                   0                   0
 3.900                   0                   0                   0
 3.950                   0                   0                   0
 4.000                   0                   0                   0
 4.050                   0                   0                   0
 4.100                   0                   0                   0
 4.150                   0                   0                   0
 4.200                   0                   0                   0
 4.250                   0                   0                   0
 4.300                   0                   0                   0
 4.350                   0                   0                   0
 4.400                   0                   0                   0
 4.450                   0                   0                   0
 4.500                   0                   0                   0
 4.550                   0                   0                   0
 4.600                   0                   0                   0
 4.650                   0                   0                   0
 4.700                   0                   0                   0
 4.750                   0                   0                   0
 4.800                   0                   0                   0
 4.850                   0                   0                   0
 4.900                   0                   0                   0
 4.950                   0                   0                   0
