 0.000             8806293             7991762            10072783
 0.050              525184              273590              307383
 0.100              417600              376737              263865
 0.150              372853              452952              195929
 0.200              350382              483545              142734
 0.250              340532              473680              106430
 0.300              335789              442859               83455
 0.350              337852              411335               71198
 0.400              341425              390641               63735
 0.450              351316              386410               59885
 0.500              363630              391145               58705
 0.550              379842              403510               59751
 0.600              402766              425698               61680
 0.650              433774              456101               64775
 0.700              476540              494966               69537
 0.750              536373              554464               75366
 0.800              627909              637133               82274
 0.850              765423              767344               91796
 0.900             1008927              984986              104990
 0.950             1486715             1416146              125989
 1.000             5916698             5259071             3932095
 1.050             8377243             7700197             6237618
 1.100             2759904             3553364             4194341
 1.150              443772             1076474             2424414
 1.200               19163              253973             1561912
 1.250                 920               72964             1177916
 1.300                  57               26907              961664
 1.350                  21               11591              809528
 1.400                   4                5158              690134
 1.450                   1                2397              570748
 1.500                   0                1042              454605
 1.550                   0                 441              345340
 1.600                   0                 177              249462
 1.650                   0                  84              169513
 1.700                   0                  37              108385
 1.750                   0                  11               64706
 1.800                   0                  11               35770
 1.850                   0                   3               17260
 1.900                   0                   1                7489
 1.950                   0                   0                2717
 2.000                   0                   0                 790
 2.050                   0                   0                 205
 2.100                   0                   0                  32
 2.150                   0                   0                   3
 2.200                   0                   0                   0
 2.250                   0                   0                   1
 2.300                   0                   0                   0
 2.350                   0                   1                   0
 2.400                   0                   0                   0
 2.450                   0                   0                   0
 2.500                   0                   0                   0
 2.550                   0                   0                   0
 2.600                   0                   0                   0
 2.650                   0                   0                   0
 2.700                   0                   0                   0
 2.750                   0                   0                   0
 2.800                   0                   0                   0
 2.850                   0                   0                   0
 2.900                   0                   0                   0
 2.950                   0                   0                   0
 3.000                   0                   0                   0
 3.050                   0                   0                   0
 3.100                   0                   0                   0
 3.150                   0                   0                   0
 3.200                   0                   0                   0
 3.250                   0                   0                   0
 3.300                   0                   0                   0
 3.350                   0                   0                   0
 3.400                   0                   0                   0
 3.450                   0                   0                   0
 3.500                   0                   0                   0
 3.550                   0                   0                   0
 3.600                   0                   0                   0
 3.650                   0                   0                   0
 3.700                   0                   0                   0
 3.750                   0                   0                   0
 3.800                   0                   0                   0
 3.850                   0                   0                   0
 3.900                   0                   0                   0
 3.950                   0                   0                   0
 4.000                   0                   0                   0
 4.050                   0                   0                   0
 4.100                   0                   0                   0
 4.150                   0                   0                   0
 4.200                   0                   0                   0
 4.250                   0                   0                   0
 4.300                   0                   0                   0
 4.350                   0                   0                   0
 4.400                   0                   0                   0
 4.450                   0                   0                   0
 4.500                   0                   0                   0
 4.550                   0                   0                   0
 4.600                   0                   0                   0
 4.650                   0                   0                   0
 4.700                   0                   0                   0
 4.750                   0                   0                   0
 4.800                   0                   0                   0
 4.850                   0                   0                   0
 4.900                   0                   0                   0
 4.950                   0                   0                   0
