 0.000             8118103             7388579             9650742
 0.050              443397              181218              186248
 0.100              353755              281102              125958
 0.150              315726              381167               94085
 0.200              296798              435268               79217
 0.250              286678              434650               63954
 0.300              284655              403018               51452
 0.350              286340              372712               40246
 0.400              291911              352094               32012
 0.450              300864              342884               29978
 0.500              312706              347054               30829
 0.550              331634              357837               32288
 0.600              352555              375403               34412
 0.650              381764              400054               36884
 0.700              423015              434229               40058
 0.750              476452              478788               43513
 0.800              548471              540799               48627
 0.850              648163              627166               55042
 0.900              796547              763601               63700
 0.950             1028162              982207               76935
 1.000             1539099             1487914              234131
 1.050             5248342             5290396             4747626
 1.100             5729459             5467038             5185900
 1.150             3671815             3700813             3633656
 1.200             1359364             1703904             2278119
 1.250              249023              464535             1652297
 1.300               17600               76275             1340289
 1.350                 366               13844             1157921
 1.400                   0                4688             1019172
 1.450                   0                1919              851768
 1.500                   0                 897              626001
 1.550                   0                 392              368196
 1.600                   0                 181              151288
 1.650                   0                  81               28887
 1.700                   0                  36                1299
 1.750                   0                  11                  23
 1.800                   0                   6                   8
 1.850                   0                   3                   2
 1.900                   0                   1                   0
 1.950                   0                   0                   0
 2.000                   0                   0                   1
 2.050                   0                   0                   0
 2.100                   0                   0                   0
 2.150                   0                   0                   0
 2.200                   0                   0                   0
 2.250                   0                   0                   0
 2.300                   0                   0                   0
 2.350                   0                   0                   0
 2.400                   0                   0                   0
 2.450                   0                   0                   0
 2.500                   0                   0                   0
 2.550                   0                   0                   0
 2.600                   0                   0                   0
 2.650                   0                   0                   0
 2.700                   0                   0                   0
 2.750                   0                   0                   0
 2.800                   0                   0                   0
 2.850                   0                   0                   0
 2.900                   0                   0                   0
 2.950                   0                   0                   0
 3.000                   0                   0                   0
 3.050                   0                   0                   0
 3.100                   0                   0                   0
 3.150                   0                   0                   0
 3.200                   0                   0                   0
 3.250                   0                   0                   0
 3.300                   0                   0                   0
 3.350                   0                   0                   0
 3.400                   0                   0                   0
 3.450                   0                   0                   0
 3.500                   0                   0                   0
 3.550                   0                   0                   0
 3.600                   0                   0                   0
 3.650                   0                   0                   0
 3.700                   0                   0                   0
 3.750                   0                   0                   0
 3.800                   0                   0                   0
 3.850                   0                   0                   0
 3.900                   0                   0                   0
 3.950                   0                   0                   0
 4.000                   0                   0                   0
 4.050                   0                   0                   0
 4.100                   0                   0                   0
 4.150                   0                   0                   0
 4.200                   0                   0                   0
 4.250                   0                   0                   0
 4.300                   0                   0                   0
 4.350                   0                   0                   0
 4.400                   0                   0                   0
 4.450                   0                   0                   0
 4.500                   0                   0                   0
 4.550                   0                   0                   0
 4.600                   0                   0                   0
 4.650                   0                   0                   0
 4.700                   0                   0                   0
 4.750                   0                   0                   0
 4.800                   0                   0                   0
 4.850                   0                   0                   0
 4.900                   0                   0                   0
 4.950                   0                   0                   0
