 0.000             8874474             8056367            10127677
 0.050              518534              269225              292235
 0.100              413187              372359              258539
 0.150              370772              452833              193107
 0.200              349121              480846              138477
 0.250              339493              471735              105282
 0.300              336168              442278               84279
 0.350              335358              411874               70994
 0.400              341116              391608               63937
 0.450              349023              384983               60197
 0.500              361179              389427               59542
 0.550              378993              402819               59462
 0.600              400247              423249               62100
 0.650              429671              449279               65774
 0.700              468672              489603               69538
 0.750              524806              544993               75864
 0.800              608892              626771               82962
 0.850              738949              759711               93546
 0.900              977006              977339              106386
 0.950             1593996             1460675              127982
 1.000             6941745             6137274             4519440
 1.050             8065863             7529055             6419552
 1.100             2570747             3419176             4144379
 1.150              305134              926493             2429224
 1.200               14334              223772             1492434
 1.250                 357               67291             1132224
 1.300                 135               26055              914173
 1.350                  64               11387              765574
 1.400                  34                5380              647424
 1.450                  26                2408              540507
 1.500                  14                1050              430727
 1.550                   5                 445              328875
 1.600                   5                 204              239180
 1.650                   2                  97              164460
 1.700                   2                  29              106686
 1.750                   1                  23               64744
 1.800                   1                   7               37059
 1.850                   0                   4               19109
 1.900                   0                   0                9068
 1.950                   0                   1                3622
 2.000                   0                   1                1311
 2.050                   0                   0                 364
 2.100                   0                   0                  88
 2.150                   0                   0                  19
 2.200                   0                   0                   3
 2.250                   0                   0                   0
 2.300                   0                   0                   0
 2.350                   0                   0                   0
 2.400                   0                   0                   0
 2.450                   0                   0                   0
 2.500                   0                   0                   0
 2.550                   0                   0                   0
 2.600                   0                   0                   0
 2.650                   0                   0                   0
 2.700                   0                   0                   0
 2.750                   0                   0                   0
 2.800                   0                   0                   0
 2.850                   0                   0                   0
 2.900                   0                   0                   0
 2.950                   0                   0                   0
 3.000                   0                   0                   0
 3.050                   0                   0                   0
 3.100                   0                   0                   0
 3.150                   0                   0                   0
 3.200                   0                   0                   0
 3.250                   0                   0                   0
 3.300                   0                   0                   0
 3.350                   0                   0                   0
 3.400                   0                   0                   0
 3.450                   0                   0                   0
 3.500                   0                   0                   0
 3.550                   0                   0                   0
 3.600                   0                   0                   0
 3.650                   0                   0                   0
 3.700                   0                   0                   0
 3.750                   0                   0                   0
 3.800                   0                   0                   0
 3.850                   0                   0                   0
 3.900                   0                   0                   0
 3.950                   0                   0                   0
 4.000                   0                   0                   0
 4.050                   0                   0                   0
 4.100                   0                   0                   0
 4.150                   0                   0                   0
 4.200                   0                   0                   0
 4.250                   0                   0                   0
 4.300                   0                   0                   0
 4.350                   0                   0                   0
 4.400                   0                   0                   0
 4.450                   0                   0                   0
 4.500                   0                   0                   0
 4.550                   0                   0                   0
 4.600                   0                   0                   0
 4.650                   0                   0                   0
 4.700                   0                   0                   0
 4.750                   0                   0                   0
 4.800                   0                   0                   0
 4.850                   0                   0                   0
 4.900                   0                   0                   0
 4.950                   0                   0                   0
