 0.000             7870885             7185195             9400436
 0.050              403241              186353              133120
 0.100              326054              285845              102876
 0.150              294736              371949               90958
 0.200              281573              409193               80665
 0.250              273555              400553               59106
 0.300              272329              368621               37208
 0.350              273233              342612               25440
 0.400              279086              327422               23892
 0.450              287600              324041               25038
 0.500              300693              330976               25902
 0.550              316754              344377               27336
 0.600              336820              361359               28953
 0.650              364458              384882               30750
 0.700              396134              412491               33415
 0.750              438923              449117               35843
 0.800              495380              497379               40281
 0.850              572367              568279               45348
 0.900              682004              670389               52343
 0.950              849917              826550               61588
 1.000             1135517             1092839               74700
 1.050             2624951             2545454             1485808
 1.100             5823088             5804050             4795103
 1.150             5179166             5027431             4467510
 1.200             2979608             3146480             3483188
 1.250              875543             1141506             2601116
 1.300               89869              188252             2058247
 1.350                3140               22896             1683078
 1.400                  29                5860             1396075
 1.450                   0                2323             1014070
 1.500                   0                1027              505224
 1.550                   0                 486               99620
 1.600                   0                 233                2344
 1.650                   0                 120                  48
 1.700                   0                  68                  17
 1.750                   0                  26                   2
 1.800                   0                  12                   0
 1.850                   0                   3                   1
 1.900                   0                   3                   2
 1.950                   0                   0                   1
 2.000                   0                   1                   1
 2.050                   0                   0                   0
 2.100                   0                   0                   0
 2.150                   0                   0                   0
 2.200                   0                   0                   0
 2.250                   0                   0                   0
 2.300                   0                   0                   0
 2.350                   0                   0                   0
 2.400                   0                   0                   0
 2.450                   0                   0                   0
 2.500                   0                   0                   0
 2.550                   0                   0                   0
 2.600                   0                   0                   0
 2.650                   0                   0                   0
 2.700                   0                   0                   0
 2.750                   0                   0                   0
 2.800                   0                   0                   0
 2.850                   0                   0                   0
 2.900                   0                   0                   0
 2.950                   0                   0                   0
 3.000                   0                   0                   0
 3.050                   0                   0                   0
 3.100                   0                   0                   0
 3.150                   0                   0                   0
 3.200                   0                   0                   0
 3.250                   0                   0                   0
 3.300                   0                   0                   0
 3.350                   0                   0                   0
 3.400                   0                   0                   0
 3.450                   0                   0                   0
 3.500                   0                   0                   0
 3.550                   0                   0                   0
 3.600                   0                   0                   0
 3.650                   0                   0                   0
 3.700                   0                   0                   0
 3.750                   0                   0                   0
 3.800                   0                   0                   0
 3.850                   0                   0                   0
 3.900                   0                   0                   0
 3.950                   0                   0                   0
 4.000                   0                   0                   0
 4.050                   0                   0                   0
 4.100                   0                   0                   0
 4.150                   0                   0                   0
 4.200                   0                   0                   0
 4.250                   0                   0                   0
 4.300                   0                   0                   0
 4.350                   0                   0                   0
 4.400                   0                   0                   0
 4.450                   0                   0                   0
 4.500                   0                   0                   0
 4.550                   0                   0                   0
 4.600                   0                   0                   0
 4.650                   0                   0                   0
 4.700                   0                   0                   0
 4.750                   0                   0                   0
 4.800                   0                   0                   0
 4.850                   0                   0                   0
 4.900                   0                   0                   0
 4.950                   0                   0                   0
