 0.000             9077936             8222522            10283972
 0.050              538481              288302              324002
 0.100              426235              395856              270715
 0.150              379388              460881              193861
 0.200              356706              485364              141503
 0.250              347005              477127              106852
 0.300              341308              449072               87689
 0.350              342699              420482               74997
 0.400              346709              397618               67649
 0.450              354485              390050               63695
 0.500              364394              393500               62667
 0.550              378552              406198               63853
 0.600              401072              424858               66353
 0.650              429072              455025               69156
 0.700              469511              494942               74942
 0.750              527625              557152               80621
 0.800              608778              648010               88171
 0.850              735562              785127               98925
 0.900              996946             1009573              112818
 0.950             1722173             1544050              135374
 1.000             8154324             6957522             4883273
 1.050             8169823             7895159             6936471
 1.100             1708431             2767439             4069618
 1.150              133343              696266             2225882
 1.200                3640              183309             1511035
 1.250                 152               62381             1141440
 1.300                  61               25296              895225
 1.350                  26               11484              730521
 1.400                  12                5373              604983
 1.450                   5                2488              497273
 1.500                   2                1102              399270
 1.550                   1                 493              307915
 1.600                   1                 240              228009
 1.650                   0                  93              161200
 1.700                   0                  56              108039
 1.750                   0                  24               67420
 1.800                   0                  12               39203
 1.850                   0                   6               21224
 1.900                   0                   3               10755
 1.950                   0                   0                4927
 2.000                   0                   1                2004
 2.050                   0                   0                 669
 2.100                   0                   0                 210
 2.150                   0                   1                  60
 2.200                   0                   1                  15
 2.250                   0                   0                   2
 2.300                   0                   0                   0
 2.350                   0                   0                   0
 2.400                   0                   0                   0
 2.450                   0                   0                   0
 2.500                   0                   0                   0
 2.550                   0                   0                   0
 2.600                   0                   0                   0
 2.650                   0                   0                   0
 2.700                   0                   0                   0
 2.750                   0                   0                   0
 2.800                   0                   0                   0
 2.850                   0                   0                   0
 2.900                   0                   0                   0
 2.950                   0                   0                   0
 3.000                   0                   0                   0
 3.050                   0                   0                   0
 3.100                   0                   0                   0
 3.150                   0                   0                   0
 3.200                   0                   0                   0
 3.250                   0                   0                   0
 3.300                   0                   0                   0
 3.350                   0                   0                   0
 3.400                   0                   0                   0
 3.450                   0                   0                   0
 3.500                   0                   0                   0
 3.550                   0                   0                   0
 3.600                   0                   0                   0
 3.650                   0                   0                   0
 3.700                   0                   0                   0
 3.750                   0                   0                   0
 3.800                   0                   0                   0
 3.850                   0                   0                   0
 3.900                   0                   0                   0
 3.950                   0                   0                   0
 4.000                   0                   0                   0
 4.050                   0                   0                   0
 4.100                   0                   0                   0
 4.150                   0                   0                   0
 4.200                   0                   0                   0
 4.250                   0                   0                   0
 4.300                   0                   0                   0
 4.350                   0                   0                   0
 4.400                   0                   0                   0
 4.450                   0                   0                   0
 4.500                   0                   0                   0
 4.550                   0                   0                   0
 4.600                   0                   0                   0
 4.650                   0                   0                   0
 4.700                   0                   0                   0
 4.750                   0                   0                   0
 4.800                   0                   0                   0
 4.850                   0                   0                   0
 4.900                   0                   0                   0
 4.950                   0                   0                   0
