 0.000             8705142             7883748            10022090
 0.050              513121              264036              277083
 0.100              405647              363351              251934
 0.150              362362              441638              184163
 0.200              339333              477017              128129
 0.250              327838              470290               92904
 0.300              324239              440192               74396
 0.350              324685              405977               63266
 0.400              328765              383202               57038
 0.450              337158              374886               54175
 0.500              350179              380972               53132
 0.550              370985              394573               53520
 0.600              394486              414863               55871
 0.650              428003              443006               59322
 0.700              470539              482351               63527
 0.750              528232              536830               70096
 0.800              617997              616523               76671
 0.850              751114              742706               85861
 0.900              960590              940358               98567
 0.950             1399395             1323454              119226
 1.000             4079090             3849741             2846203
 1.050             7635169             6825420             5727754
 1.100             4186465             4478656             4119944
 1.150              952873             1696883             2601221
 1.200               80516              403924             1753476
 1.250                5821               94520             1275149
 1.300                 280               29646             1030338
 1.350                   6               11727              892578
 1.400                   3                5204              783732
 1.450                   0                2495              661375
 1.500                   0                1075              528030
 1.550                   0                 469              396212
 1.600                   0                 173              274047
 1.650                   0                  70              174016
 1.700                   0                  37               98559
 1.750                   0                   8               48277
 1.800                   0                   6               19831
 1.850                   0                   1                6401
 1.900                   0                   2                1630
 1.950                   0                   1                 259
 2.000                   0                   0                  26
 2.050                   0                   1                   4
 2.100                   0                   1                   0
 2.150                   0                   0                   0
 2.200                   0                   0                   0
 2.250                   0                   0                   0
 2.300                   0                   0                   0
 2.350                   0                   0                   0
 2.400                   0                   0                   0
 2.450                   0                   0                   0
 2.500                   0                   0                   0
 2.550                   0                   0                   0
 2.600                   0                   0                   0
 2.650                   0                   0                   0
 2.700                   0                   0                   0
 2.750                   0                   0                   0
 2.800                   0                   0                   0
 2.850                   0                   0                   0
 2.900                   0                   0                   0
 2.950                   0                   0                   0
 3.000                   0                   0                   0
 3.050                   0                   0                   0
 3.100                   0                   0                   0
 3.150                   0                   0                   0
 3.200                   0                   0                   0
 3.250                   0                   0                   0
 3.300                   0                   0                   0
 3.350                   0                   0                   0
 3.400                   0                   0                   0
 3.450                   0                   0                   0
 3.500                   0                   0                   0
 3.550                   0                   0                   0
 3.600                   0                   0                   0
 3.650                   0                   0                   0
 3.700                   0                   0                   0
 3.750                   0                   0                   0
 3.800                   0                   0                   0
 3.850                   0                   0                   0
 3.900                   0                   0                   0
 3.950                   0                   0                   0
 4.000                   0                   0                   0
 4.050                   0                   0                   0
 4.100                   0                   0                   0
 4.150                   0                   0                   0
 4.200                   0                   0                   0
 4.250                   0                   0                   0
 4.300                   0                   0                   0
 4.350                   0                   0                   0
 4.400                   0                   0                   0
 4.450                   0                   0                   0
 4.500                   0                   0                   0
 4.550                   0                   0                   0
 4.600                   0                   0                   0
 4.650                   0                   0                   0
 4.700                   0                   0                   0
 4.750                   0                   0                   0
 4.800                   0                   0                   0
 4.850                   0                   0                   0
 4.900                   0                   0                   0
 4.950                   0                   0                   0
