 0.000             8246912             7468221             9724417
 0.050              476240              212494              222446
 0.100              380074              329498              170945
 0.150              339199              427139              120566
 0.200              321315              467619               88697
 0.250              311190              456676               69906
 0.300              308565              422157               57632
 0.350              310288              388041               49189
 0.400              317186              367600               43255
 0.450              327042              363049               40361
 0.500              340101              367333               39316
 0.550              357797              380128               40449
 0.600              380230              399966               42737
 0.650              413005              426037               46023
 0.700              458643              464684               50221
 0.750              516171              512120               54399
 0.800              591207              579288               60745
 0.850              698446              676498               68834
 0.900              863430              831534               79583
 0.950             1131385             1097843               96545
 1.000             2457668             2425886             1468879
 1.050             6107098             5994644             5747030
 1.100             5622620             5252939             4814105
 1.150             2511454             2869987             2995094
 1.200              486298              903762             1821026
 1.250               41434              178833             1324150
 1.300                1569               34864             1099061
 1.350                   2               10380              966191
 1.400                   0                4265              858776
 1.450                   1                1763              732247
 1.500                   0                 759              564539
 1.550                   0                 323              387179
 1.600                   0                 152              225051
 1.650                   0                  56              106053
 1.700                   0                  20               35066
 1.750                   0                   8                5585
 1.800                   0                   4                 261
 1.850                   0                   0                   7
 1.900                   0                   0                   2
 1.950                   0                   0                   0
 2.000                   0                   0                   0
 2.050                   0                   0                   1
 2.100                   0                   0                   1
 2.150                   0                   0                   0
 2.200                   0                   0                   0
 2.250                   0                   0                   0
 2.300                   0                   0                   0
 2.350                   0                   0                   0
 2.400                   0                   0                   0
 2.450                   0                   0                   0
 2.500                   0                   0                   0
 2.550                   0                   0                   0
 2.600                   0                   0                   0
 2.650                   0                   0                   0
 2.700                   0                   0                   0
 2.750                   0                   0                   0
 2.800                   0                   0                   0
 2.850                   0                   0                   0
 2.900                   0                   0                   0
 2.950                   0                   0                   0
 3.000                   0                   0                   0
 3.050                   0                   0                   0
 3.100                   0                   0                   0
 3.150                   0                   0                   0
 3.200                   0                   0                   0
 3.250                   0                   0                   0
 3.300                   0                   0                   0
 3.350                   0                   0                   0
 3.400                   0                   0                   0
 3.450                   0                   0                   0
 3.500                   0                   0                   0
 3.550                   0                   0                   0
 3.600                   0                   0                   0
 3.650                   0                   0                   0
 3.700                   0                   0                   0
 3.750                   0                   0                   0
 3.800                   0                   0                   0
 3.850                   0                   0                   0
 3.900                   0                   0                   0
 3.950                   0                   0                   0
 4.000                   0                   0                   0
 4.050                   0                   0                   0
 4.100                   0                   0                   0
 4.150                   0                   0                   0
 4.200                   0                   0                   0
 4.250                   0                   0                   0
 4.300                   0                   0                   0
 4.350                   0                   0                   0
 4.400                   0                   0                   0
 4.450                   0                   0                   0
 4.500                   0                   0                   0
 4.550                   0                   0                   0
 4.600                   0                   0                   0
 4.650                   0                   0                   0
 4.700                   0                   0                   0
 4.750                   0                   0                   0
 4.800                   0                   0                   0
 4.850                   0                   0                   0
 4.900                   0                   0                   0
 4.950                   0                   0                   0
