 0.000             8351079             7557297             9762610
 0.050              486571              235821              244159
 0.100              389549              352967              184334
 0.150              346900              441304              135431
 0.200              326878              474036               95619
 0.250              318429              459400               73060
 0.300              315528              424579               61173
 0.350              316225              392211               53159
 0.400              320963              370208               47793
 0.450              330215              364890               44836
 0.500              343987              368994               44324
 0.550              361481              382317               44686
 0.600              386102              404643               47775
 0.650              419229              429508               50991
 0.700              461644              468254               54813
 0.750              519529              518933               60063
 0.800              597862              587362               66087
 0.850              712153              690799               74866
 0.900              888662              853940               87098
 0.950             1185777             1146987              104765
 1.000             3001611             2950747             2207690
 1.050             6806368             6461526             5991301
 1.100             5237079             5080977             4589431
 1.150             1818363             2316411             2718962
 1.200              260716              623107             1729496
 1.250               11286              113875             1247797
 1.300                 822               26954             1011904
 1.350                  10                9789              890209
 1.400                   0                4181              789617
 1.450                   0                1790              670923
 1.500                   0                 700              525942
 1.550                   0                 305              374030
 1.600                   0                 122              231652
 1.650                   0                  47              123756
 1.700                   0                  21               54413
 1.750                   0                  12               17127
 1.800                   0                   4                2939
 1.850                   0                   0                 183
 1.900                   0                   0                   3
 1.950                   0                   0                   1
 2.000                   0                   0                   0
 2.050                   0                   0                   0
 2.100                   0                   0                   0
 2.150                   0                   0                   0
 2.200                   0                   0                   0
 2.250                   0                   0                   0
 2.300                   0                   0                   0
 2.350                   0                   0                   0
 2.400                   0                   0                   0
 2.450                   0                   0                   0
 2.500                   0                   0                   0
 2.550                   0                   0                   0
 2.600                   0                   0                   0
 2.650                   0                   0                   0
 2.700                   0                   0                   0
 2.750                   0                   0                   0
 2.800                   0                   0                   0
 2.850                   0                   0                   0
 2.900                   0                   0                   0
 2.950                   0                   0                   0
 3.000                   0                   0                   0
 3.050                   0                   0                   0
 3.100                   0                   0                   0
 3.150                   0                   0                   0
 3.200                   0                   0                   0
 3.250                   0                   0                   0
 3.300                   0                   0                   0
 3.350                   0                   0                   0
 3.400                   0                   0                   0
 3.450                   0                   0                   0
 3.500                   0                   0                   0
 3.550                   0                   0                   0
 3.600                   0                   0                   0
 3.650                   0                   0                   0
 3.700                   0                   0                   0
 3.750                   0                   0                   0
 3.800                   0                   0                   0
 3.850                   0                   0                   0
 3.900                   0                   0                   0
 3.950                   0                   0                   0
 4.000                   0                   0                   0
 4.050                   0                   0                   0
 4.100                   0                   0                   0
 4.150                   0                   0                   0
 4.200                   0                   0                   0
 4.250                   0                   0                   0
 4.300                   0                   0                   0
 4.350                   0                   0                   0
 4.400                   0                   0                   0
 4.450                   0                   0                   0
 4.500                   0                   0                   0
 4.550                   0                   0                   0
 4.600                   0                   0                   0
 4.650                   0                   0                   0
 4.700                   0                   0                   0
 4.750                   0                   0                   0
 4.800                   0                   0                   0
 4.850                   0                   0                   0
 4.900                   0                   0                   0
 4.950                   0                   0                   0
