 0.000             8157643             7413659             9678012
 0.050              457518              190326              206829
 0.100              364677              296211              140289
 0.150              325289              394927              100924
 0.200              305691              443926               80219
 0.250              294935              440730               64432
 0.300              292733              411734               53190
 0.350              293493              378699               43580
 0.400              297820              357987               36294
 0.450              306219              350086               33079
 0.500              318906              353920               32880
 0.550              338416              364351               34675
 0.600              359463              383727               37066
 0.650              389516              408379               39513
 0.700              431114              441284               43088
 0.750              485974              487441               47094
 0.800              564180              553072               52373
 0.850              669511              646405               59549
 0.900              827201              792035               68515
 0.950             1086688             1036031               83140
 1.000             1881432             1794351              546239
 1.050             5672505             5731831             5281489
 1.100             5687549             5339026             5176277
 1.150             3213818             3374181             3325724
 1.200              956393             1351992             2039651
 1.250              148758              324094             1527843
 1.300                9135               56324             1240283
 1.350                  45               12145             1077560
 1.400                   0                4376              945824
 1.450                   0                1867              791331
 1.500                   0                 837              601157
 1.550                   0                 396              386260
 1.600                   0                 174              193410
 1.650                   0                  63               61125
 1.700                   0                  23                7470
 1.750                   0                  10                 221
 1.800                   0                   1                  12
 1.850                   0                   0                   3
 1.900                   0                   1                   1
 1.950                   0                   0                   0
 2.000                   0                   0                   1
 2.050                   0                   0                   0
 2.100                   0                   0                   0
 2.150                   0                   0                   0
 2.200                   0                   0                   0
 2.250                   0                   0                   0
 2.300                   0                   0                   0
 2.350                   0                   0                   0
 2.400                   0                   0                   0
 2.450                   0                   0                   0
 2.500                   0                   0                   0
 2.550                   0                   0                   0
 2.600                   0                   0                   0
 2.650                   0                   0                   0
 2.700                   0                   0                   0
 2.750                   0                   0                   0
 2.800                   0                   0                   0
 2.850                   0                   0                   0
 2.900                   0                   0                   0
 2.950                   0                   0                   0
 3.000                   0                   0                   0
 3.050                   0                   0                   0
 3.100                   0                   0                   0
 3.150                   0                   0                   0
 3.200                   0                   0                   0
 3.250                   0                   0                   0
 3.300                   0                   0                   0
 3.350                   0                   0                   0
 3.400                   0                   0                   0
 3.450                   0                   0                   0
 3.500                   0                   0                   0
 3.550                   0                   0                   0
 3.600                   0                   0                   0
 3.650                   0                   0                   0
 3.700                   0                   0                   0
 3.750                   0                   0                   0
 3.800                   0                   0                   0
 3.850                   0                   0                   0
 3.900                   0                   0                   0
 3.950                   0                   0                   0
 4.000                   0                   0                   0
 4.050                   0                   0                   0
 4.100                   0                   0                   0
 4.150                   0                   0                   0
 4.200                   0                   0                   0
 4.250                   0                   0                   0
 4.300                   0                   0                   0
 4.350                   0                   0                   0
 4.400                   0                   0                   0
 4.450                   0                   0                   0
 4.500                   0                   0                   0
 4.550                   0                   0                   0
 4.600                   0                   0                   0
 4.650                   0                   0                   0
 4.700                   0                   0                   0
 4.750                   0                   0                   0
 4.800                   0                   0                   0
 4.850                   0                   0                   0
 4.900                   0                   0                   0
 4.950                   0                   0                   0
