 0.000             6317540             5673099             7706918
 0.050              343741              288240              294685
 0.100              279240              383681               57889
 0.150              252786              404407               36589
 0.200              243424              370881               35583
 0.250              243754              327286               35461
 0.300              251788              297755               35390
 0.350              264435              291359               36103
 0.400              283807              301345               37072
 0.450              310451              322136               38573
 0.500              342034              352790               39866
 0.550              379321              389485               41982
 0.600              425913              433506               44789
 0.650              479613              484067               50636
 0.700              545057              545615               60651
 0.750              625534              613387               68691
 0.800              723543              696282               76103
 0.850              844121              796779               83562
 0.900             1003732              926414               94207
 0.950             1218357             1106658              103195
 1.000             1533060             1386677              119840
 1.050             2046202             1904834              179943
 1.100             4628843             4667352             2982826
 1.150             8011962             8139791             6275613
 1.200             2409697             2846486             7319517
 1.250               11841               59342             6867781
 1.300                   0                6911             1294707
 1.350                   0                1979                1195
 1.400                   0                 694                 272
 1.450                   0                 335                  83
 1.500                   0                 111                  33
 1.550                   0                  69                  18
 1.600                   0                  19                  12
 1.650                   0                   8                   3
 1.700                   0                   9                   6
 1.750                   0                   5                   1
 1.800                   0                   2                   1
 1.850                   0                   0                   0
 1.900                   0                   0                   0
 1.950                   0                   0                   0
 2.000                   0                   0                   0
 2.050                   0                   0                   0
 2.100                   0                   0                   0
 2.150                   0                   0                   0
 2.200                   0                   0                   0
 2.250                   0                   0                   0
 2.300                   0                   0                   0
 2.350                   0                   0                   0
 2.400                   0                   0                   0
 2.450                   0                   0                   0
 2.500                   0                   0                   0
 2.550                   0                   0                   0
 2.600                   0                   0                   0
 2.650                   0                   0                   0
 2.700                   0                   0                   0
 2.750                   0                   0                   0
 2.800                   0                   0                   0
 2.850                   0                   0                   0
 2.900                   0                   0                   0
 2.950                   0                   0                   0
 3.000                   0                   0                   0
 3.050                   0                   0                   0
 3.100                   0                   0                   0
 3.150                   0                   0                   0
 3.200                   0                   0                   0
 3.250                   0                   0                   0
 3.300                   0                   0                   0
 3.350                   0                   0                   0
 3.400                   0                   0                   0
 3.450                   0                   0                   0
 3.500                   0                   0                   0
 3.550                   0                   0                   0
 3.600                   0                   0                   0
 3.650                   0                   0                   0
 3.700                   0                   0                   0
 3.750                   0                   0                   0
 3.800                   0                   0                   0
 3.850                   0                   0                   0
 3.900                   0                   0                   0
 3.950                   0                   0                   0
 4.000                   0                   0                   0
 4.050                   0                   0                   0
 4.100                   0                   0                   0
 4.150                   0                   0                   0
 4.200                   0                   0                   0
 4.250                   0                   0                   0
 4.300                   0                   0                   0
 4.350                   0                   0                   0
 4.400                   0                   0                   0
 4.450                   0                   0                   0
 4.500                   0                   0                   0
 4.550                   0                   0                   0
 4.600                   0                   0                   0
 4.650                   0                   0                   0
 4.700                   0                   0                   0
 4.750                   0                   0                   0
 4.800                   0                   0                   0
 4.850                   0                   0                   0
 4.900                   0                   0                   0
 4.950                   0                   0                   0
