 0.000             8291236             7510977             9754496
 0.050              480705              222678              229079
 0.100              385372              339086              178216
 0.150              345066              434290              128522
 0.200              325132              469387               92299
 0.250              314260              459471               72123
 0.300              312603              424063               59565
 0.350              315469              390786               51755
 0.400              321540              370433               45772
 0.450              331973              364972               42780
 0.500              345693              371758               42207
 0.550              363944              385655               43236
 0.600              388778              407798               45605
 0.650              423214              435621               49076
 0.700              467849              471584               52748
 0.750              525668              521729               58095
 0.800              609521              595994               64475
 0.850              720859              698791               72331
 0.900              888052              856668               83949
 0.950             1184955             1135947              101630
 1.000             2874937             2828984             1939677
 1.050             6389318             6163208             5861279
 1.100             5359429             5106233             4694287
 1.150             2093487             2545339             2809326
 1.200              341115              729092             1784595
 1.250               24267              137327             1253091
 1.300                1996               30923             1046231
 1.350                  14               10321              919930
 1.400                   1                4250              817585
 1.450                   0                1778              697841
 1.500                   0                 748              545601
 1.550                   0                 313              380638
 1.600                   0                 156              231846
 1.650                   0                  53              117548
 1.700                   0                  26               46376
 1.750                   0                   8               11392
 1.800                   0                   5                1212
 1.850                   0                   1                  33
 1.900                   0                   0                   2
 1.950                   0                   0                   2
 2.000                   0                   0                   0
 2.050                   0                   0                   0
 2.100                   0                   0                   2
 2.150                   0                   0                   0
 2.200                   0                   0                   0
 2.250                   0                   0                   0
 2.300                   0                   0                   0
 2.350                   0                   0                   0
 2.400                   0                   0                   0
 2.450                   0                   0                   0
 2.500                   0                   0                   0
 2.550                   0                   0                   0
 2.600                   0                   0                   0
 2.650                   0                   0                   0
 2.700                   0                   0                   0
 2.750                   0                   0                   0
 2.800                   0                   0                   0
 2.850                   0                   0                   0
 2.900                   0                   0                   0
 2.950                   0                   0                   0
 3.000                   0                   0                   0
 3.050                   0                   0                   0
 3.100                   0                   0                   0
 3.150                   0                   0                   0
 3.200                   0                   0                   0
 3.250                   0                   0                   0
 3.300                   0                   0                   0
 3.350                   0                   0                   0
 3.400                   0                   0                   0
 3.450                   0                   0                   0
 3.500                   0                   0                   0
 3.550                   0                   0                   0
 3.600                   0                   0                   0
 3.650                   0                   0                   0
 3.700                   0                   0                   0
 3.750                   0                   0                   0
 3.800                   0                   0                   0
 3.850                   0                   0                   0
 3.900                   0                   0                   0
 3.950                   0                   0                   0
 4.000                   0                   0                   0
 4.050                   0                   0                   0
 4.100                   0                   0                   0
 4.150                   0                   0                   0
 4.200                   0                   0                   0
 4.250                   0                   0                   0
 4.300                   0                   0                   0
 4.350                   0                   0                   0
 4.400                   0                   0                   0
 4.450                   0                   0                   0
 4.500                   0                   0                   0
 4.550                   0                   0                   0
 4.600                   0                   0                   0
 4.650                   0                   0                   0
 4.700                   0                   0                   0
 4.750                   0                   0                   0
 4.800                   0                   0                   0
 4.850                   0                   0                   0
 4.900                   0                   0                   0
 4.950                   0                   0                   0
