 0.000             8804667             7973422            10127653
 0.050              523021              270116              302778
 0.100              418093              379132              258335
 0.150              373551              460421              195210
 0.200              353821              494483              137885
 0.250              343171              483548              102062
 0.300              338827              448519               80438
 0.350              342624              415032               68941
 0.400              347064              395969               62017
 0.450              355784              390264               58985
 0.500              370359              395876               57673
 0.550              387194              411334               58489
 0.600              412552              431985               60025
 0.650              445548              461161               63738
 0.700              491722              502675               68081
 0.750              551498              562171               73511
 0.800              641423              645730               81002
 0.850              789203              775680               89899
 0.900             1029669              999232              103766
 0.950             1560848             1452628              124523
 1.000             5040436             4611266             3284410
 1.050             7771095             7156123             6188876
 1.100             3364924             3865656             4115502
 1.150              538543             1227427             2410605
 1.200               54160              314185             1640666
 1.250                1250               79981             1222141
 1.300                  63               26798              984206
 1.350                  32               11297              823878
 1.400                   8                5061              707614
 1.450                   9                2322              598845
 1.500                   4                 981              480365
 1.550                   5                 415              363600
 1.600                   5                 176              261701
 1.650                   1                  83              175701
 1.700                   1                  18              108836
 1.750                   0                   6               60724
 1.800                   3                   2               29954
 1.850                   0                   2               12799
 1.900                   0                   1                4298
 1.950                   0                   1                1183
 2.000                   0                   0                 231
 2.050                   0                   1                  32
 2.100                   0                   0                   2
 2.150                   0                   0                   0
 2.200                   1                   0                   0
 2.250                   0                   0                   0
 2.300                   0                   0                   0
 2.350                   0                   0                   0
 2.400                   0                   0                   0
 2.450                   0                   0                   0
 2.500                   0                   0                   0
 2.550                   0                   0                   0
 2.600                   0                   0                   0
 2.650                   0                   0                   0
 2.700                   0                   0                   0
 2.750                   0                   0                   0
 2.800                   0                   0                   0
 2.850                   0                   0                   0
 2.900                   1                   0                   0
 2.950                   0                   0                   0
 3.000                   0                   0                   0
 3.050                   0                   0                   0
 3.100                   0                   0                   0
 3.150                   0                   0                   0
 3.200                   0                   0                   0
 3.250                   0                   0                   0
 3.300                   0                   0                   0
 3.350                   0                   0                   0
 3.400                   0                   0                   0
 3.450                   0                   0                   0
 3.500                   0                   0                   0
 3.550                   0                   0                   0
 3.600                   0                   0                   0
 3.650                   0                   0                   0
 3.700                   0                   0                   0
 3.750                   0                   0                   0
 3.800                   0                   0                   0
 3.850                   0                   0                   0
 3.900                   0                   0                   0
 3.950                   0                   0                   0
 4.000                   0                   0                   0
 4.050                   0                   0                   0
 4.100                   0                   0                   0
 4.150                   0                   0                   0
 4.200                   0                   0                   0
 4.250                   0                   0                   0
 4.300                   0                   0                   0
 4.350                   0                   0                   0
 4.400                   0                   0                   0
 4.450                   0                   0                   0
 4.500                   0                   0                   0
 4.550                   0                   0                   0
 4.600                   0                   0                   0
 4.650                   0                   0                   0
 4.700                   0                   0                   0
 4.750                   0                   0                   0
 4.800                   0                   0                   0
 4.850                   0                   0                   0
 4.900                   0                   0                   0
 4.950                   0                   0                   0
