 0.000             8051301             7338424             9585808
 0.050              431702              175347              171685
 0.100              345385              273199              112230
 0.150              309410              372231               93835
 0.200              291384              425052               77671
 0.250              282438              423040               63918
 0.300              278104              394718               48294
 0.350              280939              365895               35277
 0.400              285709              346649               28481
 0.450              293254              338301               27429
 0.500              306707              342020               28426
 0.550              322695              352234               29950
 0.600              344867              368660               31766
 0.650              374287              393692               34382
 0.700              410293              422276               37147
 0.750              456679              463319               40713
 0.800              522659              519871               44798
 0.850              612788              600284               51113
 0.900              745582              727264               59336
 0.950              962895              924130               70658
 1.000             1362130             1294966               95991
 1.050             4462693             4477457             3775864
 1.100             5781862             5652971             5160318
 1.150             4231318             4111707             3986152
 1.200             1858985             2156427             2620519
 1.250              405024              653829             1852318
 1.300               37081              109345             1504248
 1.350                1001               17053             1297882
 1.400                   0                5014             1123115
 1.450                   0                2048              912531
 1.500                   0                 930              626802
 1.550                   0                 455              322447
 1.600                   0                 191               91002
 1.650                   0                  99                6938
 1.700                   0                  45                 110
 1.750                   0                  22                  13
 1.800                   0                   4                   2
 1.850                   0                   2                   1
 1.900                   0                   1                   1
 1.950                   0                   0                   0
 2.000                   0                   0                   1
 2.050                   0                   0                   0
 2.100                   0                   0                   0
 2.150                   0                   0                   0
 2.200                   0                   0                   0
 2.250                   0                   0                   0
 2.300                   0                   0                   0
 2.350                   0                   0                   0
 2.400                   0                   0                   0
 2.450                   0                   0                   0
 2.500                   0                   0                   0
 2.550                   0                   0                   0
 2.600                   0                   0                   0
 2.650                   0                   0                   0
 2.700                   0                   0                   0
 2.750                   0                   0                   0
 2.800                   0                   0                   0
 2.850                   0                   0                   0
 2.900                   0                   0                   0
 2.950                   0                   0                   0
 3.000                   0                   0                   0
 3.050                   0                   0                   0
 3.100                   0                   0                   0
 3.150                   0                   0                   0
 3.200                   0                   0                   0
 3.250                   0                   0                   0
 3.300                   0                   0                   0
 3.350                   0                   0                   0
 3.400                   0                   0                   0
 3.450                   0                   0                   0
 3.500                   0                   0                   0
 3.550                   0                   0                   0
 3.600                   0                   0                   0
 3.650                   0                   0                   0
 3.700                   0                   0                   0
 3.750                   0                   0                   0
 3.800                   0                   0                   0
 3.850                   0                   0                   0
 3.900                   0                   0                   0
 3.950                   0                   0                   0
 4.000                   0                   0                   0
 4.050                   0                   0                   0
 4.100                   0                   0                   0
 4.150                   0                   0                   0
 4.200                   0                   0                   0
 4.250                   0                   0                   0
 4.300                   0                   0                   0
 4.350                   0                   0                   0
 4.400                   0                   0                   0
 4.450                   0                   0                   0
 4.500                   0                   0                   0
 4.550                   0                   0                   0
 4.600                   0                   0                   0
 4.650                   0                   0                   0
 4.700                   0                   0                   0
 4.750                   0                   0                   0
 4.800                   0                   0                   0
 4.850                   0                   0                   0
 4.900                   0                   0                   0
 4.950                   0                   0                   0
