 0.000             8813717             8003088            10069067
 0.050              518833              268459              294545
 0.100              415427              372741              262819
 0.150              370831              452232              195376
 0.200              348558              482278              138979
 0.250              337190              474664              105461
 0.300              333749              440316               83399
 0.350              332662              406746               70794
 0.400              337221              386144               63214
 0.450              347388              381154               59272
 0.500              359531              386432               58749
 0.550              377245              400632               58893
 0.600              399272              420449               61311
 0.650              429842              449422               64510
 0.700              468871              489251               69182
 0.750              523780              545111               75677
 0.800              603806              628123               82388
 0.850              731387              754855               91649
 0.900              979105              968388              105460
 0.950             1533186             1426905              126026
 1.000             6468184             5743125             4308668
 1.050             8484130             7778585             6370295
 1.100             2618333             3508074             4227947
 1.150              317668              954049             2393147
 1.200               15013              229107             1524453
 1.250                 388               67958             1142716
 1.300                  63               26003              934011
 1.350                  25               11579              783728
 1.400                  13                5337              666912
 1.450                   5                2406              554032
 1.500                   4                 999              440869
 1.550                   3                 450              334442
 1.600                   1                 215              241920
 1.650                   0                  87              166181
 1.700                   0                  37              106934
 1.750                   0                  18               64601
 1.800                   1                   7               36118
 1.850                   0                   2               18523
 1.900                   0                   1                8467
 1.950                   0                   2                3243
 2.000                   0                   1                1090
 2.050                   0                   0                 283
 2.100                   0                   0                  65
 2.150                   0                   0                  15
 2.200                   0                   0                   1
 2.250                   0                   0                   0
 2.300                   0                   0                   0
 2.350                   0                   0                   0
 2.400                   0                   0                   0
 2.450                   0                   0                   0
 2.500                   0                   0                   0
 2.550                   0                   0                   0
 2.600                   0                   0                   0
 2.650                   0                   0                   0
 2.700                   0                   0                   0
 2.750                   0                   0                   0
 2.800                   0                   0                   0
 2.850                   0                   0                   0
 2.900                   0                   0                   0
 2.950                   0                   0                   0
 3.000                   0                   0                   0
 3.050                   0                   0                   0
 3.100                   0                   0                   0
 3.150                   0                   0                   0
 3.200                   0                   0                   0
 3.250                   0                   0                   0
 3.300                   0                   0                   0
 3.350                   0                   0                   0
 3.400                   0                   0                   0
 3.450                   0                   0                   0
 3.500                   0                   0                   0
 3.550                   0                   0                   0
 3.600                   0                   0                   0
 3.650                   0                   0                   0
 3.700                   0                   0                   0
 3.750                   0                   0                   0
 3.800                   0                   0                   0
 3.850                   0                   0                   0
 3.900                   0                   0                   0
 3.950                   0                   0                   0
 4.000                   0                   0                   0
 4.050                   0                   0                   0
 4.100                   0                   0                   0
 4.150                   0                   0                   0
 4.200                   0                   0                   0
 4.250                   0                   0                   0
 4.300                   0                   0                   0
 4.350                   0                   0                   0
 4.400                   0                   0                   0
 4.450                   0                   0                   0
 4.500                   0                   0                   0
 4.550                   0                   0                   0
 4.600                   0                   0                   0
 4.650                   0                   0                   0
 4.700                   0                   0                   0
 4.750                   0                   0                   0
 4.800                   0                   0                   0
 4.850                   0                   0                   0
 4.900                   0                   0                   0
 4.950                   0                   0                   0
