 0.000             8484138             7686245             9825168
 0.050              487995              246485              262828
 0.100              389676              359410              214468
 0.150              346626              444566              151233
 0.200              327257              473169              106979
 0.250              316344              457305               79538
 0.300              312811              419567               64332
 0.350              314265              385325               56467
 0.400              318377              366822               51172
 0.450              327463              362357               48203
 0.500              339586              367738               47169
 0.550              358834              380270               48168
 0.600              383464              399030               50586
 0.650              414936              427646               53728
 0.700              455871              464384               57466
 0.750              511582              514875               63001
 0.800              592656              587664               69686
 0.850              705762              693466               78417
 0.900              883271              867126               90811
 0.950             1238180             1185331              109629
 1.000             3182663             3058399             2301892
 1.050             7391155             6756061             5776988
 1.100             5067925             5121065             4599350
 1.150             1395291             2044003             2722969
 1.200              164083              504365             1715262
 1.250                6319               99073             1260346
 1.300                  91               26777             1042370
 1.350                  14               10164              901918
 1.400                   2                4466              795473
 1.450                   0                2055              671563
 1.500                   0                 869              525964
 1.550                   0                 320              378973
 1.600                   0                 128              247854
 1.650                   0                  66              141033
 1.700                   0                  28               68430
 1.750                   0                  11               27317
 1.800                   0                   5                8418
 1.850                   0                   1                1388
 1.900                   0                   0                  77
 1.950                   0                   0                   2
 2.000                   0                   0                   0
 2.050                   0                   0                   1
 2.100                   0                   0                   0
 2.150                   0                   0                   0
 2.200                   0                   0                   0
 2.250                   0                   0                   0
 2.300                   0                   0                   0
 2.350                   0                   0                   0
 2.400                   0                   0                   0
 2.450                   0                   0                   0
 2.500                   0                   0                   0
 2.550                   0                   0                   0
 2.600                   0                   0                   0
 2.650                   0                   0                   0
 2.700                   0                   0                   0
 2.750                   0                   0                   0
 2.800                   0                   0                   0
 2.850                   0                   0                   0
 2.900                   0                   0                   0
 2.950                   0                   0                   0
 3.000                   0                   0                   0
 3.050                   0                   0                   0
 3.100                   0                   0                   0
 3.150                   0                   0                   0
 3.200                   0                   0                   0
 3.250                   0                   0                   0
 3.300                   0                   0                   0
 3.350                   0                   0                   0
 3.400                   0                   0                   0
 3.450                   0                   0                   0
 3.500                   0                   0                   0
 3.550                   0                   0                   0
 3.600                   0                   0                   0
 3.650                   0                   0                   0
 3.700                   0                   0                   0
 3.750                   0                   0                   0
 3.800                   0                   0                   0
 3.850                   0                   0                   0
 3.900                   0                   0                   0
 3.950                   0                   0                   0
 4.000                   0                   0                   0
 4.050                   0                   0                   0
 4.100                   0                   0                   0
 4.150                   0                   0                   0
 4.200                   0                   0                   0
 4.250                   0                   0                   0
 4.300                   0                   0                   0
 4.350                   0                   0                   0
 4.400                   0                   0                   0
 4.450                   0                   0                   0
 4.500                   0                   0                   0
 4.550                   0                   0                   0
 4.600                   0                   0                   0
 4.650                   0                   0                   0
 4.700                   0                   0                   0
 4.750                   0                   0                   0
 4.800                   0                   0                   0
 4.850                   0                   0                   0
 4.900                   0                   0                   0
 4.950                   0                   0                   0
