 0.000             8813038             7994181            10101980
 0.050              527143              270231              310562
 0.100              420625              377049              263049
 0.150              374832              456151              196731
 0.200              352230              486938              142042
 0.250              340871              477935              105244
 0.300              336152              446931               83050
 0.350              336041              412475               70620
 0.400              340054              391593               63437
 0.450              350380              385907               59681
 0.500              363383              391863               58615
 0.550              381579              406961               59571
 0.600              406543              428204               60862
 0.650              435793              458234               64374
 0.700              481680              499879               69375
 0.750              547884              559673               74994
 0.800              643671              644758               82738
 0.850              792332              782266               92040
 0.900             1039177             1001926              105229
 0.950             1520046             1444671              125624
 1.000             5787203             5139063             3702909
 1.050             8123174             7518936             6345534
 1.100             2811189             3555395             4081861
 1.150              486265             1119997             2440554
 1.200               27658              265877             1564823
 1.250                1311               75253             1195637
 1.300                  46               27234              965529
 1.350                  22               11441              816374
 1.400                   8                5196              693079
 1.450                   2                2380              576258
 1.500                   1                 981              459660
 1.550                   0                 435              350381
 1.600                   0                 179              251497
 1.650                   0                  87              170826
 1.700                   0                  33              109392
 1.750                   0                  12               64994
 1.800                   0                   5               34888
 1.850                   0                   1               16331
 1.900                   0                   1                6767
 1.950                   0                   0                2357
 2.000                   0                   0                 679
 2.050                   0                   0                 160
 2.100                   0                   0                  23
 2.150                   0                   0                   1
 2.200                   0                   0                   1
 2.250                   0                   0                   0
 2.300                   0                   0                   0
 2.350                   0                   0                   0
 2.400                   0                   1                   0
 2.450                   0                   0                   0
 2.500                   0                   0                   0
 2.550                   0                   0                   0
 2.600                   0                   0                   0
 2.650                   0                   0                   0
 2.700                   0                   0                   0
 2.750                   0                   0                   0
 2.800                   0                   0                   0
 2.850                   0                   0                   0
 2.900                   0                   0                   0
 2.950                   0                   0                   0
 3.000                   0                   0                   0
 3.050                   0                   0                   0
 3.100                   0                   0                   0
 3.150                   0                   0                   0
 3.200                   0                   0                   0
 3.250                   0                   0                   0
 3.300                   0                   0                   0
 3.350                   0                   0                   0
 3.400                   0                   0                   0
 3.450                   0                   0                   0
 3.500                   0                   0                   0
 3.550                   0                   0                   0
 3.600                   0                   0                   0
 3.650                   0                   0                   0
 3.700                   0                   0                   0
 3.750                   0                   0                   0
 3.800                   0                   0                   0
 3.850                   0                   0                   0
 3.900                   0                   0                   0
 3.950                   0                   0                   0
 4.000                   0                   0                   0
 4.050                   0                   0                   0
 4.100                   0                   0                   0
 4.150                   0                   0                   0
 4.200                   0                   0                   0
 4.250                   0                   0                   0
 4.300                   0                   0                   0
 4.350                   0                   0                   0
 4.400                   0                   0                   0
 4.450                   0                   0                   0
 4.500                   0                   0                   0
 4.550                   0                   0                   0
 4.600                   0                   0                   0
 4.650                   0                   0                   0
 4.700                   0                   0                   0
 4.750                   0                   0                   0
 4.800                   0                   0                   0
 4.850                   0                   0                   0
 4.900                   0                   0                   0
 4.950                   0                   0                   0
