 0.000             8210499             7436183             9701863
 0.050              468645              203242              220713
 0.100              374372              315297              154798
 0.150              332139              414112              111239
 0.200              312376              457037               83909
 0.250              303587              451237               67217
 0.300              300227              417363               54873
 0.350              301650              384530               46488
 0.400              307408              364015               40361
 0.450              314845              357299               36751
 0.500              330252              361004               36025
 0.550              350484              372806               37615
 0.600              375065              393213               40081
 0.650              405700              419741               42945
 0.700              447925              455124               46532
 0.750              504603              503652               50989
 0.800              576971              568632               56930
 0.850              676190              660066               64382
 0.900              821991              803900               74597
 0.950             1081774             1049342               90327
 1.000             2206212             2119139             1046965
 1.050             5955941             5918124             5511558
 1.100             5667977             5284702             5042175
 1.150             2807208             3114363             3118891
 1.200              704051             1098584             1909083
 1.250               77839              236414             1405892
 1.300                2999               41257             1170590
 1.350                   6               11012             1009472
 1.400                   0                4328              900081
 1.450                   0                1795              755374
 1.500                   0                 805              578521
 1.550                   0                 359              386965
 1.600                   0                 159              213717
 1.650                   0                  65               88676
 1.700                   0                  21               20726
 1.750                   0                  11                1578
 1.800                   0                   1                  29
 1.850                   0                   1                   4
 1.900                   0                   1                   1
 1.950                   0                   0                   0
 2.000                   0                   0                   1
 2.050                   0                   0                   2
 2.100                   0                   0                   0
 2.150                   0                   0                   0
 2.200                   0                   0                   0
 2.250                   0                   0                   0
 2.300                   0                   0                   0
 2.350                   0                   0                   0
 2.400                   0                   0                   0
 2.450                   0                   0                   0
 2.500                   0                   0                   0
 2.550                   0                   0                   0
 2.600                   0                   0                   0
 2.650                   0                   0                   0
 2.700                   0                   0                   0
 2.750                   0                   0                   0
 2.800                   0                   0                   0
 2.850                   0                   0                   0
 2.900                   0                   0                   0
 2.950                   0                   0                   0
 3.000                   0                   0                   0
 3.050                   0                   0                   0
 3.100                   0                   0                   0
 3.150                   0                   0                   0
 3.200                   0                   0                   0
 3.250                   0                   0                   0
 3.300                   0                   0                   0
 3.350                   0                   0                   0
 3.400                   0                   0                   0
 3.450                   0                   0                   0
 3.500                   0                   0                   0
 3.550                   0                   0                   0
 3.600                   0                   0                   0
 3.650                   0                   0                   0
 3.700                   0                   0                   0
 3.750                   0                   0                   0
 3.800                   0                   0                   0
 3.850                   0                   0                   0
 3.900                   0                   0                   0
 3.950                   0                   0                   0
 4.000                   0                   0                   0
 4.050                   0                   0                   0
 4.100                   0                   0                   0
 4.150                   0                   0                   0
 4.200                   0                   0                   0
 4.250                   0                   0                   0
 4.300                   0                   0                   0
 4.350                   0                   0                   0
 4.400                   0                   0                   0
 4.450                   0                   0                   0
 4.500                   0                   0                   0
 4.550                   0                   0                   0
 4.600                   0                   0                   0
 4.650                   0                   0                   0
 4.700                   0                   0                   0
 4.750                   0                   0                   0
 4.800                   0                   0                   0
 4.850                   0                   0                   0
 4.900                   0                   0                   0
 4.950                   0                   0                   0
