 0.000             7963350             7271475             9486889
 0.050              414324              176603              146825
 0.100              333623              271452              107300
 0.150              297483              364045               90312
 0.200              281317              411012               77104
 0.250              273746              406932               62051
 0.300              270491              379576               43204
 0.350              271280              351759               29870
 0.400              275602              332951               24959
 0.450              284671              327370               25416
 0.500              296043              330728               26614
 0.550              311049              341797               27921
 0.600              331948              357756               29672
 0.650              360815              380630               31995
 0.700              398875              411725               34421
 0.750              447397              452553               37394
 0.800              510371              505117               41572
 0.850              595382              582716               47124
 0.900              715628              697494               54505
 0.950              910137              878060               65223
 1.000             1238831             1195694               81187
 1.050             3520462             3494565             2552820
 1.100             5881720             5819751             5100154
 1.150             4763729             4587014             4319887
 1.200             2393519             2638334             3032162
 1.250              614514              876430             2163194
 1.300               71573              156085             1743348
 1.350                2889               21378             1480309
 1.400                  66                5672             1242188
 1.450                   0                2218              966892
 1.500                   0                1051              598616
 1.550                   0                 475              230271
 1.600                   0                 227               28946
 1.650                   0                  98                 455
 1.700                   0                  61                  26
 1.750                   0                  20                   5
 1.800                   0                   4                   1
 1.850                   0                   5                   0
 1.900                   0                   1                   1
 1.950                   0                   0                   2
 2.000                   0                   1                   0
 2.050                   0                   0                   0
 2.100                   0                   0                   0
 2.150                   0                   0                   0
 2.200                   0                   0                   0
 2.250                   0                   0                   0
 2.300                   0                   0                   0
 2.350                   0                   0                   0
 2.400                   0                   0                   0
 2.450                   0                   0                   0
 2.500                   0                   0                   0
 2.550                   0                   0                   0
 2.600                   0                   0                   0
 2.650                   0                   0                   0
 2.700                   0                   0                   0
 2.750                   0                   0                   0
 2.800                   0                   0                   0
 2.850                   0                   0                   0
 2.900                   0                   0                   0
 2.950                   0                   0                   0
 3.000                   0                   0                   0
 3.050                   0                   0                   0
 3.100                   0                   0                   0
 3.150                   0                   0                   0
 3.200                   0                   0                   0
 3.250                   0                   0                   0
 3.300                   0                   0                   0
 3.350                   0                   0                   0
 3.400                   0                   0                   0
 3.450                   0                   0                   0
 3.500                   0                   0                   0
 3.550                   0                   0                   0
 3.600                   0                   0                   0
 3.650                   0                   0                   0
 3.700                   0                   0                   0
 3.750                   0                   0                   0
 3.800                   0                   0                   0
 3.850                   0                   0                   0
 3.900                   0                   0                   0
 3.950                   0                   0                   0
 4.000                   0                   0                   0
 4.050                   0                   0                   0
 4.100                   0                   0                   0
 4.150                   0                   0                   0
 4.200                   0                   0                   0
 4.250                   0                   0                   0
 4.300                   0                   0                   0
 4.350                   0                   0                   0
 4.400                   0                   0                   0
 4.450                   0                   0                   0
 4.500                   0                   0                   0
 4.550                   0                   0                   0
 4.600                   0                   0                   0
 4.650                   0                   0                   0
 4.700                   0                   0                   0
 4.750                   0                   0                   0
 4.800                   0                   0                   0
 4.850                   0                   0                   0
 4.900                   0                   0                   0
 4.950                   0                   0                   0
