 0.000             8428819             7629681             9795331
 0.050              487763              242747              257582
 0.100              389586              357398              197306
 0.150              349755              447380              142975
 0.200              328537              477873              100969
 0.250              318928              461506               75600
 0.300              315264              420988               62136
 0.350              315790              389148               54643
 0.400              319883              369226               49457
 0.450              329055              361746               46303
 0.500              339172              366884               45670
 0.550              355746              376995               46739
 0.600              379463              396478               49215
 0.650              409517              425137               52648
 0.700              452378              460786               56745
 0.750              509718              509732               61492
 0.800              587290              580217               68366
 0.850              702932              687264               77118
 0.900              888419              852912               88828
 0.950             1225407             1161462              107165
 1.000             2961805             2905881             2222867
 1.050             7379952             6858513             6060117
 1.100             5068556             5020721             4543995
 1.150             1569437             2161657             2685230
 1.200              190242              543903             1697441
 1.250                5874              100784             1257511
 1.300                  37               25038             1013757
 1.350                  10                9811              889690
 1.400                   4                4217              786492
 1.450                   2                1950              664909
 1.500                   1                 799              520152
 1.550                   0                 297              373173
 1.600                   0                 130              237109
 1.650                   0                  44              131216
 1.700                   0                  22               60609
 1.750                   0                   9               22613
 1.800                   0                   4                5501
 1.850                   0                   1                 651
 1.900                   0                   1                  19
 1.950                   0                   0                   1
 2.000                   0                   0                   1
 2.050                   0                   0                   0
 2.100                   0                   0                   0
 2.150                   0                   0                   0
 2.200                   0                   0                   0
 2.250                   0                   0                   0
 2.300                   0                   0                   0
 2.350                   0                   0                   0
 2.400                   0                   0                   0
 2.450                   0                   0                   0
 2.500                   0                   0                   0
 2.550                   0                   0                   0
 2.600                   0                   0                   0
 2.650                   0                   0                   0
 2.700                   0                   0                   0
 2.750                   0                   0                   0
 2.800                   0                   0                   0
 2.850                   0                   0                   0
 2.900                   0                   0                   0
 2.950                   0                   0                   0
 3.000                   0                   0                   0
 3.050                   0                   0                   0
 3.100                   0                   0                   0
 3.150                   0                   0                   0
 3.200                   0                   0                   0
 3.250                   0                   0                   0
 3.300                   0                   0                   0
 3.350                   0                   0                   0
 3.400                   0                   0                   0
 3.450                   0                   0                   0
 3.500                   0                   0                   0
 3.550                   0                   0                   0
 3.600                   0                   0                   0
 3.650                   0                   0                   0
 3.700                   0                   0                   0
 3.750                   0                   0                   0
 3.800                   0                   0                   0
 3.850                   0                   0                   0
 3.900                   0                   0                   0
 3.950                   0                   0                   0
 4.000                   0                   0                   0
 4.050                   0                   0                   0
 4.100                   0                   0                   0
 4.150                   0                   0                   0
 4.200                   0                   0                   0
 4.250                   0                   0                   0
 4.300                   0                   0                   0
 4.350                   0                   0                   0
 4.400                   0                   0                   0
 4.450                   0                   0                   0
 4.500                   0                   0                   0
 4.550                   0                   0                   0
 4.600                   0                   0                   0
 4.650                   0                   0                   0
 4.700                   0                   0                   0
 4.750                   0                   0                   0
 4.800                   0                   0                   0
 4.850                   0                   0                   0
 4.900                   0                   0                   0
 4.950                   0                   0                   0
