 0.000             8628747             7818365             9927477
 0.050              502918              258117              279980
 0.100              401317              364575              238488
 0.150              359383              445110              172162
 0.200              337510              479358              118507
 0.250              324173              464103               87177
 0.300              320335              432178               69968
 0.350              318663              397699               60358
 0.400              322204              375032               54828
 0.450              329427              367291               52064
 0.500              341298              372413               50542
 0.550              356113              382933               51034
 0.600              378918              400914               53163
 0.650              408286              426688               56246
 0.700              448746              461423               60583
 0.750              505770              510774               66537
 0.800              590352              586409               73486
 0.850              702770              696566               82808
 0.900              883826              876453               95268
 0.950             1260609             1206732              115014
 1.000             3709495             3507898             2600181
 1.050             7532281             6730058             5621472
 1.100             4759853             4923967             4277023
 1.150             1108162             1873171             2763235
 1.200              113347              447546             1732871
 1.250                9971               99323             1273122
 1.300                 310               28914             1039675
 1.350                  14               11630              911165
 1.400                   5                5167              798000
 1.450                   0                2279              675288
 1.500                   0                1018              537563
 1.550                   0                 432              393333
 1.600                   0                 164              265017
 1.650                   0                  56              160223
 1.700                   0                  26               84994
 1.750                   0                  12               37799
 1.800                   0                   4               13504
 1.850                   0                   3                3935
 1.900                   0                   2                 663
 1.950                   0                   0                  47
 2.000                   0                   0                   3
 2.050                   0                   0                   0
 2.100                   0                   0                   0
 2.150                   0                   0                   0
 2.200                   0                   0                   0
 2.250                   0                   0                   0
 2.300                   0                   0                   0
 2.350                   0                   0                   0
 2.400                   0                   0                   0
 2.450                   0                   0                   0
 2.500                   0                   0                   0
 2.550                   0                   0                   0
 2.600                   0                   0                   0
 2.650                   0                   0                   0
 2.700                   0                   0                   0
 2.750                   0                   0                   0
 2.800                   0                   0                   0
 2.850                   0                   0                   0
 2.900                   0                   0                   0
 2.950                   0                   0                   0
 3.000                   0                   0                   0
 3.050                   0                   0                   0
 3.100                   0                   0                   0
 3.150                   0                   0                   0
 3.200                   0                   0                   0
 3.250                   0                   0                   0
 3.300                   0                   0                   0
 3.350                   0                   0                   0
 3.400                   0                   0                   0
 3.450                   0                   0                   0
 3.500                   0                   0                   0
 3.550                   0                   0                   0
 3.600                   0                   0                   0
 3.650                   0                   0                   0
 3.700                   0                   0                   0
 3.750                   0                   0                   0
 3.800                   0                   0                   0
 3.850                   0                   0                   0
 3.900                   0                   0                   0
 3.950                   0                   0                   0
 4.000                   0                   0                   0
 4.050                   0                   0                   0
 4.100                   0                   0                   0
 4.150                   0                   0                   0
 4.200                   0                   0                   0
 4.250                   0                   0                   0
 4.300                   0                   0                   0
 4.350                   0                   0                   0
 4.400                   0                   0                   0
 4.450                   0                   0                   0
 4.500                   0                   0                   0
 4.550                   0                   0                   0
 4.600                   0                   0                   0
 4.650                   0                   0                   0
 4.700                   0                   0                   0
 4.750                   0                   0                   0
 4.800                   0                   0                   0
 4.850                   0                   0                   0
 4.900                   0                   0                   0
 4.950                   0                   0                   0
