 0.000           885661391           736712537
 0.100             1501271            14402605
 0.200             1543450            13873084
 0.300             1674082            13455292
 0.400             1636632            10930398
 0.500             1714414             9765549
 0.600             1689671             8225302
 0.700             1756774             7546667
 0.800             1767224             6725653
 0.900             1726399             5832512
 1.000             1787177             5570164
 1.100             1770391             4995906
 1.200             1809755             4711136
 1.300             1812378             4338613
 1.400             1792256             3959367
 1.500             1821110             3778955
 1.600             1829621             3571720
 1.700             1830693             3369127
 1.800             1805809             3092529
 1.900             1844887             3054008
 2.000             1880181             2979063
 2.100             1847354             2777836
 2.200             1857215             2688232
 2.300             1880490             2620973
 2.400             1827608             2405597
 2.500             1893475             2495675
 2.600             1877338             2335007
 2.700             1888408             2300116
 2.800             1902033             2264112
 2.900             1892247             2185891
 3.000             1926414             2210121
 3.100             1901641             2068439
 3.200             1936798             2115530
 3.300             1898204             1960528
 3.400             1937002             1986734
 3.500             1932797             1930077
 3.600             1927262             1877460
 3.700             1909750             1835485
 3.800             1928031             1867455
 3.900             1908896             1809623
 4.000             1879736             1740454
 4.100             1878648             1753684
 4.200             1855023             1738459
 4.300             1851243             1748072
 4.400             1830590             1745848
 4.500             1772142             1649273
 4.600             1763983             1700298
 4.700             1717088             1671181
 4.800             1673441             1632150
 4.900             1638329             1629285
 5.000             1607308             1640435
 5.100             1562589             1591583
 5.200             1526126             1575037
 5.300             1468844             1526554
 5.400             1437606             1531943
 5.500             1383648             1462361
 5.600             1334576             1425777
 5.700             1293541             1383501
 5.800             1250969             1348925
 5.900             1211800             1309048
 6.000             1174360             1240756
 6.100             1141597             1221078
 6.200             1102406             1197657
 6.300             1069264             1182706
 6.400             1029881             1191825
 6.500              978092             1134734
 6.600              942970             1135580
 6.700              908168             1119776
 6.800              884747             1131745
 6.900              855126             1126622
 7.000              828730             1109669
 7.100              810532             1109464
 7.200              786851             1061942
 7.300              763369             1041629
 7.400              744847             1048655
 7.500              713283             1007438
 7.600              697358             1033177
 7.700              670514             1021977
 7.800              645042             1024059
 7.900              618250             1025419
 8.000              596258             1047439
 8.100              574675             1043312
 8.200              553111             1026857
 8.300              532234             1021051
 8.400              506828              987996
 8.500              490443             1009223
 8.600              477081             1012952
 8.700              460564             1009776
 8.800              446482             1021899
 8.900              425847              994406
 9.000              410225              993635
 9.100              395402              972041
 9.200              387026              962122
 9.300              371162              931779
 9.400              361730              956101
 9.500              351291             1475423
 9.600              337232            20307964
 9.700              323420            20631170
 9.800              316592                   0
 9.900              305115                   0
10.000              293480                   0
10.100              284625                   0
10.200              276853                   0
10.300              266023                   0
10.400              259819                   0
10.500              249493                   0
10.600              240696                   0
10.700              237451                   0
10.800              231728                   0
10.900              224598                   0
11.000              216591                   0
11.100              206306                   0
11.200              199928                   0
11.300              193781                   0
11.400              189789                   0
11.500              182322                   0
11.600              177506                   0
11.700              171009                   0
11.800              167186                   0
11.900              161577                   0
12.000              158570                   0
12.100              153330                   0
12.200              146334                   0
12.300              140443                   0
12.400              134981                   0
12.500              129685                   0
12.600              125396                   0
12.700              122467                   0
12.800              116722                   0
12.900              113527                   0
13.000              110394                   0
13.100              106986                   0
13.200              104037                   0
13.300              101158                   0
13.400               97648                   0
13.500               94151                   0
13.600               92111                   0
13.700               89425                   0
13.800               85583                   0
13.900               83398                   0
14.000               81078                   0
14.100               79867                   0
14.200               77674                   0
14.300               75498                   0
14.400               71809                   0
14.500               68934                   0
14.600               66871                   0
14.700               65674                   0
14.800               62884                   0
14.900               59569                   0
15.000               57515                   0
15.100               55481                   0
15.200               54941                   0
15.300               53185                   0
15.400               52160                   0
15.500               49536                   0
15.600               47273                   0
15.700               44989                   0
15.800               43361                   0
15.900               42090                   0
16.000               40708                   0
16.100               38764                   0
16.200               37686                   0
16.300               36356                   0
16.400               35820                   0
16.500               35451                   0
16.600               34213                   0
16.700               32555                   0
16.800               31544                   0
16.900               30298                   0
17.000               29305                   0
17.100               28691                   0
17.200               28485                   0
17.300               28220                   0
17.400               26350                   0
17.500               25875                   0
17.600               24622                   0
17.700               23851                   0
17.800               22566                   0
17.900               21631                   0
18.000               21028                   0
18.100               20189                   0
18.200               19758                   0
18.300               19349                   0
18.400               19032                   0
18.500               18341                   0
18.600               17984                   0
18.700               17576                   0
18.800               17258                   0
18.900               16510                   0
19.000               16023                   0
19.100               15581                   0
19.200               15334                   0
19.300               14912                   0
19.400               14459                   0
19.500               14254                   0
19.600               13872                   0
19.700               13352                   0
19.800               12914                   0
19.900               12372                   0
20.000               11512                   0
20.100               11160                   0
20.200               11224                   0
20.300               10744                   0
20.400               10697                   0
20.500               10176                   0
20.600                9929                   0
20.700                9591                   0
20.800                8959                   0
20.900                8837                   0
21.000                8730                   0
21.100                8272                   0
21.200                7957                   0
21.300                7711                   0
21.400                7854                   0
21.500                7619                   0
21.600                7422                   0
21.700                6981                   0
21.800                6660                   0
21.900                6810                   0
22.000                6622                   0
22.100                6500                   0
22.200                6423                   0
22.300                6588                   0
22.400                6490                   0
22.500                6119                   0
22.600                5909                   0
22.700                5620                   0
22.800                5554                   0
22.900                5443                   0
23.000                5364                   0
23.100                4963                   0
23.200                5017                   0
23.300                4889                   0
23.400                4695                   0
23.500                4569                   0
23.600                4385                   0
23.700                4199                   0
23.800                4098                   0
23.900                4051                   0
24.000                4025                   0
24.100                3936                   0
24.200                3759                   0
24.300                3722                   0
24.400                3801                   0
24.500                3706                   0
24.600                3436                   0
24.700                3307                   0
24.800                3240                   0
24.900                3112                   0
25.000                2922                   0
25.100                2755                   0
25.200                2684                   0
25.300                2575                   0
25.400                2523                   0
25.500                2629                   0
25.600                2507                   0
25.700                2490                   0
25.800                2388                   0
25.900                2351                   0
26.000                2434                   0
26.100                2346                   0
26.200                2199                   0
26.300                2104                   0
26.400                2137                   0
26.500                2064                   0
26.600                2000                   0
26.700                1990                   0
26.800                1961                   0
26.900                1990                   0
27.000                1936                   0
27.100                1941                   0
27.200                1929                   0
27.300                1905                   0
27.400                1891                   0
27.500                1776                   0
27.600                1852                   0
27.700                1760                   0
27.800                1808                   0
27.900                1835                   0
28.000                1823                   0
28.100                1875                   0
28.200                1727                   0
28.300                1799                   0
28.400                1773                   0
28.500                1675                   0
28.600                1777                   0
28.700                1704                   0
28.800                1782                   0
28.900                1657                   0
29.000                1744                   0
29.100                1830                   0
29.200                1684                   0
29.300                1726                   0
29.400                1532                   0
29.500                1472                   0
29.600                1329                   0
29.700                1225                   0
29.800                1304                   0
29.900                1157                   0
30.000                1178                   0
30.100                1185                   0
30.200                1231                   0
30.300                1227                   0
30.400                1280                   0
30.500                1489                   0
30.600                2568                   0
30.700                6407                   0
30.800               18322                   0
30.900                   0                   0
31.000                   0                   0
31.100                   0                   0
31.200                   0                   0
31.300                   0                   0
31.400                   0                   0
31.500                   0                   0
31.600                   0                   0
31.700                   0                   0
31.800                   0                   0
31.900                   0                   0
32.000                   0                   0
32.100                   0                   0
32.200                   0                   0
32.300                   0                   0
32.400                   0                   0
32.500                   0                   0
32.600                   0                   0
32.700                   0                   0
32.800                   0                   0
32.900                   0                   0
33.000                   0                   0
33.100                   0                   0
33.200                   0                   0
33.300                   0                   0
33.400                   0                   0
33.500                   0                   0
33.600                   0                   0
33.700                   0                   0
33.800                   0                   0
33.900                   0                   0
34.000                   0                   0
34.100                   0                   0
34.200                   0                   0
34.300                   0                   0
34.400                   0                   0
34.500                   0                   0
34.600                   0                   0
34.700                   0                   0
34.800                   0                   0
34.900                   0                   0
35.000                   0                   0
35.100                   0                   0
35.200                   0                   0
35.300                   0                   0
35.400                   0                   0
35.500                   0                   0
35.600                   0                   0
35.700                   0                   0
35.800                   0                   0
35.900                   0                   0
36.000                   0                   0
36.100                   0                   0
36.200                   0                   0
36.300                   0                   0
36.400                   0                   0
36.500                   0                   0
36.600                   0                   0
36.700                   0                   0
36.800                   0                   0
36.900                   0                   0
37.000                   0                   0
37.100                   0                   0
37.200                   0                   0
37.300                   0                   0
37.400                   0                   0
37.500                   0                   0
37.600                   0                   0
37.700                   0                   0
37.800                   0                   0
37.900                   0                   0
38.000                   0                   0
38.100                   0                   0
38.200                   0                   0
38.300                   0                   0
38.400                   0                   0
38.500                   0                   0
38.600                   0                   0
38.700                   0                   0
38.800                   0                   0
38.900                   0                   0
39.000                   0                   0
39.100                   0                   0
39.200                   0                   0
39.300                   0                   0
39.400                   0                   0
39.500                   0                   0
39.600                   0                   0
39.700                   0                   0
39.800                   0                   0
39.900                   0                   0
40.000                   0                   0
40.100                   0                   0
40.200                   0                   0
40.300                   0                   0
40.400                   0                   0
40.500                   0                   0
40.600                   0                   0
40.700                   0                   0
40.800                   0                   0
40.900                   0                   0
41.000                   0                   0
41.100                   0                   0
41.200                   0                   0
41.300                   0                   0
41.400                   0                   0
41.500                   0                   0
41.600                   0                   0
41.700                   0                   0
41.800                   0                   0
41.900                   0                   0
42.000                   0                   0
42.100                   0                   0
42.200                   0                   0
42.300                   0                   0
42.400                   0                   0
42.500                   0                   0
42.600                   0                   0
42.700                   0                   0
42.800                   0                   0
42.900                   0                   0
43.000                   0                   0
43.100                   0                   0
43.200                   0                   0
43.300                   0                   0
43.400                   0                   0
43.500                   0                   0
43.600                   0                   0
43.700                   0                   0
43.800                   0                   0
43.900                   0                   0
44.000                   0                   0
44.100                   0                   0
44.200                   0                   0
44.300                   0                   0
44.400                   0                   0
44.500                   0                   0
44.600                   0                   0
44.700                   0                   0
44.800                   0                   0
44.900                   0                   0
45.000                   0                   0
45.100                   0                   0
45.200                   0                   0
45.300                   0                   0
45.400                   0                   0
45.500                   0                   0
45.600                   0                   0
45.700                   0                   0
45.800                   0                   0
45.900                   0                   0
46.000                   0                   0
46.100                   0                   0
46.200                   0                   0
46.300                   0                   0
46.400                   0                   0
46.500                   0                   0
46.600                   0                   0
46.700                   0                   0
46.800                   0                   0
46.900                   0                   0
47.000                   0                   0
47.100                   0                   0
47.200                   0                   0
47.300                   0                   0
47.400                   0                   0
47.500                   0                   0
47.600                   0                   0
47.700                   0                   0
47.800                   0                   0
47.900                   0                   0
48.000                   0                   0
48.100                   0                   0
48.200                   0                   0
48.300                   0                   0
48.400                   0                   0
48.500                   0                   0
48.600                   0                   0
48.700                   0                   0
48.800                   0                   0
48.900                   0                   0
49.000                   0                   0
49.100                   0                   0
49.200                   0                   0
49.300                   0                   0
49.400                   0                   0
49.500                   0                   0
49.600                   0                   0
49.700                   0                   0
49.800                   0                   0
49.900                   0                   0
50.000                   0                   0
50.100                   0                   0
50.200                   0                   0
50.300                   0                   0
50.400                   0                   0
50.500                   0                   0
50.600                   0                   0
50.700                   0                   0
50.800                   0                   0
50.900                   0                   0
51.000                   0                   0
51.100                   0                   0
51.200                   0                   0
51.300                   0                   0
51.400                   0                   0
51.500                   0                   0
51.600                   0                   0
51.700                   0                   0
51.800                   0                   0
51.900                   0                   0
52.000                   0                   0
52.100                   0                   0
52.200                   0                   0
52.300                   0                   0
52.400                   0                   0
52.500                   0                   0
52.600                   0                   0
52.700                   0                   0
52.800                   0                   0
52.900                   0                   0
53.000                   0                   0
53.100                   0                   0
53.200                   0                   0
53.300                   0                   0
53.400                   0                   0
53.500                   0                   0
53.600                   0                   0
53.700                   0                   0
53.800                   0                   0
53.900                   0                   0
54.000                   0                   0
54.100                   0                   0
54.200                   0                   0
54.300                   0                   0
54.400                   0                   0
54.500                   0                   0
54.600                   0                   0
54.700                   0                   0
54.800                   0                   0
54.900                   0                   0
55.000                   0                   0
55.100                   0                   0
55.200                   0                   0
55.300                   0                   0
55.400                   0                   0
55.500                   0                   0
55.600                   0                   0
55.700                   0                   0
55.800                   0                   0
55.900                   0                   0
56.000                   0                   0
56.100                   0                   0
56.200                   0                   0
56.300                   0                   0
56.400                   0                   0
56.500                   0                   0
56.600                   0                   0
56.700                   0                   0
56.800                   0                   0
56.900                   0                   0
57.000                   0                   0
57.100                   0                   0
57.200                   0                   0
57.300                   0                   0
57.400                   0                   0
57.500                   0                   0
57.600                   0                   0
57.700                   0                   0
57.800                   0                   0
57.900                   0                   0
58.000                   0                   0
58.100                   0                   0
58.200                   0                   0
58.300                   0                   0
58.400                   0                   0
58.500                   0                   0
58.600                   0                   0
58.700                   0                   0
58.800                   0                   0
58.900                   0                   0
59.000                   0                   0
59.100                   0                   0
59.200                   0                   0
59.300                   0                   0
59.400                   0                   0
59.500                   0                   0
59.600                   0                   0
59.700                   0                   0
59.800                   0                   0
59.900                   0                   0
60.000                   0                   0
60.100                   0                   0
60.200                   0                   0
60.300                   0                   0
60.400                   0                   0
60.500                   0                   0
60.600                   0                   0
60.700                   0                   0
60.800                   0                   0
60.900                   0                   0
61.000                   0                   0
61.100                   0                   0
61.200                   0                   0
61.300                   0                   0
61.400                   0                   0
61.500                   0                   0
61.600                   0                   0
61.700                   0                   0
61.800                   0                   0
61.900                   0                   0
62.000                   0                   0
62.100                   0                   0
62.200                   0                   0
62.300                   0                   0
62.400                   0                   0
62.500                   0                   0
62.600                   0                   0
62.700                   0                   0
62.800                   0                   0
62.900                   0                   0
63.000                   0                   0
63.100                   0                   0
63.200                   0                   0
63.300                   0                   0
63.400                   0                   0
63.500                   0                   0
63.600                   0                   0
63.700                   0                   0
63.800                   0                   0
63.900                   0                   0
64.000                   0                   0
64.100                   0                   0
64.200                   0                   0
64.300                   0                   0
64.400                   0                   0
64.500                   0                   0
64.600                   0                   0
64.700                   0                   0
64.800                   0                   0
64.900                   0                   0
65.000                   0                   0
65.100                   0                   0
65.200                   0                   0
65.300                   0                   0
65.400                   0                   0
65.500                   0                   0
65.600                   0                   0
65.700                   0                   0
65.800                   0                   0
65.900                   0                   0
66.000                   0                   0
66.100                   0                   0
66.200                   0                   0
66.300                   0                   0
66.400                   0                   0
66.500                   0                   0
66.600                   0                   0
66.700                   0                   0
66.800                   0                   0
66.900                   0                   0
67.000                   0                   0
67.100                   0                   0
67.200                   0                   0
67.300                   0                   0
67.400                   0                   0
67.500                   0                   0
67.600                   0                   0
67.700                   0                   0
67.800                   0                   0
67.900                   0                   0
68.000                   0                   0
68.100                   0                   0
68.200                   0                   0
68.300                   0                   0
68.400                   0                   0
68.500                   0                   0
68.600                   0                   0
68.700                   0                   0
68.800                   0                   0
68.900                   0                   0
69.000                   0                   0
69.100                   0                   0
69.200                   0                   0
69.300                   0                   0
69.400                   0                   0
69.500                   0                   0
69.600                   0                   0
69.700                   0                   0
69.800                   0                   0
69.900                   0                   0
70.000                   0                   0
70.100                   0                   0
70.200                   0                   0
70.300                   0                   0
70.400                   0                   0
70.500                   0                   0
70.600                   0                   0
70.700                   0                   0
70.800                   0                   0
70.900                   0                   0
71.000                   0                   0
71.100                   0                   0
71.200                   0                   0
71.300                   0                   0
71.400                   0                   0
71.500                   0                   0
71.600                   0                   0
71.700                   0                   0
71.800                   0                   0
71.900                   0                   0
72.000                   0                   0
72.100                   0                   0
72.200                   0                   0
72.300                   0                   0
72.400                   0                   0
72.500                   0                   0
72.600                   0                   0
72.700                   0                   0
72.800                   0                   0
72.900                   0                   0
73.000                   0                   0
73.100                   0                   0
73.200                   0                   0
73.300                   0                   0
73.400                   0                   0
73.500                   0                   0
73.600                   0                   0
73.700                   0                   0
73.800                   0                   0
73.900                   0                   0
74.000                   0                   0
74.100                   0                   0
74.200                   0                   0
74.300                   0                   0
74.400                   0                   0
74.500                   0                   0
74.600                   0                   0
74.700                   0                   0
74.800                   0                   0
74.900                   0                   0
75.000                   0                   0
75.100                   0                   0
75.200                   0                   0
75.300                   0                   0
75.400                   0                   0
75.500                   0                   0
75.600                   0                   0
75.700                   0                   0
75.800                   0                   0
75.900                   0                   0
76.000                   0                   0
76.100                   0                   0
76.200                   0                   0
76.300                   0                   0
76.400                   0                   0
76.500                   0                   0
76.600                   0                   0
76.700                   0                   0
76.800                   0                   0
76.900                   0                   0
77.000                   0                   0
77.100                   0                   0
77.200                   0                   0
77.300                   0                   0
77.400                   0                   0
77.500                   0                   0
77.600                   0                   0
77.700                   0                   0
77.800                   0                   0
77.900                   0                   0
78.000                   0                   0
78.100                   0                   0
78.200                   0                   0
78.300                   0                   0
78.400                   0                   0
78.500                   0                   0
78.600                   0                   0
78.700                   0                   0
78.800                   0                   0
78.900                   0                   0
79.000                   0                   0
79.100                   0                   0
79.200                   0                   0
79.300                   0                   0
79.400                   0                   0
79.500                   0                   0
79.600                   0                   0
79.700                   0                   0
79.800                   0                   0
79.900                   0                   0
80.000                   0                   0
80.100                   0                   0
80.200                   0                   0
80.300                   0                   0
80.400                   0                   0
80.500                   0                   0
80.600                   0                   0
80.700                   0                   0
80.800                   0                   0
80.900                   0                   0
81.000                   0                   0
81.100                   0                   0
81.200                   0                   0
81.300                   0                   0
81.400                   0                   0
81.500                   0                   0
81.600                   0                   0
81.700                   0                   0
81.800                   0                   0
81.900                   0                   0
82.000                   0                   0
82.100                   0                   0
82.200                   0                   0
82.300                   0                   0
82.400                   0                   0
82.500                   0                   0
82.600                   0                   0
82.700                   0                   0
82.800                   0                   0
82.900                   0                   0
83.000                   0                   0
83.100                   0                   0
83.200                   0                   0
83.300                   0                   0
83.400                   0                   0
83.500                   0                   0
83.600                   0                   0
83.700                   0                   0
83.800                   0                   0
83.900                   0                   0
84.000                   0                   0
84.100                   0                   0
84.200                   0                   0
84.300                   0                   0
84.400                   0                   0
84.500                   0                   0
84.600                   0                   0
84.700                   0                   0
84.800                   0                   0
84.900                   0                   0
85.000                   0                   0
85.100                   0                   0
85.200                   0                   0
85.300                   0                   0
85.400                   0                   0
85.500                   0                   0
85.600                   0                   0
85.700                   0                   0
85.800                   0                   0
85.900                   0                   0
86.000                   0                   0
86.100                   0                   0
86.200                   0                   0
86.300                   0                   0
86.400                   0                   0
86.500                   0                   0
86.600                   0                   0
86.700                   0                   0
86.800                   0                   0
86.900                   0                   0
87.000                   0                   0
87.100                   0                   0
87.200                   0                   0
87.300                   0                   0
87.400                   0                   0
87.500                   0                   0
87.600                   0                   0
87.700                   0                   0
87.800                   0                   0
87.900                   0                   0
88.000                   0                   0
88.100                   0                   0
88.200                   0                   0
88.300                   0                   0
88.400                   0                   0
88.500                   0                   0
88.600                   0                   0
88.700                   0                   0
88.800                   0                   0
88.900                   0                   0
89.000                   0                   0
89.100                   0                   0
89.200                   0                   0
89.300                   0                   0
89.400                   0                   0
89.500                   0                   0
89.600                   0                   0
89.700                   0                   0
89.800                   0                   0
89.900                   0                   0
90.000                   0                   0
90.100                   0                   0
90.200                   0                   0
90.300                   0                   0
90.400                   0                   0
90.500                   0                   0
90.600                   0                   0
90.700                   0                   0
90.800                   0                   0
90.900                   0                   0
91.000                   0                   0
91.100                   0                   0
91.200                   0                   0
91.300                   0                   0
91.400                   0                   0
91.500                   0                   0
91.600                   0                   0
91.700                   0                   0
91.800                   0                   0
91.900                   0                   0
92.000                   0                   0
92.100                   0                   0
92.200                   0                   0
92.300                   0                   0
92.400                   0                   0
92.500                   0                   0
92.600                   0                   0
92.700                   0                   0
92.800                   0                   0
92.900                   0                   0
93.000                   0                   0
93.100                   0                   0
93.200                   0                   0
93.300                   0                   0
93.400                   0                   0
93.500                   0                   0
93.600                   0                   0
93.700                   0                   0
93.800                   0                   0
93.900                   0                   0
94.000                   0                   0
94.100                   0                   0
94.200                   0                   0
94.300                   0                   0
94.400                   0                   0
94.500                   0                   0
94.600                   0                   0
94.700                   0                   0
94.800                   0                   0
94.900                   0                   0
95.000                   0                   0
95.100                   0                   0
95.200                   0                   0
95.300                   0                   0
95.400                   0                   0
95.500                   0                   0
95.600                   0                   0
95.700                   0                   0
95.800                   0                   0
95.900                   0                   0
96.000                   0                   0
96.100                   0                   0
96.200                   0                   0
96.300                   0                   0
96.400                   0                   0
96.500                   0                   0
96.600                   0                   0
96.700                   0                   0
96.800                   0                   0
96.900                   0                   0
97.000                   0                   0
97.100                   0                   0
97.200                   0                   0
97.300                   0                   0
97.400                   0                   0
97.500                   0                   0
97.600                   0                   0
97.700                   0                   0
97.800                   0                   0
97.900                   0                   0
98.000                   0                   0
98.100                   0                   0
98.200                   0                   0
98.300                   0                   0
98.400                   0                   0
98.500                   0                   0
98.600                   0                   0
98.700                   0                   0
98.800                   0                   0
98.900                   0                   0
99.000                   0                   0
99.100                   0                   0
99.200                   0                   0
99.300                   0                   0
99.400                   0                   0
99.500                   0                   0
99.600                   0                   0
99.700                   0                   0
99.800                   0                   0
99.900                   0                   0
