 0.000           886068318           736906256
 0.100             1482718            14337176
 0.200             1568097            14226499
 0.300             1652925            13723866
 0.400             1626873           244806203
 0.500             1697559                   0
 0.600             1685768                   0
 0.700             1751422                   0
 0.800             1690422                   0
 0.900             1701807                   0
 1.000             1748411                   0
 1.100             1735760                   0
 1.200             1790804                   0
 1.300             1770720                   0
 1.400             1773997                   0
 1.500             1774163                   0
 1.600             1781474                   0
 1.700             1812422                   0
 1.800             1790876                   0
 1.900             1809627                   0
 2.000             1865525                   0
 2.100             1832821                   0
 2.200             1858498                   0
 2.300             1841422                   0
 2.400             1868691                   0
 2.500             1905685                   0
 2.600             1889243                   0
 2.700             1871936                   0
 2.800             1919732                   0
 2.900             1886784                   0
 3.000             1932786                   0
 3.100             1897541                   0
 3.200             1931996                   0
 3.300             1909108                   0
 3.400             1933638                   0
 3.500             1944012                   0
 3.600             1942652                   0
 3.700             1931989                   0
 3.800             1904433                   0
 3.900             1916828                   0
 4.000             1908526                   0
 4.100             1871163                   0
 4.200             1873477                   0
 4.300             1849079                   0
 4.400             1817741                   0
 4.500             1774550                   0
 4.600             1779601                   0
 4.700             1720678                   0
 4.800             1711046                   0
 4.900             1664871                   0
 5.000             1616103                   0
 5.100             1595458                   0
 5.200             1555034                   0
 5.300             1506650                   0
 5.400             1464572                   0
 5.500             1410558                   0
 5.600             1373188                   0
 5.700             1319238                   0
 5.800             1269168                   0
 5.900             1227199                   0
 6.000             1190267                   0
 6.100             1151358                   0
 6.200             1096671                   0
 6.300             1066439                   0
 6.400             1015175                   0
 6.500              978115                   0
 6.600              946101                   0
 6.700              907307                   0
 6.800              879178                   0
 6.900              852733                   0
 7.000              827176                   0
 7.100              799990                   0
 7.200              774907                   0
 7.300              738405                   0
 7.400              705348                   0
 7.500              682583                   0
 7.600              663841                   0
 7.700              639271                   0
 7.800              625341                   0
 7.900              605452                   0
 8.000              590170                   0
 8.100              573670                   0
 8.200              554822                   0
 8.300              537897                   0
 8.400              518447                   0
 8.500              498439                   0
 8.600              479600                   0
 8.700              464017                   0
 8.800              445669                   0
 8.900              431860                   0
 9.000              416235                   0
 9.100              402577                   0
 9.200              385029                   0
 9.300              370287                   0
 9.400              360622                   0
 9.500              347415                   0
 9.600              336618                   0
 9.700              322548                   0
 9.800              308678                   0
 9.900              298514                   0
10.000              289478                   0
10.100              282124                   0
10.200              273110                   0
10.300              265192                   0
10.400              255522                   0
10.500              243894                   0
10.600              235383                   0
10.700              231321                   0
10.800              221370                   0
10.900              213936                   0
11.000              208614                   0
11.100              202085                   0
11.200              194678                   0
11.300              188930                   0
11.400              182753                   0
11.500              176616                   0
11.600              174971                   0
11.700              171373                   0
11.800              164711                   0
11.900              157656                   0
12.000              151665                   0
12.100              146582                   0
12.200              141837                   0
12.300              138749                   0
12.400              134429                   0
12.500              128978                   0
12.600              124876                   0
12.700              122112                   0
12.800              117977                   0
12.900              116366                   0
13.000              111357                   0
13.100              106404                   0
13.200              102477                   0
13.300               97350                   0
13.400               94266                   0
13.500               91484                   0
13.600               88400                   0
13.700               84925                   0
13.800               82847                   0
13.900               80346                   0
14.000               78128                   0
14.100               75988                   0
14.200               72857                   0
14.300               70787                   0
14.400               67874                   0
14.500               67189                   0
14.600               65274                   0
14.700               62677                   0
14.800               60748                   0
14.900               59789                   0
15.000               58867                   0
15.100               56509                   0
15.200               55109                   0
15.300               52188                   0
15.400               50297                   0
15.500               49556                   0
15.600               48144                   0
15.700               45809                   0
15.800               44174                   0
15.900               41933                   0
16.000               41683                   0
16.100               40470                   0
16.200               39711                   0
16.300               38598                   0
16.400               36582                   0
16.500               34663                   0
16.600               33334                   0
16.700               32222                   0
16.800               31312                   0
16.900               29986                   0
17.000               29074                   0
17.100               27919                   0
17.200               27348                   0
17.300               27051                   0
17.400               26612                   0
17.500               25375                   0
17.600               24505                   0
17.700               23747                   0
17.800               22809                   0
17.900               22285                   0
18.000               22317                   0
18.100               21931                   0
18.200               21209                   0
18.300               20442                   0
18.400               19671                   0
18.500               18787                   0
18.600               17895                   0
18.700               17189                   0
18.800               16677                   0
18.900               16216                   0
19.000               15631                   0
19.100               15212                   0
19.200               14911                   0
19.300               14727                   0
19.400               14230                   0
19.500               14114                   0
19.600               14180                   0
19.700               13390                   0
19.800               12904                   0
19.900               12472                   0
20.000               12262                   0
20.100               12075                   0
20.200               11534                   0
20.300               11538                   0
20.400               11196                   0
20.500               10761                   0
20.600               10586                   0
20.700               10040                   0
20.800                9507                   0
20.900                8807                   0
21.000                9108                   0
21.100                8775                   0
21.200                8593                   0
21.300                8369                   0
21.400                8139                   0
21.500                7892                   0
21.600                7546                   0
21.700                7276                   0
21.800                7121                   0
21.900                7037                   0
22.000                6577                   0
22.100                6404                   0
22.200                6308                   0
22.300                6323                   0
22.400                5942                   0
22.500                5963                   0
22.600                5543                   0
22.700                5568                   0
22.800                5361                   0
22.900                5413                   0
23.000                5348                   0
23.100                5375                   0
23.200                5495                   0
23.300                5284                   0
23.400                4906                   0
23.500                4706                   0
23.600                4618                   0
23.700                4511                   0
23.800                4613                   0
23.900                4355                   0
24.000                4086                   0
24.100                4120                   0
24.200                3900                   0
24.300                3885                   0
24.400                3734                   0
24.500                3624                   0
24.600                3474                   0
24.700                3423                   0
24.800                3466                   0
24.900                3369                   0
25.000                3301                   0
25.100                3173                   0
25.200                3131                   0
25.300                3146                   0
25.400                2946                   0
25.500                2791                   0
25.600                2752                   0
25.700                2562                   0
25.800                2560                   0
25.900                2388                   0
26.000                2305                   0
26.100                2207                   0
26.200                2122                   0
26.300                2230                   0
26.400                2245                   0
26.500                2178                   0
26.600                2168                   0
26.700                1936                   0
26.800                2086                   0
26.900                2018                   0
27.000                1969                   0
27.100                1876                   0
27.200                1856                   0
27.300                1855                   0
27.400                1750                   0
27.500                1789                   0
27.600                1695                   0
27.700                1706                   0
27.800                1705                   0
27.900                1688                   0
28.000                1659                   0
28.100                1707                   0
28.200                1623                   0
28.300                1606                   0
28.400                1606                   0
28.500                1646                   0
28.600                1609                   0
28.700                1634                   0
28.800                1667                   0
28.900                1631                   0
29.000                1625                   0
29.100                1773                   0
29.200                1664                   0
29.300                1670                   0
29.400                1611                   0
29.500                1518                   0
29.600                1530                   0
29.700                1339                   0
29.800                1418                   0
29.900                1301                   0
30.000                1236                   0
30.100                1185                   0
30.200                1173                   0
30.300                1178                   0
30.400                1041                   0
30.500                 968                   0
30.600                 996                   0
30.700                1017                   0
30.800                 948                   0
30.900                1014                   0
31.000                 994                   0
31.100                1099                   0
31.200                1055                   0
31.300                1253                   0
31.400                1681                   0
31.500                3276                   0
31.600                8762                   0
31.700               10710                   0
31.800                   0                   0
31.900                   0                   0
32.000                   0                   0
32.100                   0                   0
32.200                   0                   0
32.300                   0                   0
32.400                   0                   0
32.500                   0                   0
32.600                   0                   0
32.700                   0                   0
32.800                   0                   0
32.900                   0                   0
33.000                   0                   0
33.100                   0                   0
33.200                   0                   0
33.300                   0                   0
33.400                   0                   0
33.500                   0                   0
33.600                   0                   0
33.700                   0                   0
33.800                   0                   0
33.900                   0                   0
34.000                   0                   0
34.100                   0                   0
34.200                   0                   0
34.300                   0                   0
34.400                   0                   0
34.500                   0                   0
34.600                   0                   0
34.700                   0                   0
34.800                   0                   0
34.900                   0                   0
35.000                   0                   0
35.100                   0                   0
35.200                   0                   0
35.300                   0                   0
35.400                   0                   0
35.500                   0                   0
35.600                   0                   0
35.700                   0                   0
35.800                   0                   0
35.900                   0                   0
36.000                   0                   0
36.100                   0                   0
36.200                   0                   0
36.300                   0                   0
36.400                   0                   0
36.500                   0                   0
36.600                   0                   0
36.700                   0                   0
36.800                   0                   0
36.900                   0                   0
37.000                   0                   0
37.100                   0                   0
37.200                   0                   0
37.300                   0                   0
37.400                   0                   0
37.500                   0                   0
37.600                   0                   0
37.700                   0                   0
37.800                   0                   0
37.900                   0                   0
38.000                   0                   0
38.100                   0                   0
38.200                   0                   0
38.300                   0                   0
38.400                   0                   0
38.500                   0                   0
38.600                   0                   0
38.700                   0                   0
38.800                   0                   0
38.900                   0                   0
39.000                   0                   0
39.100                   0                   0
39.200                   0                   0
39.300                   0                   0
39.400                   0                   0
39.500                   0                   0
39.600                   0                   0
39.700                   0                   0
39.800                   0                   0
39.900                   0                   0
40.000                   0                   0
40.100                   0                   0
40.200                   0                   0
40.300                   0                   0
40.400                   0                   0
40.500                   0                   0
40.600                   0                   0
40.700                   0                   0
40.800                   0                   0
40.900                   0                   0
41.000                   0                   0
41.100                   0                   0
41.200                   0                   0
41.300                   0                   0
41.400                   0                   0
41.500                   0                   0
41.600                   0                   0
41.700                   0                   0
41.800                   0                   0
41.900                   0                   0
42.000                   0                   0
42.100                   0                   0
42.200                   0                   0
42.300                   0                   0
42.400                   0                   0
42.500                   0                   0
42.600                   0                   0
42.700                   0                   0
42.800                   0                   0
42.900                   0                   0
43.000                   0                   0
43.100                   0                   0
43.200                   0                   0
43.300                   0                   0
43.400                   0                   0
43.500                   0                   0
43.600                   0                   0
43.700                   0                   0
43.800                   0                   0
43.900                   0                   0
44.000                   0                   0
44.100                   0                   0
44.200                   0                   0
44.300                   0                   0
44.400                   0                   0
44.500                   0                   0
44.600                   0                   0
44.700                   0                   0
44.800                   0                   0
44.900                   0                   0
45.000                   0                   0
45.100                   0                   0
45.200                   0                   0
45.300                   0                   0
45.400                   0                   0
45.500                   0                   0
45.600                   0                   0
45.700                   0                   0
45.800                   0                   0
45.900                   0                   0
46.000                   0                   0
46.100                   0                   0
46.200                   0                   0
46.300                   0                   0
46.400                   0                   0
46.500                   0                   0
46.600                   0                   0
46.700                   0                   0
46.800                   0                   0
46.900                   0                   0
47.000                   0                   0
47.100                   0                   0
47.200                   0                   0
47.300                   0                   0
47.400                   0                   0
47.500                   0                   0
47.600                   0                   0
47.700                   0                   0
47.800                   0                   0
47.900                   0                   0
48.000                   0                   0
48.100                   0                   0
48.200                   0                   0
48.300                   0                   0
48.400                   0                   0
48.500                   0                   0
48.600                   0                   0
48.700                   0                   0
48.800                   0                   0
48.900                   0                   0
49.000                   0                   0
49.100                   0                   0
49.200                   0                   0
49.300                   0                   0
49.400                   0                   0
49.500                   0                   0
49.600                   0                   0
49.700                   0                   0
49.800                   0                   0
49.900                   0                   0
50.000                   0                   0
50.100                   0                   0
50.200                   0                   0
50.300                   0                   0
50.400                   0                   0
50.500                   0                   0
50.600                   0                   0
50.700                   0                   0
50.800                   0                   0
50.900                   0                   0
51.000                   0                   0
51.100                   0                   0
51.200                   0                   0
51.300                   0                   0
51.400                   0                   0
51.500                   0                   0
51.600                   0                   0
51.700                   0                   0
51.800                   0                   0
51.900                   0                   0
52.000                   0                   0
52.100                   0                   0
52.200                   0                   0
52.300                   0                   0
52.400                   0                   0
52.500                   0                   0
52.600                   0                   0
52.700                   0                   0
52.800                   0                   0
52.900                   0                   0
53.000                   0                   0
53.100                   0                   0
53.200                   0                   0
53.300                   0                   0
53.400                   0                   0
53.500                   0                   0
53.600                   0                   0
53.700                   0                   0
53.800                   0                   0
53.900                   0                   0
54.000                   0                   0
54.100                   0                   0
54.200                   0                   0
54.300                   0                   0
54.400                   0                   0
54.500                   0                   0
54.600                   0                   0
54.700                   0                   0
54.800                   0                   0
54.900                   0                   0
55.000                   0                   0
55.100                   0                   0
55.200                   0                   0
55.300                   0                   0
55.400                   0                   0
55.500                   0                   0
55.600                   0                   0
55.700                   0                   0
55.800                   0                   0
55.900                   0                   0
56.000                   0                   0
56.100                   0                   0
56.200                   0                   0
56.300                   0                   0
56.400                   0                   0
56.500                   0                   0
56.600                   0                   0
56.700                   0                   0
56.800                   0                   0
56.900                   0                   0
57.000                   0                   0
57.100                   0                   0
57.200                   0                   0
57.300                   0                   0
57.400                   0                   0
57.500                   0                   0
57.600                   0                   0
57.700                   0                   0
57.800                   0                   0
57.900                   0                   0
58.000                   0                   0
58.100                   0                   0
58.200                   0                   0
58.300                   0                   0
58.400                   0                   0
58.500                   0                   0
58.600                   0                   0
58.700                   0                   0
58.800                   0                   0
58.900                   0                   0
59.000                   0                   0
59.100                   0                   0
59.200                   0                   0
59.300                   0                   0
59.400                   0                   0
59.500                   0                   0
59.600                   0                   0
59.700                   0                   0
59.800                   0                   0
59.900                   0                   0
60.000                   0                   0
60.100                   0                   0
60.200                   0                   0
60.300                   0                   0
60.400                   0                   0
60.500                   0                   0
60.600                   0                   0
60.700                   0                   0
60.800                   0                   0
60.900                   0                   0
61.000                   0                   0
61.100                   0                   0
61.200                   0                   0
61.300                   0                   0
61.400                   0                   0
61.500                   0                   0
61.600                   0                   0
61.700                   0                   0
61.800                   0                   0
61.900                   0                   0
62.000                   0                   0
62.100                   0                   0
62.200                   0                   0
62.300                   0                   0
62.400                   0                   0
62.500                   0                   0
62.600                   0                   0
62.700                   0                   0
62.800                   0                   0
62.900                   0                   0
63.000                   0                   0
63.100                   0                   0
63.200                   0                   0
63.300                   0                   0
63.400                   0                   0
63.500                   0                   0
63.600                   0                   0
63.700                   0                   0
63.800                   0                   0
63.900                   0                   0
64.000                   0                   0
64.100                   0                   0
64.200                   0                   0
64.300                   0                   0
64.400                   0                   0
64.500                   0                   0
64.600                   0                   0
64.700                   0                   0
64.800                   0                   0
64.900                   0                   0
65.000                   0                   0
65.100                   0                   0
65.200                   0                   0
65.300                   0                   0
65.400                   0                   0
65.500                   0                   0
65.600                   0                   0
65.700                   0                   0
65.800                   0                   0
65.900                   0                   0
66.000                   0                   0
66.100                   0                   0
66.200                   0                   0
66.300                   0                   0
66.400                   0                   0
66.500                   0                   0
66.600                   0                   0
66.700                   0                   0
66.800                   0                   0
66.900                   0                   0
67.000                   0                   0
67.100                   0                   0
67.200                   0                   0
67.300                   0                   0
67.400                   0                   0
67.500                   0                   0
67.600                   0                   0
67.700                   0                   0
67.800                   0                   0
67.900                   0                   0
68.000                   0                   0
68.100                   0                   0
68.200                   0                   0
68.300                   0                   0
68.400                   0                   0
68.500                   0                   0
68.600                   0                   0
68.700                   0                   0
68.800                   0                   0
68.900                   0                   0
69.000                   0                   0
69.100                   0                   0
69.200                   0                   0
69.300                   0                   0
69.400                   0                   0
69.500                   0                   0
69.600                   0                   0
69.700                   0                   0
69.800                   0                   0
69.900                   0                   0
70.000                   0                   0
70.100                   0                   0
70.200                   0                   0
70.300                   0                   0
70.400                   0                   0
70.500                   0                   0
70.600                   0                   0
70.700                   0                   0
70.800                   0                   0
70.900                   0                   0
71.000                   0                   0
71.100                   0                   0
71.200                   0                   0
71.300                   0                   0
71.400                   0                   0
71.500                   0                   0
71.600                   0                   0
71.700                   0                   0
71.800                   0                   0
71.900                   0                   0
72.000                   0                   0
72.100                   0                   0
72.200                   0                   0
72.300                   0                   0
72.400                   0                   0
72.500                   0                   0
72.600                   0                   0
72.700                   0                   0
72.800                   0                   0
72.900                   0                   0
73.000                   0                   0
73.100                   0                   0
73.200                   0                   0
73.300                   0                   0
73.400                   0                   0
73.500                   0                   0
73.600                   0                   0
73.700                   0                   0
73.800                   0                   0
73.900                   0                   0
74.000                   0                   0
74.100                   0                   0
74.200                   0                   0
74.300                   0                   0
74.400                   0                   0
74.500                   0                   0
74.600                   0                   0
74.700                   0                   0
74.800                   0                   0
74.900                   0                   0
75.000                   0                   0
75.100                   0                   0
75.200                   0                   0
75.300                   0                   0
75.400                   0                   0
75.500                   0                   0
75.600                   0                   0
75.700                   0                   0
75.800                   0                   0
75.900                   0                   0
76.000                   0                   0
76.100                   0                   0
76.200                   0                   0
76.300                   0                   0
76.400                   0                   0
76.500                   0                   0
76.600                   0                   0
76.700                   0                   0
76.800                   0                   0
76.900                   0                   0
77.000                   0                   0
77.100                   0                   0
77.200                   0                   0
77.300                   0                   0
77.400                   0                   0
77.500                   0                   0
77.600                   0                   0
77.700                   0                   0
77.800                   0                   0
77.900                   0                   0
78.000                   0                   0
78.100                   0                   0
78.200                   0                   0
78.300                   0                   0
78.400                   0                   0
78.500                   0                   0
78.600                   0                   0
78.700                   0                   0
78.800                   0                   0
78.900                   0                   0
79.000                   0                   0
79.100                   0                   0
79.200                   0                   0
79.300                   0                   0
79.400                   0                   0
79.500                   0                   0
79.600                   0                   0
79.700                   0                   0
79.800                   0                   0
79.900                   0                   0
80.000                   0                   0
80.100                   0                   0
80.200                   0                   0
80.300                   0                   0
80.400                   0                   0
80.500                   0                   0
80.600                   0                   0
80.700                   0                   0
80.800                   0                   0
80.900                   0                   0
81.000                   0                   0
81.100                   0                   0
81.200                   0                   0
81.300                   0                   0
81.400                   0                   0
81.500                   0                   0
81.600                   0                   0
81.700                   0                   0
81.800                   0                   0
81.900                   0                   0
82.000                   0                   0
82.100                   0                   0
82.200                   0                   0
82.300                   0                   0
82.400                   0                   0
82.500                   0                   0
82.600                   0                   0
82.700                   0                   0
82.800                   0                   0
82.900                   0                   0
83.000                   0                   0
83.100                   0                   0
83.200                   0                   0
83.300                   0                   0
83.400                   0                   0
83.500                   0                   0
83.600                   0                   0
83.700                   0                   0
83.800                   0                   0
83.900                   0                   0
84.000                   0                   0
84.100                   0                   0
84.200                   0                   0
84.300                   0                   0
84.400                   0                   0
84.500                   0                   0
84.600                   0                   0
84.700                   0                   0
84.800                   0                   0
84.900                   0                   0
85.000                   0                   0
85.100                   0                   0
85.200                   0                   0
85.300                   0                   0
85.400                   0                   0
85.500                   0                   0
85.600                   0                   0
85.700                   0                   0
85.800                   0                   0
85.900                   0                   0
86.000                   0                   0
86.100                   0                   0
86.200                   0                   0
86.300                   0                   0
86.400                   0                   0
86.500                   0                   0
86.600                   0                   0
86.700                   0                   0
86.800                   0                   0
86.900                   0                   0
87.000                   0                   0
87.100                   0                   0
87.200                   0                   0
87.300                   0                   0
87.400                   0                   0
87.500                   0                   0
87.600                   0                   0
87.700                   0                   0
87.800                   0                   0
87.900                   0                   0
88.000                   0                   0
88.100                   0                   0
88.200                   0                   0
88.300                   0                   0
88.400                   0                   0
88.500                   0                   0
88.600                   0                   0
88.700                   0                   0
88.800                   0                   0
88.900                   0                   0
89.000                   0                   0
89.100                   0                   0
89.200                   0                   0
89.300                   0                   0
89.400                   0                   0
89.500                   0                   0
89.600                   0                   0
89.700                   0                   0
89.800                   0                   0
89.900                   0                   0
90.000                   0                   0
90.100                   0                   0
90.200                   0                   0
90.300                   0                   0
90.400                   0                   0
90.500                   0                   0
90.600                   0                   0
90.700                   0                   0
90.800                   0                   0
90.900                   0                   0
91.000                   0                   0
91.100                   0                   0
91.200                   0                   0
91.300                   0                   0
91.400                   0                   0
91.500                   0                   0
91.600                   0                   0
91.700                   0                   0
91.800                   0                   0
91.900                   0                   0
92.000                   0                   0
92.100                   0                   0
92.200                   0                   0
92.300                   0                   0
92.400                   0                   0
92.500                   0                   0
92.600                   0                   0
92.700                   0                   0
92.800                   0                   0
92.900                   0                   0
93.000                   0                   0
93.100                   0                   0
93.200                   0                   0
93.300                   0                   0
93.400                   0                   0
93.500                   0                   0
93.600                   0                   0
93.700                   0                   0
93.800                   0                   0
93.900                   0                   0
94.000                   0                   0
94.100                   0                   0
94.200                   0                   0
94.300                   0                   0
94.400                   0                   0
94.500                   0                   0
94.600                   0                   0
94.700                   0                   0
94.800                   0                   0
94.900                   0                   0
95.000                   0                   0
95.100                   0                   0
95.200                   0                   0
95.300                   0                   0
95.400                   0                   0
95.500                   0                   0
95.600                   0                   0
95.700                   0                   0
95.800                   0                   0
95.900                   0                   0
96.000                   0                   0
96.100                   0                   0
96.200                   0                   0
96.300                   0                   0
96.400                   0                   0
96.500                   0                   0
96.600                   0                   0
96.700                   0                   0
96.800                   0                   0
96.900                   0                   0
97.000                   0                   0
97.100                   0                   0
97.200                   0                   0
97.300                   0                   0
97.400                   0                   0
97.500                   0                   0
97.600                   0                   0
97.700                   0                   0
97.800                   0                   0
97.900                   0                   0
98.000                   0                   0
98.100                   0                   0
98.200                   0                   0
98.300                   0                   0
98.400                   0                   0
98.500                   0                   0
98.600                   0                   0
98.700                   0                   0
98.800                   0                   0
98.900                   0                   0
99.000                   0                   0
99.100                   0                   0
99.200                   0                   0
99.300                   0                   0
99.400                   0                   0
99.500                   0                   0
99.600                   0                   0
99.700                   0                   0
99.800                   0                   0
99.900                   0                   0
