 0.000           884360990           736264875
 0.100             1537690            14551923
 0.200             1580283            13739202
 0.300             1682080            12626619
 0.400             1642140            10308182
 0.500             1721974             9269803
 0.600             1747595             8119215
 0.700             1755732             7223579
 0.800             1747310             6389848
 0.900             1725803             5743721
 1.000             1775075             5489722
 1.100             1790685             5171890
 1.200             1757360             4703676
 1.300             1790071             4575073
 1.400             1765104             4267183
 1.500             1775692             4107437
 1.600             1769157             3913343
 1.700             1809274             3881679
 1.800             1781473             3638603
 1.900             1785213             3535601
 2.000             1788647             3429564
 2.100             1772321             3275637
 2.200             1776262             3203400
 2.300             1792957             3143831
 2.400             1790715             3021294
 2.500             1816929             2994192
 2.600             1802277             2844828
 2.700             1778072             2696383
 2.800             1810830             2677876
 2.900             1847223             2663229
 3.000             1834005             2498833
 3.100             1854980             2457009
 3.200             1866083             2383890
 3.300             1870344             2293584
 3.400             1910049             2296101
 3.500             1904572             2630240
 3.600             1962107            51149302
 3.700             1952739            60819633
 3.800             1955263                   0
 3.900             1957422                   0
 4.000             1963075                   0
 4.100             1960442                   0
 4.200             1966694                   0
 4.300             1921265                   0
 4.400             1910928                   0
 4.500             1909437                   0
 4.600             1877963                   0
 4.700             1821961                   0
 4.800             1819569                   0
 4.900             1751214                   0
 5.000             1719545                   0
 5.100             1661836                   0
 5.200             1609979                   0
 5.300             1575139                   0
 5.400             1510951                   0
 5.500             1489228                   0
 5.600             1426233                   0
 5.700             1380909                   0
 5.800             1337662                   0
 5.900             1306107                   0
 6.000             1265456                   0
 6.100             1223192                   0
 6.200             1183906                   0
 6.300             1142948                   0
 6.400             1097228                   0
 6.500             1065247                   0
 6.600             1030620                   0
 6.700              987489                   0
 6.800              957590                   0
 6.900              923911                   0
 7.000              880940                   0
 7.100              850704                   0
 7.200              810469                   0
 7.300              775507                   0
 7.400              736950                   0
 7.500              706575                   0
 7.600              683140                   0
 7.700              656848                   0
 7.800              635278                   0
 7.900              608637                   0
 8.000              585147                   0
 8.100              560722                   0
 8.200              538101                   0
 8.300              518556                   0
 8.400              502868                   0
 8.500              489748                   0
 8.600              470029                   0
 8.700              456055                   0
 8.800              437885                   0
 8.900              416949                   0
 9.000              402162                   0
 9.100              389098                   0
 9.200              377942                   0
 9.300              370060                   0
 9.400              354469                   0
 9.500              344022                   0
 9.600              328087                   0
 9.700              312832                   0
 9.800              301300                   0
 9.900              291217                   0
10.000              283158                   0
10.100              274316                   0
10.200              267823                   0
10.300              260180                   0
10.400              254100                   0
10.500              242457                   0
10.600              234118                   0
10.700              225109                   0
10.800              219483                   0
10.900              213575                   0
11.000              207548                   0
11.100              203109                   0
11.200              197467                   0
11.300              192898                   0
11.400              187402                   0
11.500              183796                   0
11.600              176622                   0
11.700              170425                   0
11.800              165688                   0
11.900              159564                   0
12.000              153711                   0
12.100              147984                   0
12.200              142025                   0
12.300              137320                   0
12.400              131023                   0
12.500              126361                   0
12.600              121073                   0
12.700              117697                   0
12.800              112543                   0
12.900              108928                   0
13.000              104810                   0
13.100              100303                   0
13.200               96370                   0
13.300               93642                   0
13.400               92413                   0
13.500               88281                   0
13.600               85930                   0
13.700               81229                   0
13.800               79148                   0
13.900               76982                   0
14.000               74157                   0
14.100               71022                   0
14.200               68533                   0
14.300               66921                   0
14.400               65015                   0
14.500               63278                   0
14.600               60479                   0
14.700               58894                   0
14.800               57526                   0
14.900               57083                   0
15.000               55702                   0
15.100               52992                   0
15.200               50450                   0
15.300               48283                   0
15.400               46247                   0
15.500               45612                   0
15.600               44508                   0
15.700               42758                   0
15.800               41018                   0
15.900               39759                   0
16.000               39124                   0
16.100               38708                   0
16.200               38079                   0
16.300               36657                   0
16.400               35310                   0
16.500               33763                   0
16.600               32138                   0
16.700               30503                   0
16.800               30242                   0
16.900               28916                   0
17.000               27749                   0
17.100               26754                   0
17.200               26004                   0
17.300               25927                   0
17.400               25083                   0
17.500               24305                   0
17.600               23757                   0
17.700               22862                   0
17.800               22637                   0
17.900               21861                   0
18.000               21290                   0
18.100               21081                   0
18.200               20780                   0
18.300               20606                   0
18.400               20079                   0
18.500               19029                   0
18.600               18075                   0
18.700               17716                   0
18.800               17713                   0
18.900               17415                   0
19.000               16430                   0
19.100               15749                   0
19.200               15517                   0
19.300               15583                   0
19.400               15274                   0
19.500               14980                   0
19.600               14155                   0
19.700               13762                   0
19.800               13066                   0
19.900               12801                   0
20.000               12416                   0
20.100               11951                   0
20.200               11647                   0
20.300               11315                   0
20.400               11080                   0
20.500               11018                   0
20.600               10984                   0
20.700               10673                   0
20.800               10323                   0
20.900               10090                   0
21.000                9474                   0
21.100                9203                   0
21.200                9258                   0
21.300                9215                   0
21.400                9279                   0
21.500                8741                   0
21.600                8588                   0
21.700                8057                   0
21.800                8021                   0
21.900                7471                   0
22.000                7238                   0
22.100                7203                   0
22.200                6911                   0
22.300                6690                   0
22.400                6448                   0
22.500                6502                   0
22.600                6345                   0
22.700                6203                   0
22.800                6150                   0
22.900                5951                   0
23.000                5651                   0
23.100                5613                   0
23.200                5463                   0
23.300                5463                   0
23.400                5104                   0
23.500                5024                   0
23.600                4928                   0
23.700                4885                   0
23.800                4803                   0
23.900                4670                   0
24.000                4397                   0
24.100                4142                   0
24.200                4055                   0
24.300                4060                   0
24.400                3945                   0
24.500                3933                   0
24.600                3812                   0
24.700                3739                   0
24.800                3642                   0
24.900                3624                   0
25.000                3345                   0
25.100                3360                   0
25.200                3183                   0
25.300                2980                   0
25.400                2954                   0
25.500                3108                   0
25.600                2954                   0
25.700                2881                   0
25.800                2720                   0
25.900                2597                   0
26.000                2710                   0
26.100                2474                   0
26.200                2597                   0
26.300                2594                   0
26.400                2600                   0
26.500                2701                   0
26.600                2604                   0
26.700                2488                   0
26.800                2310                   0
26.900                2280                   0
27.000                2322                   0
27.100                2206                   0
27.200                2075                   0
27.300                2142                   0
27.400                2117                   0
27.500                2006                   0
27.600                1948                   0
27.700                1912                   0
27.800                1804                   0
27.900                1694                   0
28.000                1689                   0
28.100                1760                   0
28.200                1715                   0
28.300                1670                   0
28.400                1549                   0
28.500                1549                   0
28.600                1582                   0
28.700                1441                   0
28.800                1421                   0
28.900                1350                   0
29.000                1292                   0
29.100                1209                   0
29.200                1174                   0
29.300                1105                   0
29.400                1102                   0
29.500                1098                   0
29.600                1119                   0
29.700                1106                   0
29.800                1119                   0
29.900                 987                   0
30.000                1011                   0
30.100                1077                   0
30.200                1029                   0
30.300                 957                   0
30.400                 891                   0
30.500                 929                   0
30.600                 965                   0
30.700                 866                   0
30.800                 836                   0
30.900                 880                   0
31.000                 847                   0
31.100                 854                   0
31.200                 816                   0
31.300                 824                   0
31.400                 842                   0
31.500                 824                   0
31.600                 696                   0
31.700                 823                   0
31.800                 783                   0
31.900                 827                   0
32.000                 853                   0
32.100                 864                   0
32.200                 871                   0
32.300                 801                   0
32.400                 839                   0
32.500                 852                   0
32.600                 818                   0
32.700                 901                   0
32.800                 804                   0
32.900                 787                   0
33.000                 845                   0
33.100                 850                   0
33.200                 833                   0
33.300                 718                   0
33.400                 724                   0
33.500                 678                   0
33.600                 661                   0
33.700                 583                   0
33.800                 560                   0
33.900                 560                   0
34.000                 525                   0
34.100                 572                   0
34.200                 572                   0
34.300                 581                   0
34.400                 546                   0
34.500                 616                   0
34.600                 837                   0
34.700                1213                   0
34.800                2787                   0
34.900                6071                   0
35.000                1753                   0
35.100                   0                   0
35.200                   0                   0
35.300                   0                   0
35.400                   0                   0
35.500                   0                   0
35.600                   0                   0
35.700                   0                   0
35.800                   0                   0
35.900                   0                   0
36.000                   0                   0
36.100                   0                   0
36.200                   0                   0
36.300                   0                   0
36.400                   0                   0
36.500                   0                   0
36.600                   0                   0
36.700                   0                   0
36.800                   0                   0
36.900                   0                   0
37.000                   0                   0
37.100                   0                   0
37.200                   0                   0
37.300                   0                   0
37.400                   0                   0
37.500                   0                   0
37.600                   0                   0
37.700                   0                   0
37.800                   0                   0
37.900                   0                   0
38.000                   0                   0
38.100                   0                   0
38.200                   0                   0
38.300                   0                   0
38.400                   0                   0
38.500                   0                   0
38.600                   0                   0
38.700                   0                   0
38.800                   0                   0
38.900                   0                   0
39.000                   0                   0
39.100                   0                   0
39.200                   0                   0
39.300                   0                   0
39.400                   0                   0
39.500                   0                   0
39.600                   0                   0
39.700                   0                   0
39.800                   0                   0
39.900                   0                   0
40.000                   0                   0
40.100                   0                   0
40.200                   0                   0
40.300                   0                   0
40.400                   0                   0
40.500                   0                   0
40.600                   0                   0
40.700                   0                   0
40.800                   0                   0
40.900                   0                   0
41.000                   0                   0
41.100                   0                   0
41.200                   0                   0
41.300                   0                   0
41.400                   0                   0
41.500                   0                   0
41.600                   0                   0
41.700                   0                   0
41.800                   0                   0
41.900                   0                   0
42.000                   0                   0
42.100                   0                   0
42.200                   0                   0
42.300                   0                   0
42.400                   0                   0
42.500                   0                   0
42.600                   0                   0
42.700                   0                   0
42.800                   0                   0
42.900                   0                   0
43.000                   0                   0
43.100                   0                   0
43.200                   0                   0
43.300                   0                   0
43.400                   0                   0
43.500                   0                   0
43.600                   0                   0
43.700                   0                   0
43.800                   0                   0
43.900                   0                   0
44.000                   0                   0
44.100                   0                   0
44.200                   0                   0
44.300                   0                   0
44.400                   0                   0
44.500                   0                   0
44.600                   0                   0
44.700                   0                   0
44.800                   0                   0
44.900                   0                   0
45.000                   0                   0
45.100                   0                   0
45.200                   0                   0
45.300                   0                   0
45.400                   0                   0
45.500                   0                   0
45.600                   0                   0
45.700                   0                   0
45.800                   0                   0
45.900                   0                   0
46.000                   0                   0
46.100                   0                   0
46.200                   0                   0
46.300                   0                   0
46.400                   0                   0
46.500                   0                   0
46.600                   0                   0
46.700                   0                   0
46.800                   0                   0
46.900                   0                   0
47.000                   0                   0
47.100                   0                   0
47.200                   0                   0
47.300                   0                   0
47.400                   0                   0
47.500                   0                   0
47.600                   0                   0
47.700                   0                   0
47.800                   0                   0
47.900                   0                   0
48.000                   0                   0
48.100                   0                   0
48.200                   0                   0
48.300                   0                   0
48.400                   0                   0
48.500                   0                   0
48.600                   0                   0
48.700                   0                   0
48.800                   0                   0
48.900                   0                   0
49.000                   0                   0
49.100                   0                   0
49.200                   0                   0
49.300                   0                   0
49.400                   0                   0
49.500                   0                   0
49.600                   0                   0
49.700                   0                   0
49.800                   0                   0
49.900                   0                   0
50.000                   0                   0
50.100                   0                   0
50.200                   0                   0
50.300                   0                   0
50.400                   0                   0
50.500                   0                   0
50.600                   0                   0
50.700                   0                   0
50.800                   0                   0
50.900                   0                   0
51.000                   0                   0
51.100                   0                   0
51.200                   0                   0
51.300                   0                   0
51.400                   0                   0
51.500                   0                   0
51.600                   0                   0
51.700                   0                   0
51.800                   0                   0
51.900                   0                   0
52.000                   0                   0
52.100                   0                   0
52.200                   0                   0
52.300                   0                   0
52.400                   0                   0
52.500                   0                   0
52.600                   0                   0
52.700                   0                   0
52.800                   0                   0
52.900                   0                   0
53.000                   0                   0
53.100                   0                   0
53.200                   0                   0
53.300                   0                   0
53.400                   0                   0
53.500                   0                   0
53.600                   0                   0
53.700                   0                   0
53.800                   0                   0
53.900                   0                   0
54.000                   0                   0
54.100                   0                   0
54.200                   0                   0
54.300                   0                   0
54.400                   0                   0
54.500                   0                   0
54.600                   0                   0
54.700                   0                   0
54.800                   0                   0
54.900                   0                   0
55.000                   0                   0
55.100                   0                   0
55.200                   0                   0
55.300                   0                   0
55.400                   0                   0
55.500                   0                   0
55.600                   0                   0
55.700                   0                   0
55.800                   0                   0
55.900                   0                   0
56.000                   0                   0
56.100                   0                   0
56.200                   0                   0
56.300                   0                   0
56.400                   0                   0
56.500                   0                   0
56.600                   0                   0
56.700                   0                   0
56.800                   0                   0
56.900                   0                   0
57.000                   0                   0
57.100                   0                   0
57.200                   0                   0
57.300                   0                   0
57.400                   0                   0
57.500                   0                   0
57.600                   0                   0
57.700                   0                   0
57.800                   0                   0
57.900                   0                   0
58.000                   0                   0
58.100                   0                   0
58.200                   0                   0
58.300                   0                   0
58.400                   0                   0
58.500                   0                   0
58.600                   0                   0
58.700                   0                   0
58.800                   0                   0
58.900                   0                   0
59.000                   0                   0
59.100                   0                   0
59.200                   0                   0
59.300                   0                   0
59.400                   0                   0
59.500                   0                   0
59.600                   0                   0
59.700                   0                   0
59.800                   0                   0
59.900                   0                   0
60.000                   0                   0
60.100                   0                   0
60.200                   0                   0
60.300                   0                   0
60.400                   0                   0
60.500                   0                   0
60.600                   0                   0
60.700                   0                   0
60.800                   0                   0
60.900                   0                   0
61.000                   0                   0
61.100                   0                   0
61.200                   0                   0
61.300                   0                   0
61.400                   0                   0
61.500                   0                   0
61.600                   0                   0
61.700                   0                   0
61.800                   0                   0
61.900                   0                   0
62.000                   0                   0
62.100                   0                   0
62.200                   0                   0
62.300                   0                   0
62.400                   0                   0
62.500                   0                   0
62.600                   0                   0
62.700                   0                   0
62.800                   0                   0
62.900                   0                   0
63.000                   0                   0
63.100                   0                   0
63.200                   0                   0
63.300                   0                   0
63.400                   0                   0
63.500                   0                   0
63.600                   0                   0
63.700                   0                   0
63.800                   0                   0
63.900                   0                   0
64.000                   0                   0
64.100                   0                   0
64.200                   0                   0
64.300                   0                   0
64.400                   0                   0
64.500                   0                   0
64.600                   0                   0
64.700                   0                   0
64.800                   0                   0
64.900                   0                   0
65.000                   0                   0
65.100                   0                   0
65.200                   0                   0
65.300                   0                   0
65.400                   0                   0
65.500                   0                   0
65.600                   0                   0
65.700                   0                   0
65.800                   0                   0
65.900                   0                   0
66.000                   0                   0
66.100                   0                   0
66.200                   0                   0
66.300                   0                   0
66.400                   0                   0
66.500                   0                   0
66.600                   0                   0
66.700                   0                   0
66.800                   0                   0
66.900                   0                   0
67.000                   0                   0
67.100                   0                   0
67.200                   0                   0
67.300                   0                   0
67.400                   0                   0
67.500                   0                   0
67.600                   0                   0
67.700                   0                   0
67.800                   0                   0
67.900                   0                   0
68.000                   0                   0
68.100                   0                   0
68.200                   0                   0
68.300                   0                   0
68.400                   0                   0
68.500                   0                   0
68.600                   0                   0
68.700                   0                   0
68.800                   0                   0
68.900                   0                   0
69.000                   0                   0
69.100                   0                   0
69.200                   0                   0
69.300                   0                   0
69.400                   0                   0
69.500                   0                   0
69.600                   0                   0
69.700                   0                   0
69.800                   0                   0
69.900                   0                   0
70.000                   0                   0
70.100                   0                   0
70.200                   0                   0
70.300                   0                   0
70.400                   0                   0
70.500                   0                   0
70.600                   0                   0
70.700                   0                   0
70.800                   0                   0
70.900                   0                   0
71.000                   0                   0
71.100                   0                   0
71.200                   0                   0
71.300                   0                   0
71.400                   0                   0
71.500                   0                   0
71.600                   0                   0
71.700                   0                   0
71.800                   0                   0
71.900                   0                   0
72.000                   0                   0
72.100                   0                   0
72.200                   0                   0
72.300                   0                   0
72.400                   0                   0
72.500                   0                   0
72.600                   0                   0
72.700                   0                   0
72.800                   0                   0
72.900                   0                   0
73.000                   0                   0
73.100                   0                   0
73.200                   0                   0
73.300                   0                   0
73.400                   0                   0
73.500                   0                   0
73.600                   0                   0
73.700                   0                   0
73.800                   0                   0
73.900                   0                   0
74.000                   0                   0
74.100                   0                   0
74.200                   0                   0
74.300                   0                   0
74.400                   0                   0
74.500                   0                   0
74.600                   0                   0
74.700                   0                   0
74.800                   0                   0
74.900                   0                   0
75.000                   0                   0
75.100                   0                   0
75.200                   0                   0
75.300                   0                   0
75.400                   0                   0
75.500                   0                   0
75.600                   0                   0
75.700                   0                   0
75.800                   0                   0
75.900                   0                   0
76.000                   0                   0
76.100                   0                   0
76.200                   0                   0
76.300                   0                   0
76.400                   0                   0
76.500                   0                   0
76.600                   0                   0
76.700                   0                   0
76.800                   0                   0
76.900                   0                   0
77.000                   0                   0
77.100                   0                   0
77.200                   0                   0
77.300                   0                   0
77.400                   0                   0
77.500                   0                   0
77.600                   0                   0
77.700                   0                   0
77.800                   0                   0
77.900                   0                   0
78.000                   0                   0
78.100                   0                   0
78.200                   0                   0
78.300                   0                   0
78.400                   0                   0
78.500                   0                   0
78.600                   0                   0
78.700                   0                   0
78.800                   0                   0
78.900                   0                   0
79.000                   0                   0
79.100                   0                   0
79.200                   0                   0
79.300                   0                   0
79.400                   0                   0
79.500                   0                   0
79.600                   0                   0
79.700                   0                   0
79.800                   0                   0
79.900                   0                   0
80.000                   0                   0
80.100                   0                   0
80.200                   0                   0
80.300                   0                   0
80.400                   0                   0
80.500                   0                   0
80.600                   0                   0
80.700                   0                   0
80.800                   0                   0
80.900                   0                   0
81.000                   0                   0
81.100                   0                   0
81.200                   0                   0
81.300                   0                   0
81.400                   0                   0
81.500                   0                   0
81.600                   0                   0
81.700                   0                   0
81.800                   0                   0
81.900                   0                   0
82.000                   0                   0
82.100                   0                   0
82.200                   0                   0
82.300                   0                   0
82.400                   0                   0
82.500                   0                   0
82.600                   0                   0
82.700                   0                   0
82.800                   0                   0
82.900                   0                   0
83.000                   0                   0
83.100                   0                   0
83.200                   0                   0
83.300                   0                   0
83.400                   0                   0
83.500                   0                   0
83.600                   0                   0
83.700                   0                   0
83.800                   0                   0
83.900                   0                   0
84.000                   0                   0
84.100                   0                   0
84.200                   0                   0
84.300                   0                   0
84.400                   0                   0
84.500                   0                   0
84.600                   0                   0
84.700                   0                   0
84.800                   0                   0
84.900                   0                   0
85.000                   0                   0
85.100                   0                   0
85.200                   0                   0
85.300                   0                   0
85.400                   0                   0
85.500                   0                   0
85.600                   0                   0
85.700                   0                   0
85.800                   0                   0
85.900                   0                   0
86.000                   0                   0
86.100                   0                   0
86.200                   0                   0
86.300                   0                   0
86.400                   0                   0
86.500                   0                   0
86.600                   0                   0
86.700                   0                   0
86.800                   0                   0
86.900                   0                   0
87.000                   0                   0
87.100                   0                   0
87.200                   0                   0
87.300                   0                   0
87.400                   0                   0
87.500                   0                   0
87.600                   0                   0
87.700                   0                   0
87.800                   0                   0
87.900                   0                   0
88.000                   0                   0
88.100                   0                   0
88.200                   0                   0
88.300                   0                   0
88.400                   0                   0
88.500                   0                   0
88.600                   0                   0
88.700                   0                   0
88.800                   0                   0
88.900                   0                   0
89.000                   0                   0
89.100                   0                   0
89.200                   0                   0
89.300                   0                   0
89.400                   0                   0
89.500                   0                   0
89.600                   0                   0
89.700                   0                   0
89.800                   0                   0
89.900                   0                   0
90.000                   0                   0
90.100                   0                   0
90.200                   0                   0
90.300                   0                   0
90.400                   0                   0
90.500                   0                   0
90.600                   0                   0
90.700                   0                   0
90.800                   0                   0
90.900                   0                   0
91.000                   0                   0
91.100                   0                   0
91.200                   0                   0
91.300                   0                   0
91.400                   0                   0
91.500                   0                   0
91.600                   0                   0
91.700                   0                   0
91.800                   0                   0
91.900                   0                   0
92.000                   0                   0
92.100                   0                   0
92.200                   0                   0
92.300                   0                   0
92.400                   0                   0
92.500                   0                   0
92.600                   0                   0
92.700                   0                   0
92.800                   0                   0
92.900                   0                   0
93.000                   0                   0
93.100                   0                   0
93.200                   0                   0
93.300                   0                   0
93.400                   0                   0
93.500                   0                   0
93.600                   0                   0
93.700                   0                   0
93.800                   0                   0
93.900                   0                   0
94.000                   0                   0
94.100                   0                   0
94.200                   0                   0
94.300                   0                   0
94.400                   0                   0
94.500                   0                   0
94.600                   0                   0
94.700                   0                   0
94.800                   0                   0
94.900                   0                   0
95.000                   0                   0
95.100                   0                   0
95.200                   0                   0
95.300                   0                   0
95.400                   0                   0
95.500                   0                   0
95.600                   0                   0
95.700                   0                   0
95.800                   0                   0
95.900                   0                   0
96.000                   0                   0
96.100                   0                   0
96.200                   0                   0
96.300                   0                   0
96.400                   0                   0
96.500                   0                   0
96.600                   0                   0
96.700                   0                   0
96.800                   0                   0
96.900                   0                   0
97.000                   0                   0
97.100                   0                   0
97.200                   0                   0
97.300                   0                   0
97.400                   0                   0
97.500                   0                   0
97.600                   0                   0
97.700                   0                   0
97.800                   0                   0
97.900                   0                   0
98.000                   0                   0
98.100                   0                   0
98.200                   0                   0
98.300                   0                   0
98.400                   0                   0
98.500                   0                   0
98.600                   0                   0
98.700                   0                   0
98.800                   0                   0
98.900                   0                   0
99.000                   0                   0
99.100                   0                   0
99.200                   0                   0
99.300                   0                   0
99.400                   0                   0
99.500                   0                   0
99.600                   0                   0
99.700                   0                   0
99.800                   0                   0
99.900                   0                   0
