 0.000           885969183           736775436
 0.100             1496074            14463059
 0.200             1565105            14169172
 0.300             1614716            12903730
 0.400             1654940            11372271
 0.500             1730467            10301048
 0.600             1670845             8595422
 0.700             1732201             8038691
 0.800             1704520           207381171
 0.900             1727981                   0
 1.000             1729451                   0
 1.100             1769604                   0
 1.200             1743695                   0
 1.300             1723351                   0
 1.400             1753397                   0
 1.500             1785010                   0
 1.600             1779217                   0
 1.700             1762340                   0
 1.800             1812647                   0
 1.900             1777441                   0
 2.000             1835260                   0
 2.100             1837707                   0
 2.200             1799622                   0
 2.300             1860481                   0
 2.400             1850912                   0
 2.500             1888156                   0
 2.600             1888123                   0
 2.700             1871442                   0
 2.800             1898906                   0
 2.900             1914924                   0
 3.000             1921960                   0
 3.100             1938449                   0
 3.200             1936685                   0
 3.300             1932446                   0
 3.400             1938048                   0
 3.500             1943510                   0
 3.600             1953051                   0
 3.700             1922359                   0
 3.800             1924253                   0
 3.900             1920475                   0
 4.000             1924285                   0
 4.100             1913172                   0
 4.200             1883058                   0
 4.300             1878462                   0
 4.400             1824444                   0
 4.500             1812472                   0
 4.600             1768842                   0
 4.700             1718421                   0
 4.800             1701402                   0
 4.900             1668924                   0
 5.000             1647325                   0
 5.100             1595241                   0
 5.200             1565343                   0
 5.300             1516338                   0
 5.400             1465427                   0
 5.500             1424685                   0
 5.600             1379543                   0
 5.700             1351532                   0
 5.800             1295016                   0
 5.900             1244921                   0
 6.000             1205654                   0
 6.100             1147507                   0
 6.200             1107331                   0
 6.300             1072586                   0
 6.400             1035279                   0
 6.500             1002602                   0
 6.600              958050                   0
 6.700              925199                   0
 6.800              883140                   0
 6.900              845654                   0
 7.000              817040                   0
 7.100              786969                   0
 7.200              755726                   0
 7.300              734147                   0
 7.400              714171                   0
 7.500              693084                   0
 7.600              674697                   0
 7.700              646918                   0
 7.800              614361                   0
 7.900              590884                   0
 8.000              571505                   0
 8.100              553991                   0
 8.200              534818                   0
 8.300              521864                   0
 8.400              509383                   0
 8.500              492538                   0
 8.600              480566                   0
 8.700              466211                   0
 8.800              450167                   0
 8.900              433501                   0
 9.000              418610                   0
 9.100              402871                   0
 9.200              388250                   0
 9.300              375069                   0
 9.400              363208                   0
 9.500              350241                   0
 9.600              338433                   0
 9.700              323150                   0
 9.800              311222                   0
 9.900              303332                   0
10.000              293901                   0
10.100              281749                   0
10.200              270395                   0
10.300              260410                   0
10.400              251802                   0
10.500              245503                   0
10.600              237744                   0
10.700              228486                   0
10.800              222793                   0
10.900              213260                   0
11.000              205170                   0
11.100              200277                   0
11.200              192005                   0
11.300              185954                   0
11.400              180705                   0
11.500              176653                   0
11.600              169845                   0
11.700              165505                   0
11.800              159063                   0
11.900              154368                   0
12.000              151050                   0
12.100              148222                   0
12.200              143766                   0
12.300              138664                   0
12.400              132066                   0
12.500              127471                   0
12.600              123530                   0
12.700              120926                   0
12.800              116394                   0
12.900              113075                   0
13.000              107997                   0
13.100              105443                   0
13.200              101913                   0
13.300               99736                   0
13.400               97222                   0
13.500               92940                   0
13.600               89200                   0
13.700               85179                   0
13.800               81916                   0
13.900               78723                   0
14.000               76946                   0
14.100               73302                   0
14.200               70955                   0
14.300               69301                   0
14.400               66857                   0
14.500               65709                   0
14.600               63728                   0
14.700               61345                   0
14.800               58860                   0
14.900               57298                   0
15.000               56728                   0
15.100               53797                   0
15.200               52798                   0
15.300               51687                   0
15.400               51289                   0
15.500               49809                   0
15.600               48243                   0
15.700               45936                   0
15.800               43776                   0
15.900               42433                   0
16.000               41992                   0
16.100               40458                   0
16.200               38943                   0
16.300               37184                   0
16.400               36095                   0
16.500               35892                   0
16.600               34577                   0
16.700               33645                   0
16.800               32545                   0
16.900               30849                   0
17.000               29175                   0
17.100               28217                   0
17.200               27671                   0
17.300               26383                   0
17.400               25368                   0
17.500               24817                   0
17.600               23909                   0
17.700               23794                   0
17.800               23221                   0
17.900               22600                   0
18.000               21771                   0
18.100               21191                   0
18.200               20139                   0
18.300               19686                   0
18.400               19623                   0
18.500               19327                   0
18.600               19118                   0
18.700               18066                   0
18.800               17706                   0
18.900               16975                   0
19.000               16224                   0
19.100               15626                   0
19.200               15016                   0
19.300               14544                   0
19.400               13815                   0
19.500               13723                   0
19.600               13419                   0
19.700               13086                   0
19.800               12705                   0
19.900               12539                   0
20.000               12365                   0
20.100               12126                   0
20.200               11563                   0
20.300               11167                   0
20.400               10984                   0
20.500               10891                   0
20.600               10476                   0
20.700               10230                   0
20.800                9994                   0
20.900                9700                   0
21.000                9499                   0
21.100                9241                   0
21.200                8789                   0
21.300                8181                   0
21.400                7851                   0
21.500                7938                   0
21.600                7708                   0
21.700                7650                   0
21.800                7442                   0
21.900                7186                   0
22.000                6948                   0
22.100                6700                   0
22.200                6433                   0
22.300                6333                   0
22.400                5980                   0
22.500                5851                   0
22.600                5676                   0
22.700                5751                   0
22.800                5564                   0
22.900                5461                   0
23.000                5108                   0
23.100                5005                   0
23.200                5047                   0
23.300                4768                   0
23.400                4697                   0
23.500                4817                   0
23.600                4826                   0
23.700                4844                   0
23.800                4544                   0
23.900                4445                   0
24.000                4195                   0
24.100                4158                   0
24.200                4018                   0
24.300                4044                   0
24.400                3746                   0
24.500                3752                   0
24.600                3659                   0
24.700                3559                   0
24.800                3449                   0
24.900                3458                   0
25.000                3241                   0
25.100                3074                   0
25.200                3023                   0
25.300                3068                   0
25.400                2979                   0
25.500                2909                   0
25.600                2862                   0
25.700                2817                   0
25.800                2844                   0
25.900                2578                   0
26.000                2585                   0
26.100                2445                   0
26.200                2300                   0
26.300                2260                   0
26.400                2156                   0
26.500                2083                   0
26.600                1996                   0
26.700                1934                   0
26.800                2026                   0
26.900                1958                   0
27.000                1986                   0
27.100                1849                   0
27.200                1892                   0
27.300                1874                   0
27.400                1834                   0
27.500                1715                   0
27.600                1680                   0
27.700                1704                   0
27.800                1577                   0
27.900                1598                   0
28.000                1620                   0
28.100                1584                   0
28.200                1572                   0
28.300                1490                   0
28.400                1537                   0
28.500                1536                   0
28.600                1572                   0
28.700                1493                   0
28.800                1452                   0
28.900                1449                   0
29.000                1502                   0
29.100                1625                   0
29.200                1526                   0
29.300                1622                   0
29.400                1579                   0
29.500                1442                   0
29.600                1439                   0
29.700                1320                   0
29.800                1349                   0
29.900                1255                   0
30.000                1286                   0
30.100                1253                   0
30.200                1182                   0
30.300                1234                   0
30.400                1154                   0
30.500                1100                   0
30.600                1110                   0
30.700                1023                   0
30.800                 982                   0
30.900                 927                   0
31.000                 894                   0
31.100                 984                   0
31.200                 941                   0
31.300                 958                   0
31.400                1004                   0
31.500                1013                   0
31.600                 963                   0
31.700                1081                   0
31.800                1288                   0
31.900                2178                   0
32.000                5133                   0
32.100               14496                   0
32.200                   0                   0
32.300                   0                   0
32.400                   0                   0
32.500                   0                   0
32.600                   0                   0
32.700                   0                   0
32.800                   0                   0
32.900                   0                   0
33.000                   0                   0
33.100                   0                   0
33.200                   0                   0
33.300                   0                   0
33.400                   0                   0
33.500                   0                   0
33.600                   0                   0
33.700                   0                   0
33.800                   0                   0
33.900                   0                   0
34.000                   0                   0
34.100                   0                   0
34.200                   0                   0
34.300                   0                   0
34.400                   0                   0
34.500                   0                   0
34.600                   0                   0
34.700                   0                   0
34.800                   0                   0
34.900                   0                   0
35.000                   0                   0
35.100                   0                   0
35.200                   0                   0
35.300                   0                   0
35.400                   0                   0
35.500                   0                   0
35.600                   0                   0
35.700                   0                   0
35.800                   0                   0
35.900                   0                   0
36.000                   0                   0
36.100                   0                   0
36.200                   0                   0
36.300                   0                   0
36.400                   0                   0
36.500                   0                   0
36.600                   0                   0
36.700                   0                   0
36.800                   0                   0
36.900                   0                   0
37.000                   0                   0
37.100                   0                   0
37.200                   0                   0
37.300                   0                   0
37.400                   0                   0
37.500                   0                   0
37.600                   0                   0
37.700                   0                   0
37.800                   0                   0
37.900                   0                   0
38.000                   0                   0
38.100                   0                   0
38.200                   0                   0
38.300                   0                   0
38.400                   0                   0
38.500                   0                   0
38.600                   0                   0
38.700                   0                   0
38.800                   0                   0
38.900                   0                   0
39.000                   0                   0
39.100                   0                   0
39.200                   0                   0
39.300                   0                   0
39.400                   0                   0
39.500                   0                   0
39.600                   0                   0
39.700                   0                   0
39.800                   0                   0
39.900                   0                   0
40.000                   0                   0
40.100                   0                   0
40.200                   0                   0
40.300                   0                   0
40.400                   0                   0
40.500                   0                   0
40.600                   0                   0
40.700                   0                   0
40.800                   0                   0
40.900                   0                   0
41.000                   0                   0
41.100                   0                   0
41.200                   0                   0
41.300                   0                   0
41.400                   0                   0
41.500                   0                   0
41.600                   0                   0
41.700                   0                   0
41.800                   0                   0
41.900                   0                   0
42.000                   0                   0
42.100                   0                   0
42.200                   0                   0
42.300                   0                   0
42.400                   0                   0
42.500                   0                   0
42.600                   0                   0
42.700                   0                   0
42.800                   0                   0
42.900                   0                   0
43.000                   0                   0
43.100                   0                   0
43.200                   0                   0
43.300                   0                   0
43.400                   0                   0
43.500                   0                   0
43.600                   0                   0
43.700                   0                   0
43.800                   0                   0
43.900                   0                   0
44.000                   0                   0
44.100                   0                   0
44.200                   0                   0
44.300                   0                   0
44.400                   0                   0
44.500                   0                   0
44.600                   0                   0
44.700                   0                   0
44.800                   0                   0
44.900                   0                   0
45.000                   0                   0
45.100                   0                   0
45.200                   0                   0
45.300                   0                   0
45.400                   0                   0
45.500                   0                   0
45.600                   0                   0
45.700                   0                   0
45.800                   0                   0
45.900                   0                   0
46.000                   0                   0
46.100                   0                   0
46.200                   0                   0
46.300                   0                   0
46.400                   0                   0
46.500                   0                   0
46.600                   0                   0
46.700                   0                   0
46.800                   0                   0
46.900                   0                   0
47.000                   0                   0
47.100                   0                   0
47.200                   0                   0
47.300                   0                   0
47.400                   0                   0
47.500                   0                   0
47.600                   0                   0
47.700                   0                   0
47.800                   0                   0
47.900                   0                   0
48.000                   0                   0
48.100                   0                   0
48.200                   0                   0
48.300                   0                   0
48.400                   0                   0
48.500                   0                   0
48.600                   0                   0
48.700                   0                   0
48.800                   0                   0
48.900                   0                   0
49.000                   0                   0
49.100                   0                   0
49.200                   0                   0
49.300                   0                   0
49.400                   0                   0
49.500                   0                   0
49.600                   0                   0
49.700                   0                   0
49.800                   0                   0
49.900                   0                   0
50.000                   0                   0
50.100                   0                   0
50.200                   0                   0
50.300                   0                   0
50.400                   0                   0
50.500                   0                   0
50.600                   0                   0
50.700                   0                   0
50.800                   0                   0
50.900                   0                   0
51.000                   0                   0
51.100                   0                   0
51.200                   0                   0
51.300                   0                   0
51.400                   0                   0
51.500                   0                   0
51.600                   0                   0
51.700                   0                   0
51.800                   0                   0
51.900                   0                   0
52.000                   0                   0
52.100                   0                   0
52.200                   0                   0
52.300                   0                   0
52.400                   0                   0
52.500                   0                   0
52.600                   0                   0
52.700                   0                   0
52.800                   0                   0
52.900                   0                   0
53.000                   0                   0
53.100                   0                   0
53.200                   0                   0
53.300                   0                   0
53.400                   0                   0
53.500                   0                   0
53.600                   0                   0
53.700                   0                   0
53.800                   0                   0
53.900                   0                   0
54.000                   0                   0
54.100                   0                   0
54.200                   0                   0
54.300                   0                   0
54.400                   0                   0
54.500                   0                   0
54.600                   0                   0
54.700                   0                   0
54.800                   0                   0
54.900                   0                   0
55.000                   0                   0
55.100                   0                   0
55.200                   0                   0
55.300                   0                   0
55.400                   0                   0
55.500                   0                   0
55.600                   0                   0
55.700                   0                   0
55.800                   0                   0
55.900                   0                   0
56.000                   0                   0
56.100                   0                   0
56.200                   0                   0
56.300                   0                   0
56.400                   0                   0
56.500                   0                   0
56.600                   0                   0
56.700                   0                   0
56.800                   0                   0
56.900                   0                   0
57.000                   0                   0
57.100                   0                   0
57.200                   0                   0
57.300                   0                   0
57.400                   0                   0
57.500                   0                   0
57.600                   0                   0
57.700                   0                   0
57.800                   0                   0
57.900                   0                   0
58.000                   0                   0
58.100                   0                   0
58.200                   0                   0
58.300                   0                   0
58.400                   0                   0
58.500                   0                   0
58.600                   0                   0
58.700                   0                   0
58.800                   0                   0
58.900                   0                   0
59.000                   0                   0
59.100                   0                   0
59.200                   0                   0
59.300                   0                   0
59.400                   0                   0
59.500                   0                   0
59.600                   0                   0
59.700                   0                   0
59.800                   0                   0
59.900                   0                   0
60.000                   0                   0
60.100                   0                   0
60.200                   0                   0
60.300                   0                   0
60.400                   0                   0
60.500                   0                   0
60.600                   0                   0
60.700                   0                   0
60.800                   0                   0
60.900                   0                   0
61.000                   0                   0
61.100                   0                   0
61.200                   0                   0
61.300                   0                   0
61.400                   0                   0
61.500                   0                   0
61.600                   0                   0
61.700                   0                   0
61.800                   0                   0
61.900                   0                   0
62.000                   0                   0
62.100                   0                   0
62.200                   0                   0
62.300                   0                   0
62.400                   0                   0
62.500                   0                   0
62.600                   0                   0
62.700                   0                   0
62.800                   0                   0
62.900                   0                   0
63.000                   0                   0
63.100                   0                   0
63.200                   0                   0
63.300                   0                   0
63.400                   0                   0
63.500                   0                   0
63.600                   0                   0
63.700                   0                   0
63.800                   0                   0
63.900                   0                   0
64.000                   0                   0
64.100                   0                   0
64.200                   0                   0
64.300                   0                   0
64.400                   0                   0
64.500                   0                   0
64.600                   0                   0
64.700                   0                   0
64.800                   0                   0
64.900                   0                   0
65.000                   0                   0
65.100                   0                   0
65.200                   0                   0
65.300                   0                   0
65.400                   0                   0
65.500                   0                   0
65.600                   0                   0
65.700                   0                   0
65.800                   0                   0
65.900                   0                   0
66.000                   0                   0
66.100                   0                   0
66.200                   0                   0
66.300                   0                   0
66.400                   0                   0
66.500                   0                   0
66.600                   0                   0
66.700                   0                   0
66.800                   0                   0
66.900                   0                   0
67.000                   0                   0
67.100                   0                   0
67.200                   0                   0
67.300                   0                   0
67.400                   0                   0
67.500                   0                   0
67.600                   0                   0
67.700                   0                   0
67.800                   0                   0
67.900                   0                   0
68.000                   0                   0
68.100                   0                   0
68.200                   0                   0
68.300                   0                   0
68.400                   0                   0
68.500                   0                   0
68.600                   0                   0
68.700                   0                   0
68.800                   0                   0
68.900                   0                   0
69.000                   0                   0
69.100                   0                   0
69.200                   0                   0
69.300                   0                   0
69.400                   0                   0
69.500                   0                   0
69.600                   0                   0
69.700                   0                   0
69.800                   0                   0
69.900                   0                   0
70.000                   0                   0
70.100                   0                   0
70.200                   0                   0
70.300                   0                   0
70.400                   0                   0
70.500                   0                   0
70.600                   0                   0
70.700                   0                   0
70.800                   0                   0
70.900                   0                   0
71.000                   0                   0
71.100                   0                   0
71.200                   0                   0
71.300                   0                   0
71.400                   0                   0
71.500                   0                   0
71.600                   0                   0
71.700                   0                   0
71.800                   0                   0
71.900                   0                   0
72.000                   0                   0
72.100                   0                   0
72.200                   0                   0
72.300                   0                   0
72.400                   0                   0
72.500                   0                   0
72.600                   0                   0
72.700                   0                   0
72.800                   0                   0
72.900                   0                   0
73.000                   0                   0
73.100                   0                   0
73.200                   0                   0
73.300                   0                   0
73.400                   0                   0
73.500                   0                   0
73.600                   0                   0
73.700                   0                   0
73.800                   0                   0
73.900                   0                   0
74.000                   0                   0
74.100                   0                   0
74.200                   0                   0
74.300                   0                   0
74.400                   0                   0
74.500                   0                   0
74.600                   0                   0
74.700                   0                   0
74.800                   0                   0
74.900                   0                   0
75.000                   0                   0
75.100                   0                   0
75.200                   0                   0
75.300                   0                   0
75.400                   0                   0
75.500                   0                   0
75.600                   0                   0
75.700                   0                   0
75.800                   0                   0
75.900                   0                   0
76.000                   0                   0
76.100                   0                   0
76.200                   0                   0
76.300                   0                   0
76.400                   0                   0
76.500                   0                   0
76.600                   0                   0
76.700                   0                   0
76.800                   0                   0
76.900                   0                   0
77.000                   0                   0
77.100                   0                   0
77.200                   0                   0
77.300                   0                   0
77.400                   0                   0
77.500                   0                   0
77.600                   0                   0
77.700                   0                   0
77.800                   0                   0
77.900                   0                   0
78.000                   0                   0
78.100                   0                   0
78.200                   0                   0
78.300                   0                   0
78.400                   0                   0
78.500                   0                   0
78.600                   0                   0
78.700                   0                   0
78.800                   0                   0
78.900                   0                   0
79.000                   0                   0
79.100                   0                   0
79.200                   0                   0
79.300                   0                   0
79.400                   0                   0
79.500                   0                   0
79.600                   0                   0
79.700                   0                   0
79.800                   0                   0
79.900                   0                   0
80.000                   0                   0
80.100                   0                   0
80.200                   0                   0
80.300                   0                   0
80.400                   0                   0
80.500                   0                   0
80.600                   0                   0
80.700                   0                   0
80.800                   0                   0
80.900                   0                   0
81.000                   0                   0
81.100                   0                   0
81.200                   0                   0
81.300                   0                   0
81.400                   0                   0
81.500                   0                   0
81.600                   0                   0
81.700                   0                   0
81.800                   0                   0
81.900                   0                   0
82.000                   0                   0
82.100                   0                   0
82.200                   0                   0
82.300                   0                   0
82.400                   0                   0
82.500                   0                   0
82.600                   0                   0
82.700                   0                   0
82.800                   0                   0
82.900                   0                   0
83.000                   0                   0
83.100                   0                   0
83.200                   0                   0
83.300                   0                   0
83.400                   0                   0
83.500                   0                   0
83.600                   0                   0
83.700                   0                   0
83.800                   0                   0
83.900                   0                   0
84.000                   0                   0
84.100                   0                   0
84.200                   0                   0
84.300                   0                   0
84.400                   0                   0
84.500                   0                   0
84.600                   0                   0
84.700                   0                   0
84.800                   0                   0
84.900                   0                   0
85.000                   0                   0
85.100                   0                   0
85.200                   0                   0
85.300                   0                   0
85.400                   0                   0
85.500                   0                   0
85.600                   0                   0
85.700                   0                   0
85.800                   0                   0
85.900                   0                   0
86.000                   0                   0
86.100                   0                   0
86.200                   0                   0
86.300                   0                   0
86.400                   0                   0
86.500                   0                   0
86.600                   0                   0
86.700                   0                   0
86.800                   0                   0
86.900                   0                   0
87.000                   0                   0
87.100                   0                   0
87.200                   0                   0
87.300                   0                   0
87.400                   0                   0
87.500                   0                   0
87.600                   0                   0
87.700                   0                   0
87.800                   0                   0
87.900                   0                   0
88.000                   0                   0
88.100                   0                   0
88.200                   0                   0
88.300                   0                   0
88.400                   0                   0
88.500                   0                   0
88.600                   0                   0
88.700                   0                   0
88.800                   0                   0
88.900                   0                   0
89.000                   0                   0
89.100                   0                   0
89.200                   0                   0
89.300                   0                   0
89.400                   0                   0
89.500                   0                   0
89.600                   0                   0
89.700                   0                   0
89.800                   0                   0
89.900                   0                   0
90.000                   0                   0
90.100                   0                   0
90.200                   0                   0
90.300                   0                   0
90.400                   0                   0
90.500                   0                   0
90.600                   0                   0
90.700                   0                   0
90.800                   0                   0
90.900                   0                   0
91.000                   0                   0
91.100                   0                   0
91.200                   0                   0
91.300                   0                   0
91.400                   0                   0
91.500                   0                   0
91.600                   0                   0
91.700                   0                   0
91.800                   0                   0
91.900                   0                   0
92.000                   0                   0
92.100                   0                   0
92.200                   0                   0
92.300                   0                   0
92.400                   0                   0
92.500                   0                   0
92.600                   0                   0
92.700                   0                   0
92.800                   0                   0
92.900                   0                   0
93.000                   0                   0
93.100                   0                   0
93.200                   0                   0
93.300                   0                   0
93.400                   0                   0
93.500                   0                   0
93.600                   0                   0
93.700                   0                   0
93.800                   0                   0
93.900                   0                   0
94.000                   0                   0
94.100                   0                   0
94.200                   0                   0
94.300                   0                   0
94.400                   0                   0
94.500                   0                   0
94.600                   0                   0
94.700                   0                   0
94.800                   0                   0
94.900                   0                   0
95.000                   0                   0
95.100                   0                   0
95.200                   0                   0
95.300                   0                   0
95.400                   0                   0
95.500                   0                   0
95.600                   0                   0
95.700                   0                   0
95.800                   0                   0
95.900                   0                   0
96.000                   0                   0
96.100                   0                   0
96.200                   0                   0
96.300                   0                   0
96.400                   0                   0
96.500                   0                   0
96.600                   0                   0
96.700                   0                   0
96.800                   0                   0
96.900                   0                   0
97.000                   0                   0
97.100                   0                   0
97.200                   0                   0
97.300                   0                   0
97.400                   0                   0
97.500                   0                   0
97.600                   0                   0
97.700                   0                   0
97.800                   0                   0
97.900                   0                   0
98.000                   0                   0
98.100                   0                   0
98.200                   0                   0
98.300                   0                   0
98.400                   0                   0
98.500                   0                   0
98.600                   0                   0
98.700                   0                   0
98.800                   0                   0
98.900                   0                   0
99.000                   0                   0
99.100                   0                   0
99.200                   0                   0
99.300                   0                   0
99.400                   0                   0
99.500                   0                   0
99.600                   0                   0
99.700                   0                   0
99.800                   0                   0
99.900                   0                   0
