 0.000           885343760           736419153
 0.100             1539669            14778089
 0.200             1573368            14057209
 0.300             1620529            12498626
 0.400             1671103            10959832
 0.500             1697196             9592846
 0.600             1720403             8495265
 0.700             1757217             7762916
 0.800             1723856             6861998
 0.900             1695625             6158980
 1.000             1777442             6069416
 1.100             1693013             5282210
 1.200             1748856             5144827
 1.300             1727150             4752529
 1.400             1739076             4571978
 1.500             1763645             4433607
 1.600             1732546             4062224
 1.700             1766452             3968301
 1.800             1782518             3818584
 1.900             1752362             3545135
 2.000             1748494             3369185
 2.100             1765914             3323481
 2.200             1798986             7633236
 2.300             1767893           136440373
 2.400             1810735                   0
 2.500             1813475                   0
 2.600             1839190                   0
 2.700             1808983                   0
 2.800             1864935                   0
 2.900             1840754                   0
 3.000             1889904                   0
 3.100             1921434                   0
 3.200             1926412                   0
 3.300             1942404                   0
 3.400             1954346                   0
 3.500             1972475                   0
 3.600             1992140                   0
 3.700             1967711                   0
 3.800             1983887                   0
 3.900             1998279                   0
 4.000             1971510                   0
 4.100             1963143                   0
 4.200             1925784                   0
 4.300             1924121                   0
 4.400             1875545                   0
 4.500             1854783                   0
 4.600             1813217                   0
 4.700             1802629                   0
 4.800             1739820                   0
 4.900             1726698                   0
 5.000             1664591                   0
 5.100             1649269                   0
 5.200             1599899                   0
 5.300             1566381                   0
 5.400             1526326                   0
 5.500             1491141                   0
 5.600             1432064                   0
 5.700             1373410                   0
 5.800             1333217                   0
 5.900             1282045                   0
 6.000             1222838                   0
 6.100             1180926                   0
 6.200             1134795                   0
 6.300             1089719                   0
 6.400             1058474                   0
 6.500             1020754                   0
 6.600              976511                   0
 6.700              936531                   0
 6.800              902002                   0
 6.900              864900                   0
 7.000              841936                   0
 7.100              815131                   0
 7.200              783715                   0
 7.300              756437                   0
 7.400              724528                   0
 7.500              700015                   0
 7.600              671052                   0
 7.700              645844                   0
 7.800              623902                   0
 7.900              606958                   0
 8.000              585098                   0
 8.100              556625                   0
 8.200              538988                   0
 8.300              510780                   0
 8.400              489701                   0
 8.500              471523                   0
 8.600              454278                   0
 8.700              441331                   0
 8.800              429166                   0
 8.900              417986                   0
 9.000              406889                   0
 9.100              390019                   0
 9.200              375622                   0
 9.300              359636                   0
 9.400              347035                   0
 9.500              339472                   0
 9.600              327491                   0
 9.700              321354                   0
 9.800              311629                   0
 9.900              304021                   0
10.000              297625                   0
10.100              289251                   0
10.200              279569                   0
10.300              269323                   0
10.400              261575                   0
10.500              253105                   0
10.600              243856                   0
10.700              233650                   0
10.800              227035                   0
10.900              218829                   0
11.000              212545                   0
11.100              203230                   0
11.200              194019                   0
11.300              188674                   0
11.400              181278                   0
11.500              175197                   0
11.600              169076                   0
11.700              160742                   0
11.800              155877                   0
11.900              150786                   0
12.000              147463                   0
12.100              142048                   0
12.200              138003                   0
12.300              133436                   0
12.400              127391                   0
12.500              123816                   0
12.600              121146                   0
12.700              116169                   0
12.800              111976                   0
12.900              109370                   0
13.000              105452                   0
13.100              102480                   0
13.200               98537                   0
13.300               94638                   0
13.400               92746                   0
13.500               91532                   0
13.600               90313                   0
13.700               85511                   0
13.800               82263                   0
13.900               77816                   0
14.000               75224                   0
14.100               72809                   0
14.200               71061                   0
14.300               68449                   0
14.400               65669                   0
14.500               63653                   0
14.600               62346                   0
14.700               60893                   0
14.800               59773                   0
14.900               57264                   0
15.000               54872                   0
15.100               52438                   0
15.200               50143                   0
15.300               47888                   0
15.400               46913                   0
15.500               45230                   0
15.600               43631                   0
15.700               42331                   0
15.800               41116                   0
15.900               39942                   0
16.000               39502                   0
16.100               37941                   0
16.200               36989                   0
16.300               35662                   0
16.400               35198                   0
16.500               34254                   0
16.600               32815                   0
16.700               32145                   0
16.800               31944                   0
16.900               31336                   0
17.000               30384                   0
17.100               29196                   0
17.200               27668                   0
17.300               26396                   0
17.400               26425                   0
17.500               25856                   0
17.600               24928                   0
17.700               23727                   0
17.800               22811                   0
17.900               22638                   0
18.000               22138                   0
18.100               21723                   0
18.200               21153                   0
18.300               20092                   0
18.400               19233                   0
18.500               18285                   0
18.600               17799                   0
18.700               17333                   0
18.800               16580                   0
18.900               16446                   0
19.000               16047                   0
19.100               15601                   0
19.200               15519                   0
19.300               15455                   0
19.400               14735                   0
19.500               14327                   0
19.600               13778                   0
19.700               13256                   0
19.800               13135                   0
19.900               13235                   0
20.000               12907                   0
20.100               12642                   0
20.200               12205                   0
20.300               11548                   0
20.400               11305                   0
20.500               10729                   0
20.600               10173                   0
20.700               10109                   0
20.800                9637                   0
20.900                9409                   0
21.000                9201                   0
21.100                8964                   0
21.200                8936                   0
21.300                8638                   0
21.400                8518                   0
21.500                8429                   0
21.600                7993                   0
21.700                7772                   0
21.800                7585                   0
21.900                7563                   0
22.000                7328                   0
22.100                7197                   0
22.200                7019                   0
22.300                6911                   0
22.400                6515                   0
22.500                6667                   0
22.600                6256                   0
22.700                5869                   0
22.800                5473                   0
22.900                5557                   0
23.000                5632                   0
23.100                5471                   0
23.200                5307                   0
23.300                5174                   0
23.400                4823                   0
23.500                4761                   0
23.600                4574                   0
23.700                4493                   0
23.800                4496                   0
23.900                4183                   0
24.000                4017                   0
24.100                4059                   0
24.200                4150                   0
24.300                3875                   0
24.400                3677                   0
24.500                3536                   0
24.600                3545                   0
24.700                3467                   0
24.800                3424                   0
24.900                3465                   0
25.000                3496                   0
25.100                3447                   0
25.200                3330                   0
25.300                3228                   0
25.400                3015                   0
25.500                3048                   0
25.600                2950                   0
25.700                2986                   0
25.800                2843                   0
25.900                2696                   0
26.000                2796                   0
26.100                2631                   0
26.200                2566                   0
26.300                2534                   0
26.400                2437                   0
26.500                2332                   0
26.600                2332                   0
26.700                2265                   0
26.800                2277                   0
26.900                2183                   0
27.000                2084                   0
27.100                2095                   0
27.200                2088                   0
27.300                1972                   0
27.400                1885                   0
27.500                1825                   0
27.600                1738                   0
27.700                1764                   0
27.800                1552                   0
27.900                1488                   0
28.000                1465                   0
28.100                1443                   0
28.200                1424                   0
28.300                1478                   0
28.400                1417                   0
28.500                1429                   0
28.600                1262                   0
28.700                1423                   0
28.800                1353                   0
28.900                1261                   0
29.000                1230                   0
29.100                1192                   0
29.200                1219                   0
29.300                1183                   0
29.400                1241                   0
29.500                1175                   0
29.600                1131                   0
29.700                1086                   0
29.800                1082                   0
29.900                1020                   0
30.000                1070                   0
30.100                1040                   0
30.200                1006                   0
30.300                 980                   0
30.400                1046                   0
30.500                 980                   0
30.600                1050                   0
30.700                1039                   0
30.800                 980                   0
30.900                1035                   0
31.000                 947                   0
31.100                1003                   0
31.200                 956                   0
31.300                1052                   0
31.400                 972                   0
31.500                1023                   0
31.600                 882                   0
31.700                 973                   0
31.800                 971                   0
31.900                 951                   0
32.000                 960                   0
32.100                 941                   0
32.200                 930                   0
32.300                 825                   0
32.400                 783                   0
32.500                 827                   0
32.600                 776                   0
32.700                 816                   0
32.800                 801                   0
32.900                 797                   0
33.000                 890                   0
33.100                 847                   0
33.200                 998                   0
33.300                1312                   0
33.400                2533                   0
33.500                6141                   0
33.600                6266                   0
33.700                   0                   0
33.800                   0                   0
33.900                   0                   0
34.000                   0                   0
34.100                   0                   0
34.200                   0                   0
34.300                   0                   0
34.400                   0                   0
34.500                   0                   0
34.600                   0                   0
34.700                   0                   0
34.800                   0                   0
34.900                   0                   0
35.000                   0                   0
35.100                   0                   0
35.200                   0                   0
35.300                   0                   0
35.400                   0                   0
35.500                   0                   0
35.600                   0                   0
35.700                   0                   0
35.800                   0                   0
35.900                   0                   0
36.000                   0                   0
36.100                   0                   0
36.200                   0                   0
36.300                   0                   0
36.400                   0                   0
36.500                   0                   0
36.600                   0                   0
36.700                   0                   0
36.800                   0                   0
36.900                   0                   0
37.000                   0                   0
37.100                   0                   0
37.200                   0                   0
37.300                   0                   0
37.400                   0                   0
37.500                   0                   0
37.600                   0                   0
37.700                   0                   0
37.800                   0                   0
37.900                   0                   0
38.000                   0                   0
38.100                   0                   0
38.200                   0                   0
38.300                   0                   0
38.400                   0                   0
38.500                   0                   0
38.600                   0                   0
38.700                   0                   0
38.800                   0                   0
38.900                   0                   0
39.000                   0                   0
39.100                   0                   0
39.200                   0                   0
39.300                   0                   0
39.400                   0                   0
39.500                   0                   0
39.600                   0                   0
39.700                   0                   0
39.800                   0                   0
39.900                   0                   0
40.000                   0                   0
40.100                   0                   0
40.200                   0                   0
40.300                   0                   0
40.400                   0                   0
40.500                   0                   0
40.600                   0                   0
40.700                   0                   0
40.800                   0                   0
40.900                   0                   0
41.000                   0                   0
41.100                   0                   0
41.200                   0                   0
41.300                   0                   0
41.400                   0                   0
41.500                   0                   0
41.600                   0                   0
41.700                   0                   0
41.800                   0                   0
41.900                   0                   0
42.000                   0                   0
42.100                   0                   0
42.200                   0                   0
42.300                   0                   0
42.400                   0                   0
42.500                   0                   0
42.600                   0                   0
42.700                   0                   0
42.800                   0                   0
42.900                   0                   0
43.000                   0                   0
43.100                   0                   0
43.200                   0                   0
43.300                   0                   0
43.400                   0                   0
43.500                   0                   0
43.600                   0                   0
43.700                   0                   0
43.800                   0                   0
43.900                   0                   0
44.000                   0                   0
44.100                   0                   0
44.200                   0                   0
44.300                   0                   0
44.400                   0                   0
44.500                   0                   0
44.600                   0                   0
44.700                   0                   0
44.800                   0                   0
44.900                   0                   0
45.000                   0                   0
45.100                   0                   0
45.200                   0                   0
45.300                   0                   0
45.400                   0                   0
45.500                   0                   0
45.600                   0                   0
45.700                   0                   0
45.800                   0                   0
45.900                   0                   0
46.000                   0                   0
46.100                   0                   0
46.200                   0                   0
46.300                   0                   0
46.400                   0                   0
46.500                   0                   0
46.600                   0                   0
46.700                   0                   0
46.800                   0                   0
46.900                   0                   0
47.000                   0                   0
47.100                   0                   0
47.200                   0                   0
47.300                   0                   0
47.400                   0                   0
47.500                   0                   0
47.600                   0                   0
47.700                   0                   0
47.800                   0                   0
47.900                   0                   0
48.000                   0                   0
48.100                   0                   0
48.200                   0                   0
48.300                   0                   0
48.400                   0                   0
48.500                   0                   0
48.600                   0                   0
48.700                   0                   0
48.800                   0                   0
48.900                   0                   0
49.000                   0                   0
49.100                   0                   0
49.200                   0                   0
49.300                   0                   0
49.400                   0                   0
49.500                   0                   0
49.600                   0                   0
49.700                   0                   0
49.800                   0                   0
49.900                   0                   0
50.000                   0                   0
50.100                   0                   0
50.200                   0                   0
50.300                   0                   0
50.400                   0                   0
50.500                   0                   0
50.600                   0                   0
50.700                   0                   0
50.800                   0                   0
50.900                   0                   0
51.000                   0                   0
51.100                   0                   0
51.200                   0                   0
51.300                   0                   0
51.400                   0                   0
51.500                   0                   0
51.600                   0                   0
51.700                   0                   0
51.800                   0                   0
51.900                   0                   0
52.000                   0                   0
52.100                   0                   0
52.200                   0                   0
52.300                   0                   0
52.400                   0                   0
52.500                   0                   0
52.600                   0                   0
52.700                   0                   0
52.800                   0                   0
52.900                   0                   0
53.000                   0                   0
53.100                   0                   0
53.200                   0                   0
53.300                   0                   0
53.400                   0                   0
53.500                   0                   0
53.600                   0                   0
53.700                   0                   0
53.800                   0                   0
53.900                   0                   0
54.000                   0                   0
54.100                   0                   0
54.200                   0                   0
54.300                   0                   0
54.400                   0                   0
54.500                   0                   0
54.600                   0                   0
54.700                   0                   0
54.800                   0                   0
54.900                   0                   0
55.000                   0                   0
55.100                   0                   0
55.200                   0                   0
55.300                   0                   0
55.400                   0                   0
55.500                   0                   0
55.600                   0                   0
55.700                   0                   0
55.800                   0                   0
55.900                   0                   0
56.000                   0                   0
56.100                   0                   0
56.200                   0                   0
56.300                   0                   0
56.400                   0                   0
56.500                   0                   0
56.600                   0                   0
56.700                   0                   0
56.800                   0                   0
56.900                   0                   0
57.000                   0                   0
57.100                   0                   0
57.200                   0                   0
57.300                   0                   0
57.400                   0                   0
57.500                   0                   0
57.600                   0                   0
57.700                   0                   0
57.800                   0                   0
57.900                   0                   0
58.000                   0                   0
58.100                   0                   0
58.200                   0                   0
58.300                   0                   0
58.400                   0                   0
58.500                   0                   0
58.600                   0                   0
58.700                   0                   0
58.800                   0                   0
58.900                   0                   0
59.000                   0                   0
59.100                   0                   0
59.200                   0                   0
59.300                   0                   0
59.400                   0                   0
59.500                   0                   0
59.600                   0                   0
59.700                   0                   0
59.800                   0                   0
59.900                   0                   0
60.000                   0                   0
60.100                   0                   0
60.200                   0                   0
60.300                   0                   0
60.400                   0                   0
60.500                   0                   0
60.600                   0                   0
60.700                   0                   0
60.800                   0                   0
60.900                   0                   0
61.000                   0                   0
61.100                   0                   0
61.200                   0                   0
61.300                   0                   0
61.400                   0                   0
61.500                   0                   0
61.600                   0                   0
61.700                   0                   0
61.800                   0                   0
61.900                   0                   0
62.000                   0                   0
62.100                   0                   0
62.200                   0                   0
62.300                   0                   0
62.400                   0                   0
62.500                   0                   0
62.600                   0                   0
62.700                   0                   0
62.800                   0                   0
62.900                   0                   0
63.000                   0                   0
63.100                   0                   0
63.200                   0                   0
63.300                   0                   0
63.400                   0                   0
63.500                   0                   0
63.600                   0                   0
63.700                   0                   0
63.800                   0                   0
63.900                   0                   0
64.000                   0                   0
64.100                   0                   0
64.200                   0                   0
64.300                   0                   0
64.400                   0                   0
64.500                   0                   0
64.600                   0                   0
64.700                   0                   0
64.800                   0                   0
64.900                   0                   0
65.000                   0                   0
65.100                   0                   0
65.200                   0                   0
65.300                   0                   0
65.400                   0                   0
65.500                   0                   0
65.600                   0                   0
65.700                   0                   0
65.800                   0                   0
65.900                   0                   0
66.000                   0                   0
66.100                   0                   0
66.200                   0                   0
66.300                   0                   0
66.400                   0                   0
66.500                   0                   0
66.600                   0                   0
66.700                   0                   0
66.800                   0                   0
66.900                   0                   0
67.000                   0                   0
67.100                   0                   0
67.200                   0                   0
67.300                   0                   0
67.400                   0                   0
67.500                   0                   0
67.600                   0                   0
67.700                   0                   0
67.800                   0                   0
67.900                   0                   0
68.000                   0                   0
68.100                   0                   0
68.200                   0                   0
68.300                   0                   0
68.400                   0                   0
68.500                   0                   0
68.600                   0                   0
68.700                   0                   0
68.800                   0                   0
68.900                   0                   0
69.000                   0                   0
69.100                   0                   0
69.200                   0                   0
69.300                   0                   0
69.400                   0                   0
69.500                   0                   0
69.600                   0                   0
69.700                   0                   0
69.800                   0                   0
69.900                   0                   0
70.000                   0                   0
70.100                   0                   0
70.200                   0                   0
70.300                   0                   0
70.400                   0                   0
70.500                   0                   0
70.600                   0                   0
70.700                   0                   0
70.800                   0                   0
70.900                   0                   0
71.000                   0                   0
71.100                   0                   0
71.200                   0                   0
71.300                   0                   0
71.400                   0                   0
71.500                   0                   0
71.600                   0                   0
71.700                   0                   0
71.800                   0                   0
71.900                   0                   0
72.000                   0                   0
72.100                   0                   0
72.200                   0                   0
72.300                   0                   0
72.400                   0                   0
72.500                   0                   0
72.600                   0                   0
72.700                   0                   0
72.800                   0                   0
72.900                   0                   0
73.000                   0                   0
73.100                   0                   0
73.200                   0                   0
73.300                   0                   0
73.400                   0                   0
73.500                   0                   0
73.600                   0                   0
73.700                   0                   0
73.800                   0                   0
73.900                   0                   0
74.000                   0                   0
74.100                   0                   0
74.200                   0                   0
74.300                   0                   0
74.400                   0                   0
74.500                   0                   0
74.600                   0                   0
74.700                   0                   0
74.800                   0                   0
74.900                   0                   0
75.000                   0                   0
75.100                   0                   0
75.200                   0                   0
75.300                   0                   0
75.400                   0                   0
75.500                   0                   0
75.600                   0                   0
75.700                   0                   0
75.800                   0                   0
75.900                   0                   0
76.000                   0                   0
76.100                   0                   0
76.200                   0                   0
76.300                   0                   0
76.400                   0                   0
76.500                   0                   0
76.600                   0                   0
76.700                   0                   0
76.800                   0                   0
76.900                   0                   0
77.000                   0                   0
77.100                   0                   0
77.200                   0                   0
77.300                   0                   0
77.400                   0                   0
77.500                   0                   0
77.600                   0                   0
77.700                   0                   0
77.800                   0                   0
77.900                   0                   0
78.000                   0                   0
78.100                   0                   0
78.200                   0                   0
78.300                   0                   0
78.400                   0                   0
78.500                   0                   0
78.600                   0                   0
78.700                   0                   0
78.800                   0                   0
78.900                   0                   0
79.000                   0                   0
79.100                   0                   0
79.200                   0                   0
79.300                   0                   0
79.400                   0                   0
79.500                   0                   0
79.600                   0                   0
79.700                   0                   0
79.800                   0                   0
79.900                   0                   0
80.000                   0                   0
80.100                   0                   0
80.200                   0                   0
80.300                   0                   0
80.400                   0                   0
80.500                   0                   0
80.600                   0                   0
80.700                   0                   0
80.800                   0                   0
80.900                   0                   0
81.000                   0                   0
81.100                   0                   0
81.200                   0                   0
81.300                   0                   0
81.400                   0                   0
81.500                   0                   0
81.600                   0                   0
81.700                   0                   0
81.800                   0                   0
81.900                   0                   0
82.000                   0                   0
82.100                   0                   0
82.200                   0                   0
82.300                   0                   0
82.400                   0                   0
82.500                   0                   0
82.600                   0                   0
82.700                   0                   0
82.800                   0                   0
82.900                   0                   0
83.000                   0                   0
83.100                   0                   0
83.200                   0                   0
83.300                   0                   0
83.400                   0                   0
83.500                   0                   0
83.600                   0                   0
83.700                   0                   0
83.800                   0                   0
83.900                   0                   0
84.000                   0                   0
84.100                   0                   0
84.200                   0                   0
84.300                   0                   0
84.400                   0                   0
84.500                   0                   0
84.600                   0                   0
84.700                   0                   0
84.800                   0                   0
84.900                   0                   0
85.000                   0                   0
85.100                   0                   0
85.200                   0                   0
85.300                   0                   0
85.400                   0                   0
85.500                   0                   0
85.600                   0                   0
85.700                   0                   0
85.800                   0                   0
85.900                   0                   0
86.000                   0                   0
86.100                   0                   0
86.200                   0                   0
86.300                   0                   0
86.400                   0                   0
86.500                   0                   0
86.600                   0                   0
86.700                   0                   0
86.800                   0                   0
86.900                   0                   0
87.000                   0                   0
87.100                   0                   0
87.200                   0                   0
87.300                   0                   0
87.400                   0                   0
87.500                   0                   0
87.600                   0                   0
87.700                   0                   0
87.800                   0                   0
87.900                   0                   0
88.000                   0                   0
88.100                   0                   0
88.200                   0                   0
88.300                   0                   0
88.400                   0                   0
88.500                   0                   0
88.600                   0                   0
88.700                   0                   0
88.800                   0                   0
88.900                   0                   0
89.000                   0                   0
89.100                   0                   0
89.200                   0                   0
89.300                   0                   0
89.400                   0                   0
89.500                   0                   0
89.600                   0                   0
89.700                   0                   0
89.800                   0                   0
89.900                   0                   0
90.000                   0                   0
90.100                   0                   0
90.200                   0                   0
90.300                   0                   0
90.400                   0                   0
90.500                   0                   0
90.600                   0                   0
90.700                   0                   0
90.800                   0                   0
90.900                   0                   0
91.000                   0                   0
91.100                   0                   0
91.200                   0                   0
91.300                   0                   0
91.400                   0                   0
91.500                   0                   0
91.600                   0                   0
91.700                   0                   0
91.800                   0                   0
91.900                   0                   0
92.000                   0                   0
92.100                   0                   0
92.200                   0                   0
92.300                   0                   0
92.400                   0                   0
92.500                   0                   0
92.600                   0                   0
92.700                   0                   0
92.800                   0                   0
92.900                   0                   0
93.000                   0                   0
93.100                   0                   0
93.200                   0                   0
93.300                   0                   0
93.400                   0                   0
93.500                   0                   0
93.600                   0                   0
93.700                   0                   0
93.800                   0                   0
93.900                   0                   0
94.000                   0                   0
94.100                   0                   0
94.200                   0                   0
94.300                   0                   0
94.400                   0                   0
94.500                   0                   0
94.600                   0                   0
94.700                   0                   0
94.800                   0                   0
94.900                   0                   0
95.000                   0                   0
95.100                   0                   0
95.200                   0                   0
95.300                   0                   0
95.400                   0                   0
95.500                   0                   0
95.600                   0                   0
95.700                   0                   0
95.800                   0                   0
95.900                   0                   0
96.000                   0                   0
96.100                   0                   0
96.200                   0                   0
96.300                   0                   0
96.400                   0                   0
96.500                   0                   0
96.600                   0                   0
96.700                   0                   0
96.800                   0                   0
96.900                   0                   0
97.000                   0                   0
97.100                   0                   0
97.200                   0                   0
97.300                   0                   0
97.400                   0                   0
97.500                   0                   0
97.600                   0                   0
97.700                   0                   0
97.800                   0                   0
97.900                   0                   0
98.000                   0                   0
98.100                   0                   0
98.200                   0                   0
98.300                   0                   0
98.400                   0                   0
98.500                   0                   0
98.600                   0                   0
98.700                   0                   0
98.800                   0                   0
98.900                   0                   0
99.000                   0                   0
99.100                   0                   0
99.200                   0                   0
99.300                   0                   0
99.400                   0                   0
99.500                   0                   0
99.600                   0                   0
99.700                   0                   0
99.800                   0                   0
99.900                   0                   0
