 0.000           879225189           735656281
 0.100             1565401            14714493
 0.200             1637681            13789709
 0.300             1652061            11762136
 0.400             1729339            10424706
 0.500             1718794             8780833
 0.600             1762858             7895536
 0.700             1768258             6958658
 0.800             1814154             6436252
 0.900             1776860             5634270
 1.000             1815989             5291908
 1.100             1824176             4906138
 1.200             1791408             4472379
 1.300             1821456             4334265
 1.400             1835743             4137564
 1.500             1811700             3855414
 1.600             1783100             3571536
 1.700             1812456             3460903
 1.800             1854153             3378012
 1.900             1847927             3147362
 2.000             1878101             3054926
 2.100             1888902             2907463
 2.200             1892265             2771879
 2.300             1885813             2600153
 2.400             1915762             2546077
 2.500             1948896             2478113
 2.600             1958086             2393750
 2.700             1931766             2207352
 2.800             1963388             2195322
 2.900             1972981             2095999
 3.000             1946010             1950971
 3.100             1986221             1952316
 3.200             1977421             1868997
 3.300             1991834             1873599
 3.400             1962023             1753373
 3.500             1998582             1771055
 3.600             1984291             1730226
 3.700             1963637             1669367
 3.800             1922969             1574059
 3.900             1926795             1575118
 4.000             1908041             1540214
 4.100             1886291             1505209
 4.200             1882673             1555673
 4.300             1844232             1512208
 4.400             1810903             1490286
 4.500             1790028             1500332
 4.600             1749662             1460079
 4.700             1738112             1487749
 4.800             1721438             1479012
 4.900             1699521             1457487
 5.000             1660523             1429216
 5.100             1615836             1377090
 5.200             1600373             1417608
 5.300             1554147             1384055
 5.400             1532941             1417536
 5.500             1479465             1345500
 5.600             1459056             1366262
 5.700             1423624             1324739
 5.800             1381930             1308388
 5.900             1345976             1296710
 6.000             1326692             1322662
 6.100             1286516             1307164
 6.200             1251371             1299777
 6.300             1204584             1245697
 6.400             1190646             1297374
 6.500             1148062             1255099
 6.600             1115579             1289790
 6.700             1079047             1313975
 6.800             1042097             1298954
 6.900             1013489             1319212
 7.000              970417             1288099
 7.100              939235             1295351
 7.200              907916             1284689
 7.300              876383             1304233
 7.400              843434             1294657
 7.500              811422             1295651
 7.600              782277             1294956
 7.700              750080             1292799
 7.800              721244             1283120
 7.900              690627             1289572
 8.000              662597             1268343
 8.100              638872             1268913
 8.200              611753             1253406
 8.300              584991             1237041
 8.400              561788             1222731
 8.500              545166             1241520
 8.600              526488             1209985
 8.700              513560             1195575
 8.800              494101             1163678
 8.900              470269             1160775
 9.000              455484             1318973
 9.100              442284             2972161
 9.200              425584            25432563
 9.300              408826            21947682
 9.400              397356                   0
 9.500              389280                   0
 9.600              374588                   0
 9.700              361609                   0
 9.800              351723                   0
 9.900              340230                   0
10.000              325297                   0
10.100              310815                   0
10.200              295477                   0
10.300              282924                   0
10.400              273375                   0
10.500              260818                   0
10.600              250766                   0
10.700              242111                   0
10.800              233305                   0
10.900              225053                   0
11.000              219072                   0
11.100              212663                   0
11.200              203523                   0
11.300              195919                   0
11.400              188212                   0
11.500              185322                   0
11.600              180114                   0
11.700              174785                   0
11.800              169612                   0
11.900              163500                   0
12.000              159439                   0
12.100              153765                   0
12.200              149650                   0
12.300              144149                   0
12.400              140464                   0
12.500              136714                   0
12.600              132506                   0
12.700              126669                   0
12.800              119342                   0
12.900              112894                   0
13.000              108717                   0
13.100              104380                   0
13.200              102793                   0
13.300               98518                   0
13.400               95809                   0
13.500               92893                   0
13.600               89823                   0
13.700               86443                   0
13.800               83559                   0
13.900               80969                   0
14.000               79722                   0
14.100               76813                   0
14.200               74895                   0
14.300               72929                   0
14.400               70136                   0
14.500               66803                   0
14.600               64604                   0
14.700               62669                   0
14.800               61024                   0
14.900               59770                   0
15.000               57839                   0
15.100               56627                   0
15.200               54328                   0
15.300               50858                   0
15.400               49273                   0
15.500               47739                   0
15.600               47387                   0
15.700               45996                   0
15.800               45285                   0
15.900               43812                   0
16.000               42865                   0
16.100               40857                   0
16.200               39658                   0
16.300               38493                   0
16.400               37858                   0
16.500               36860                   0
16.600               35631                   0
16.700               35298                   0
16.800               33989                   0
16.900               33272                   0
17.000               32741                   0
17.100               31681                   0
17.200               30540                   0
17.300               29636                   0
17.400               29571                   0
17.500               27915                   0
17.600               26876                   0
17.700               25604                   0
17.800               24611                   0
17.900               23645                   0
18.000               22443                   0
18.100               22033                   0
18.200               21275                   0
18.300               20336                   0
18.400               19844                   0
18.500               19317                   0
18.600               18447                   0
18.700               17638                   0
18.800               17111                   0
18.900               17030                   0
19.000               17184                   0
19.100               16138                   0
19.200               15579                   0
19.300               14868                   0
19.400               14555                   0
19.500               14258                   0
19.600               13776                   0
19.700               13368                   0
19.800               12682                   0
19.900               12691                   0
20.000               12544                   0
20.100               12122                   0
20.200               11829                   0
20.300               11536                   0
20.400               11797                   0
20.500               11508                   0
20.600               11509                   0
20.700               10870                   0
20.800               10571                   0
20.900               10154                   0
21.000                9503                   0
21.100                9488                   0
21.200                9442                   0
21.300                8995                   0
21.400                8655                   0
21.500                8335                   0
21.600                8439                   0
21.700                8438                   0
21.800                8459                   0
21.900                8218                   0
22.000                7759                   0
22.100                7482                   0
22.200                7133                   0
22.300                6773                   0
22.400                6908                   0
22.500                6522                   0
22.600                6222                   0
22.700                6134                   0
22.800                6044                   0
22.900                6085                   0
23.000                5900                   0
23.100                5763                   0
23.200                5744                   0
23.300                5427                   0
23.400                5567                   0
23.500                5343                   0
23.600                5295                   0
23.700                5272                   0
23.800                5454                   0
23.900                5522                   0
24.000                5208                   0
24.100                5097                   0
24.200                4806                   0
24.300                4532                   0
24.400                4660                   0
24.500                4633                   0
24.600                4492                   0
24.700                4335                   0
24.800                4276                   0
24.900                4342                   0
25.000                4329                   0
25.100                4280                   0
25.200                3993                   0
25.300                4015                   0
25.400                3821                   0
25.500                3716                   0
25.600                3684                   0
25.700                3396                   0
25.800                3420                   0
25.900                3376                   0
26.000                3352                   0
26.100                3309                   0
26.200                3401                   0
26.300                3230                   0
26.400                3088                   0
26.500                2926                   0
26.600                2898                   0
26.700                2766                   0
26.800                2848                   0
26.900                2997                   0
27.000                3000                   0
27.100                2826                   0
27.200                2710                   0
27.300                2642                   0
27.400                2436                   0
27.500                2398                   0
27.600                2176                   0
27.700                2277                   0
27.800                2184                   0
27.900                2116                   0
28.000                2038                   0
28.100                2036                   0
28.200                2162                   0
28.300                1984                   0
28.400                2019                   0
28.500                1909                   0
28.600                1860                   0
28.700                1871                   0
28.800                1761                   0
28.900                1887                   0
29.000                1789                   0
29.100                1640                   0
29.200                1683                   0
29.300                1653                   0
29.400                1611                   0
29.500                1633                   0
29.600                1546                   0
29.700                1367                   0
29.800                1293                   0
29.900                1385                   0
30.000                1348                   0
30.100                1314                   0
30.200                1359                   0
30.300                1263                   0
30.400                1246                   0
30.500                1269                   0
30.600                1148                   0
30.700                1184                   0
30.800                1140                   0
30.900                1083                   0
31.000                1072                   0
31.100                1115                   0
31.200                1112                   0
31.300                 990                   0
31.400                 964                   0
31.500                 924                   0
31.600                 960                   0
31.700                 940                   0
31.800                1022                   0
31.900                 949                   0
32.000                 981                   0
32.100                 966                   0
32.200                 926                   0
32.300                 911                   0
32.400                 888                   0
32.500                 856                   0
32.600                 839                   0
32.700                 847                   0
32.800                 793                   0
32.900                 810                   0
33.000                 799                   0
33.100                 766                   0
33.200                 755                   0
33.300                 735                   0
33.400                 698                   0
33.500                 661                   0
33.600                 666                   0
33.700                 682                   0
33.800                 715                   0
33.900                 576                   0
34.000                 653                   0
34.100                 627                   0
34.200                 592                   0
34.300                 582                   0
34.400                 531                   0
34.500                 552                   0
34.600                 531                   0
34.700                 467                   0
34.800                 435                   0
34.900                 414                   0
35.000                 437                   0
35.100                 433                   0
35.200                 431                   0
35.300                 413                   0
35.400                 415                   0
35.500                 386                   0
35.600                 369                   0
35.700                 419                   0
35.800                 386                   0
35.900                 390                   0
36.000                 384                   0
36.100                 342                   0
36.200                 358                   0
36.300                 351                   0
36.400                 309                   0
36.500                 335                   0
36.600                 340                   0
36.700                 314                   0
36.800                 302                   0
36.900                 280                   0
37.000                 274                   0
37.100                 291                   0
37.200                 272                   0
37.300                 275                   0
37.400                 289                   0
37.500                 273                   0
37.600                 285                   0
37.700                 258                   0
37.800                 265                   0
37.900                 233                   0
38.000                 265                   0
38.100                 255                   0
38.200                 253                   0
38.300                 291                   0
38.400                 246                   0
38.500                 275                   0
38.600                 253                   0
38.700                 287                   0
38.800                 272                   0
38.900                 231                   0
39.000                 255                   0
39.100                 232                   0
39.200                 223                   0
39.300                 189                   0
39.400                 208                   0
39.500                 216                   0
39.600                 233                   0
39.700                 240                   0
39.800                 253                   0
39.900                 287                   0
40.000                 268                   0
40.100                 324                   0
40.200                 460                   0
40.300                 707                   0
40.400                1298                   0
40.500                1924                   0
40.600                 684                   0
40.700                   0                   0
40.800                   0                   0
40.900                   0                   0
41.000                   0                   0
41.100                   0                   0
41.200                   0                   0
41.300                   0                   0
41.400                   0                   0
41.500                   0                   0
41.600                   0                   0
41.700                   0                   0
41.800                   0                   0
41.900                   0                   0
42.000                   0                   0
42.100                   0                   0
42.200                   0                   0
42.300                   0                   0
42.400                   0                   0
42.500                   0                   0
42.600                   0                   0
42.700                   0                   0
42.800                   0                   0
42.900                   0                   0
43.000                   0                   0
43.100                   0                   0
43.200                   0                   0
43.300                   0                   0
43.400                   0                   0
43.500                   0                   0
43.600                   0                   0
43.700                   0                   0
43.800                   0                   0
43.900                   0                   0
44.000                   0                   0
44.100                   0                   0
44.200                   0                   0
44.300                   0                   0
44.400                   0                   0
44.500                   0                   0
44.600                   0                   0
44.700                   0                   0
44.800                   0                   0
44.900                   0                   0
45.000                   0                   0
45.100                   0                   0
45.200                   0                   0
45.300                   0                   0
45.400                   0                   0
45.500                   0                   0
45.600                   0                   0
45.700                   0                   0
45.800                   0                   0
45.900                   0                   0
46.000                   0                   0
46.100                   0                   0
46.200                   0                   0
46.300                   0                   0
46.400                   0                   0
46.500                   0                   0
46.600                   0                   0
46.700                   0                   0
46.800                   0                   0
46.900                   0                   0
47.000                   0                   0
47.100                   0                   0
47.200                   0                   0
47.300                   0                   0
47.400                   0                   0
47.500                   0                   0
47.600                   0                   0
47.700                   0                   0
47.800                   0                   0
47.900                   0                   0
48.000                   0                   0
48.100                   0                   0
48.200                   0                   0
48.300                   0                   0
48.400                   0                   0
48.500                   0                   0
48.600                   0                   0
48.700                   0                   0
48.800                   0                   0
48.900                   0                   0
49.000                   0                   0
49.100                   0                   0
49.200                   0                   0
49.300                   0                   0
49.400                   0                   0
49.500                   0                   0
49.600                   0                   0
49.700                   0                   0
49.800                   0                   0
49.900                   0                   0
50.000                   0                   0
50.100                   0                   0
50.200                   0                   0
50.300                   0                   0
50.400                   0                   0
50.500                   0                   0
50.600                   0                   0
50.700                   0                   0
50.800                   0                   0
50.900                   0                   0
51.000                   0                   0
51.100                   0                   0
51.200                   0                   0
51.300                   0                   0
51.400                   0                   0
51.500                   0                   0
51.600                   0                   0
51.700                   0                   0
51.800                   0                   0
51.900                   0                   0
52.000                   0                   0
52.100                   0                   0
52.200                   0                   0
52.300                   0                   0
52.400                   0                   0
52.500                   0                   0
52.600                   0                   0
52.700                   0                   0
52.800                   0                   0
52.900                   0                   0
53.000                   0                   0
53.100                   0                   0
53.200                   0                   0
53.300                   0                   0
53.400                   0                   0
53.500                   0                   0
53.600                   0                   0
53.700                   0                   0
53.800                   0                   0
53.900                   0                   0
54.000                   0                   0
54.100                   0                   0
54.200                   0                   0
54.300                   0                   0
54.400                   0                   0
54.500                   0                   0
54.600                   0                   0
54.700                   0                   0
54.800                   0                   0
54.900                   0                   0
55.000                   0                   0
55.100                   0                   0
55.200                   0                   0
55.300                   0                   0
55.400                   0                   0
55.500                   0                   0
55.600                   0                   0
55.700                   0                   0
55.800                   0                   0
55.900                   0                   0
56.000                   0                   0
56.100                   0                   0
56.200                   0                   0
56.300                   0                   0
56.400                   0                   0
56.500                   0                   0
56.600                   0                   0
56.700                   0                   0
56.800                   0                   0
56.900                   0                   0
57.000                   0                   0
57.100                   0                   0
57.200                   0                   0
57.300                   0                   0
57.400                   0                   0
57.500                   0                   0
57.600                   0                   0
57.700                   0                   0
57.800                   0                   0
57.900                   0                   0
58.000                   0                   0
58.100                   0                   0
58.200                   0                   0
58.300                   0                   0
58.400                   0                   0
58.500                   0                   0
58.600                   0                   0
58.700                   0                   0
58.800                   0                   0
58.900                   0                   0
59.000                   0                   0
59.100                   0                   0
59.200                   0                   0
59.300                   0                   0
59.400                   0                   0
59.500                   0                   0
59.600                   0                   0
59.700                   0                   0
59.800                   0                   0
59.900                   0                   0
60.000                   0                   0
60.100                   0                   0
60.200                   0                   0
60.300                   0                   0
60.400                   0                   0
60.500                   0                   0
60.600                   0                   0
60.700                   0                   0
60.800                   0                   0
60.900                   0                   0
61.000                   0                   0
61.100                   0                   0
61.200                   0                   0
61.300                   0                   0
61.400                   0                   0
61.500                   0                   0
61.600                   0                   0
61.700                   0                   0
61.800                   0                   0
61.900                   0                   0
62.000                   0                   0
62.100                   0                   0
62.200                   0                   0
62.300                   0                   0
62.400                   0                   0
62.500                   0                   0
62.600                   0                   0
62.700                   0                   0
62.800                   0                   0
62.900                   0                   0
63.000                   0                   0
63.100                   0                   0
63.200                   0                   0
63.300                   0                   0
63.400                   0                   0
63.500                   0                   0
63.600                   0                   0
63.700                   0                   0
63.800                   0                   0
63.900                   0                   0
64.000                   0                   0
64.100                   0                   0
64.200                   0                   0
64.300                   0                   0
64.400                   0                   0
64.500                   0                   0
64.600                   0                   0
64.700                   0                   0
64.800                   0                   0
64.900                   0                   0
65.000                   0                   0
65.100                   0                   0
65.200                   0                   0
65.300                   0                   0
65.400                   0                   0
65.500                   0                   0
65.600                   0                   0
65.700                   0                   0
65.800                   0                   0
65.900                   0                   0
66.000                   0                   0
66.100                   0                   0
66.200                   0                   0
66.300                   0                   0
66.400                   0                   0
66.500                   0                   0
66.600                   0                   0
66.700                   0                   0
66.800                   0                   0
66.900                   0                   0
67.000                   0                   0
67.100                   0                   0
67.200                   0                   0
67.300                   0                   0
67.400                   0                   0
67.500                   0                   0
67.600                   0                   0
67.700                   0                   0
67.800                   0                   0
67.900                   0                   0
68.000                   0                   0
68.100                   0                   0
68.200                   0                   0
68.300                   0                   0
68.400                   0                   0
68.500                   0                   0
68.600                   0                   0
68.700                   0                   0
68.800                   0                   0
68.900                   0                   0
69.000                   0                   0
69.100                   0                   0
69.200                   0                   0
69.300                   0                   0
69.400                   0                   0
69.500                   0                   0
69.600                   0                   0
69.700                   0                   0
69.800                   0                   0
69.900                   0                   0
70.000                   0                   0
70.100                   0                   0
70.200                   0                   0
70.300                   0                   0
70.400                   0                   0
70.500                   0                   0
70.600                   0                   0
70.700                   0                   0
70.800                   0                   0
70.900                   0                   0
71.000                   0                   0
71.100                   0                   0
71.200                   0                   0
71.300                   0                   0
71.400                   0                   0
71.500                   0                   0
71.600                   0                   0
71.700                   0                   0
71.800                   0                   0
71.900                   0                   0
72.000                   0                   0
72.100                   0                   0
72.200                   0                   0
72.300                   0                   0
72.400                   0                   0
72.500                   0                   0
72.600                   0                   0
72.700                   0                   0
72.800                   0                   0
72.900                   0                   0
73.000                   0                   0
73.100                   0                   0
73.200                   0                   0
73.300                   0                   0
73.400                   0                   0
73.500                   0                   0
73.600                   0                   0
73.700                   0                   0
73.800                   0                   0
73.900                   0                   0
74.000                   0                   0
74.100                   0                   0
74.200                   0                   0
74.300                   0                   0
74.400                   0                   0
74.500                   0                   0
74.600                   0                   0
74.700                   0                   0
74.800                   0                   0
74.900                   0                   0
75.000                   0                   0
75.100                   0                   0
75.200                   0                   0
75.300                   0                   0
75.400                   0                   0
75.500                   0                   0
75.600                   0                   0
75.700                   0                   0
75.800                   0                   0
75.900                   0                   0
76.000                   0                   0
76.100                   0                   0
76.200                   0                   0
76.300                   0                   0
76.400                   0                   0
76.500                   0                   0
76.600                   0                   0
76.700                   0                   0
76.800                   0                   0
76.900                   0                   0
77.000                   0                   0
77.100                   0                   0
77.200                   0                   0
77.300                   0                   0
77.400                   0                   0
77.500                   0                   0
77.600                   0                   0
77.700                   0                   0
77.800                   0                   0
77.900                   0                   0
78.000                   0                   0
78.100                   0                   0
78.200                   0                   0
78.300                   0                   0
78.400                   0                   0
78.500                   0                   0
78.600                   0                   0
78.700                   0                   0
78.800                   0                   0
78.900                   0                   0
79.000                   0                   0
79.100                   0                   0
79.200                   0                   0
79.300                   0                   0
79.400                   0                   0
79.500                   0                   0
79.600                   0                   0
79.700                   0                   0
79.800                   0                   0
79.900                   0                   0
80.000                   0                   0
80.100                   0                   0
80.200                   0                   0
80.300                   0                   0
80.400                   0                   0
80.500                   0                   0
80.600                   0                   0
80.700                   0                   0
80.800                   0                   0
80.900                   0                   0
81.000                   0                   0
81.100                   0                   0
81.200                   0                   0
81.300                   0                   0
81.400                   0                   0
81.500                   0                   0
81.600                   0                   0
81.700                   0                   0
81.800                   0                   0
81.900                   0                   0
82.000                   0                   0
82.100                   0                   0
82.200                   0                   0
82.300                   0                   0
82.400                   0                   0
82.500                   0                   0
82.600                   0                   0
82.700                   0                   0
82.800                   0                   0
82.900                   0                   0
83.000                   0                   0
83.100                   0                   0
83.200                   0                   0
83.300                   0                   0
83.400                   0                   0
83.500                   0                   0
83.600                   0                   0
83.700                   0                   0
83.800                   0                   0
83.900                   0                   0
84.000                   0                   0
84.100                   0                   0
84.200                   0                   0
84.300                   0                   0
84.400                   0                   0
84.500                   0                   0
84.600                   0                   0
84.700                   0                   0
84.800                   0                   0
84.900                   0                   0
85.000                   0                   0
85.100                   0                   0
85.200                   0                   0
85.300                   0                   0
85.400                   0                   0
85.500                   0                   0
85.600                   0                   0
85.700                   0                   0
85.800                   0                   0
85.900                   0                   0
86.000                   0                   0
86.100                   0                   0
86.200                   0                   0
86.300                   0                   0
86.400                   0                   0
86.500                   0                   0
86.600                   0                   0
86.700                   0                   0
86.800                   0                   0
86.900                   0                   0
87.000                   0                   0
87.100                   0                   0
87.200                   0                   0
87.300                   0                   0
87.400                   0                   0
87.500                   0                   0
87.600                   0                   0
87.700                   0                   0
87.800                   0                   0
87.900                   0                   0
88.000                   0                   0
88.100                   0                   0
88.200                   0                   0
88.300                   0                   0
88.400                   0                   0
88.500                   0                   0
88.600                   0                   0
88.700                   0                   0
88.800                   0                   0
88.900                   0                   0
89.000                   0                   0
89.100                   0                   0
89.200                   0                   0
89.300                   0                   0
89.400                   0                   0
89.500                   0                   0
89.600                   0                   0
89.700                   0                   0
89.800                   0                   0
89.900                   0                   0
90.000                   0                   0
90.100                   0                   0
90.200                   0                   0
90.300                   0                   0
90.400                   0                   0
90.500                   0                   0
90.600                   0                   0
90.700                   0                   0
90.800                   0                   0
90.900                   0                   0
91.000                   0                   0
91.100                   0                   0
91.200                   0                   0
91.300                   0                   0
91.400                   0                   0
91.500                   0                   0
91.600                   0                   0
91.700                   0                   0
91.800                   0                   0
91.900                   0                   0
92.000                   0                   0
92.100                   0                   0
92.200                   0                   0
92.300                   0                   0
92.400                   0                   0
92.500                   0                   0
92.600                   0                   0
92.700                   0                   0
92.800                   0                   0
92.900                   0                   0
93.000                   0                   0
93.100                   0                   0
93.200                   0                   0
93.300                   0                   0
93.400                   0                   0
93.500                   0                   0
93.600                   0                   0
93.700                   0                   0
93.800                   0                   0
93.900                   0                   0
94.000                   0                   0
94.100                   0                   0
94.200                   0                   0
94.300                   0                   0
94.400                   0                   0
94.500                   0                   0
94.600                   0                   0
94.700                   0                   0
94.800                   0                   0
94.900                   0                   0
95.000                   0                   0
95.100                   0                   0
95.200                   0                   0
95.300                   0                   0
95.400                   0                   0
95.500                   0                   0
95.600                   0                   0
95.700                   0                   0
95.800                   0                   0
95.900                   0                   0
96.000                   0                   0
96.100                   0                   0
96.200                   0                   0
96.300                   0                   0
96.400                   0                   0
96.500                   0                   0
96.600                   0                   0
96.700                   0                   0
96.800                   0                   0
96.900                   0                   0
97.000                   0                   0
97.100                   0                   0
97.200                   0                   0
97.300                   0                   0
97.400                   0                   0
97.500                   0                   0
97.600                   0                   0
97.700                   0                   0
97.800                   0                   0
97.900                   0                   0
98.000                   0                   0
98.100                   0                   0
98.200                   0                   0
98.300                   0                   0
98.400                   0                   0
98.500                   0                   0
98.600                   0                   0
98.700                   0                   0
98.800                   0                   0
98.900                   0                   0
99.000                   0                   0
99.100                   0                   0
99.200                   0                   0
99.300                   0                   0
99.400                   0                   0
99.500                   0                   0
99.600                   0                   0
99.700                   0                   0
99.800                   0                   0
99.900                   0                   0
