 0.000           881298790           735297514
 0.100             1477554            11247798
 0.200             1632763            11683663
 0.300             1645501            10519229
 0.400             1665671           255251796
 0.500             1712424                   0
 0.600             1796860                   0
 0.700             1796234                   0
 0.800             1804926                   0
 0.900             1816375                   0
 1.000             1812826                   0
 1.100             1842253                   0
 1.200             1813798                   0
 1.300             1878587                   0
 1.400             1851580                   0
 1.500             1867655                   0
 1.600             1891650                   0
 1.700             1877657                   0
 1.800             1910067                   0
 1.900             1919327                   0
 2.000             1960547                   0
 2.100             1937956                   0
 2.200             1968429                   0
 2.300             1988850                   0
 2.400             1982660                   0
 2.500             2012548                   0
 2.600             2027313                   0
 2.700             2053836                   0
 2.800             2028620                   0
 2.900             2054363                   0
 3.000             2054427                   0
 3.100             2049693                   0
 3.200             2057835                   0
 3.300             2070504                   0
 3.400             2062412                   0
 3.500             2046783                   0
 3.600             2054326                   0
 3.700             2041130                   0
 3.800             2026229                   0
 3.900             2024030                   0
 4.000             1999945                   0
 4.100             2000954                   0
 4.200             1975136                   0
 4.300             1960676                   0
 4.400             1920681                   0
 4.500             1881627                   0
 4.600             1826127                   0
 4.700             1778971                   0
 4.800             1731882                   0
 4.900             1678173                   0
 5.000             1647961                   0
 5.100             1616942                   0
 5.200             1572072                   0
 5.300             1529032                   0
 5.400             1491333                   0
 5.500             1445698                   0
 5.600             1397719                   0
 5.700             1359367                   0
 5.800             1326259                   0
 5.900             1283638                   0
 6.000             1241878                   0
 6.100             1201768                   0
 6.200             1162370                   0
 6.300             1112885                   0
 6.400             1080734                   0
 6.500             1047360                   0
 6.600              996910                   0
 6.700              965923                   0
 6.800              927396                   0
 6.900              899512                   0
 7.000              861564                   0
 7.100              834837                   0
 7.200              803502                   0
 7.300              779509                   0
 7.400              749671                   0
 7.500              726803                   0
 7.600              696201                   0
 7.700              671597                   0
 7.800              645831                   0
 7.900              626598                   0
 8.000              603436                   0
 8.100              576562                   0
 8.200              553643                   0
 8.300              529252                   0
 8.400              508798                   0
 8.500              490957                   0
 8.600              470933                   0
 8.700              455313                   0
 8.800              441597                   0
 8.900              423331                   0
 9.000              409334                   0
 9.100              394234                   0
 9.200              380152                   0
 9.300              368435                   0
 9.400              356096                   0
 9.500              347525                   0
 9.600              336114                   0
 9.700              321408                   0
 9.800              309765                   0
 9.900              300766                   0
10.000              291718                   0
10.100              278894                   0
10.200              269209                   0
10.300              259499                   0
10.400              247554                   0
10.500              236946                   0
10.600              227109                   0
10.700              217767                   0
10.800              209795                   0
10.900              203397                   0
11.000              198335                   0
11.100              193228                   0
11.200              185465                   0
11.300              179872                   0
11.400              172189                   0
11.500              165203                   0
11.600              158196                   0
11.700              152486                   0
11.800              149868                   0
11.900              142932                   0
12.000              136666                   0
12.100              131589                   0
12.200              128708                   0
12.300              123948                   0
12.400              119048                   0
12.500              113644                   0
12.600              109144                   0
12.700              105081                   0
12.800              101562                   0
12.900               98599                   0
13.000               96226                   0
13.100               94017                   0
13.200               90437                   0
13.300               86839                   0
13.400               83637                   0
13.500               81296                   0
13.600               78412                   0
13.700               75722                   0
13.800               72801                   0
13.900               69004                   0
14.000               67044                   0
14.100               64537                   0
14.200               61971                   0
14.300               60042                   0
14.400               58103                   0
14.500               56229                   0
14.600               54048                   0
14.700               52394                   0
14.800               50450                   0
14.900               49278                   0
15.000               47300                   0
15.100               45762                   0
15.200               45100                   0
15.300               43356                   0
15.400               41440                   0
15.500               39395                   0
15.600               37492                   0
15.700               36091                   0
15.800               34480                   0
15.900               32616                   0
16.000               31351                   0
16.100               30281                   0
16.200               29981                   0
16.300               29670                   0
16.400               28478                   0
16.500               26997                   0
16.600               25555                   0
16.700               24922                   0
16.800               24058                   0
16.900               22922                   0
17.000               22136                   0
17.100               21321                   0
17.200               20330                   0
17.300               19120                   0
17.400               18320                   0
17.500               18279                   0
17.600               17907                   0
17.700               17182                   0
17.800               16328                   0
17.900               16042                   0
18.000               15740                   0
18.100               15583                   0
18.200               14668                   0
18.300               14140                   0
18.400               13982                   0
18.500               14277                   0
18.600               14217                   0
18.700               14305                   0
18.800               14012                   0
18.900               13511                   0
19.000               13354                   0
19.100               13185                   0
19.200               13553                   0
19.300               13618                   0
19.400               13175                   0
19.500               12930                   0
19.600               12809                   0
19.700               12903                   0
19.800               12475                   0
19.900               11848                   0
20.000               11211                   0
20.100               11113                   0
20.200               10480                   0
20.300                9900                   0
20.400                9302                   0
20.500                9017                   0
20.600                8874                   0
20.700                8451                   0
20.800                8298                   0
20.900                7966                   0
21.000                8124                   0
21.100                8468                   0
21.200                8596                   0
21.300               10755                   0
21.400               22031                   0
21.500               75870                   0
21.600               73227                   0
21.700                   0                   0
21.800                   0                   0
21.900                   0                   0
22.000                   0                   0
22.100                   0                   0
22.200                   0                   0
22.300                   0                   0
22.400                   0                   0
22.500                   0                   0
22.600                   0                   0
22.700                   0                   0
22.800                   0                   0
22.900                   0                   0
23.000                   0                   0
23.100                   0                   0
23.200                   0                   0
23.300                   0                   0
23.400                   0                   0
23.500                   0                   0
23.600                   0                   0
23.700                   0                   0
23.800                   0                   0
23.900                   0                   0
24.000                   0                   0
24.100                   0                   0
24.200                   0                   0
24.300                   0                   0
24.400                   0                   0
24.500                   0                   0
24.600                   0                   0
24.700                   0                   0
24.800                   0                   0
24.900                   0                   0
25.000                   0                   0
25.100                   0                   0
25.200                   0                   0
25.300                   0                   0
25.400                   0                   0
25.500                   0                   0
25.600                   0                   0
25.700                   0                   0
25.800                   0                   0
25.900                   0                   0
26.000                   0                   0
26.100                   0                   0
26.200                   0                   0
26.300                   0                   0
26.400                   0                   0
26.500                   0                   0
26.600                   0                   0
26.700                   0                   0
26.800                   0                   0
26.900                   0                   0
27.000                   0                   0
27.100                   0                   0
27.200                   0                   0
27.300                   0                   0
27.400                   0                   0
27.500                   0                   0
27.600                   0                   0
27.700                   0                   0
27.800                   0                   0
27.900                   0                   0
28.000                   0                   0
28.100                   0                   0
28.200                   0                   0
28.300                   0                   0
28.400                   0                   0
28.500                   0                   0
28.600                   0                   0
28.700                   0                   0
28.800                   0                   0
28.900                   0                   0
29.000                   0                   0
29.100                   0                   0
29.200                   0                   0
29.300                   0                   0
29.400                   0                   0
29.500                   0                   0
29.600                   0                   0
29.700                   0                   0
29.800                   0                   0
29.900                   0                   0
30.000                   0                   0
30.100                   0                   0
30.200                   0                   0
30.300                   0                   0
30.400                   0                   0
30.500                   0                   0
30.600                   0                   0
30.700                   0                   0
30.800                   0                   0
30.900                   0                   0
31.000                   0                   0
31.100                   0                   0
31.200                   0                   0
31.300                   0                   0
31.400                   0                   0
31.500                   0                   0
31.600                   0                   0
31.700                   0                   0
31.800                   0                   0
31.900                   0                   0
32.000                   0                   0
32.100                   0                   0
32.200                   0                   0
32.300                   0                   0
32.400                   0                   0
32.500                   0                   0
32.600                   0                   0
32.700                   0                   0
32.800                   0                   0
32.900                   0                   0
33.000                   0                   0
33.100                   0                   0
33.200                   0                   0
33.300                   0                   0
33.400                   0                   0
33.500                   0                   0
33.600                   0                   0
33.700                   0                   0
33.800                   0                   0
33.900                   0                   0
34.000                   0                   0
34.100                   0                   0
34.200                   0                   0
34.300                   0                   0
34.400                   0                   0
34.500                   0                   0
34.600                   0                   0
34.700                   0                   0
34.800                   0                   0
34.900                   0                   0
35.000                   0                   0
35.100                   0                   0
35.200                   0                   0
35.300                   0                   0
35.400                   0                   0
35.500                   0                   0
35.600                   0                   0
35.700                   0                   0
35.800                   0                   0
35.900                   0                   0
36.000                   0                   0
36.100                   0                   0
36.200                   0                   0
36.300                   0                   0
36.400                   0                   0
36.500                   0                   0
36.600                   0                   0
36.700                   0                   0
36.800                   0                   0
36.900                   0                   0
37.000                   0                   0
37.100                   0                   0
37.200                   0                   0
37.300                   0                   0
37.400                   0                   0
37.500                   0                   0
37.600                   0                   0
37.700                   0                   0
37.800                   0                   0
37.900                   0                   0
38.000                   0                   0
38.100                   0                   0
38.200                   0                   0
38.300                   0                   0
38.400                   0                   0
38.500                   0                   0
38.600                   0                   0
38.700                   0                   0
38.800                   0                   0
38.900                   0                   0
39.000                   0                   0
39.100                   0                   0
39.200                   0                   0
39.300                   0                   0
39.400                   0                   0
39.500                   0                   0
39.600                   0                   0
39.700                   0                   0
39.800                   0                   0
39.900                   0                   0
40.000                   0                   0
40.100                   0                   0
40.200                   0                   0
40.300                   0                   0
40.400                   0                   0
40.500                   0                   0
40.600                   0                   0
40.700                   0                   0
40.800                   0                   0
40.900                   0                   0
41.000                   0                   0
41.100                   0                   0
41.200                   0                   0
41.300                   0                   0
41.400                   0                   0
41.500                   0                   0
41.600                   0                   0
41.700                   0                   0
41.800                   0                   0
41.900                   0                   0
42.000                   0                   0
42.100                   0                   0
42.200                   0                   0
42.300                   0                   0
42.400                   0                   0
42.500                   0                   0
42.600                   0                   0
42.700                   0                   0
42.800                   0                   0
42.900                   0                   0
43.000                   0                   0
43.100                   0                   0
43.200                   0                   0
43.300                   0                   0
43.400                   0                   0
43.500                   0                   0
43.600                   0                   0
43.700                   0                   0
43.800                   0                   0
43.900                   0                   0
44.000                   0                   0
44.100                   0                   0
44.200                   0                   0
44.300                   0                   0
44.400                   0                   0
44.500                   0                   0
44.600                   0                   0
44.700                   0                   0
44.800                   0                   0
44.900                   0                   0
45.000                   0                   0
45.100                   0                   0
45.200                   0                   0
45.300                   0                   0
45.400                   0                   0
45.500                   0                   0
45.600                   0                   0
45.700                   0                   0
45.800                   0                   0
45.900                   0                   0
46.000                   0                   0
46.100                   0                   0
46.200                   0                   0
46.300                   0                   0
46.400                   0                   0
46.500                   0                   0
46.600                   0                   0
46.700                   0                   0
46.800                   0                   0
46.900                   0                   0
47.000                   0                   0
47.100                   0                   0
47.200                   0                   0
47.300                   0                   0
47.400                   0                   0
47.500                   0                   0
47.600                   0                   0
47.700                   0                   0
47.800                   0                   0
47.900                   0                   0
48.000                   0                   0
48.100                   0                   0
48.200                   0                   0
48.300                   0                   0
48.400                   0                   0
48.500                   0                   0
48.600                   0                   0
48.700                   0                   0
48.800                   0                   0
48.900                   0                   0
49.000                   0                   0
49.100                   0                   0
49.200                   0                   0
49.300                   0                   0
49.400                   0                   0
49.500                   0                   0
49.600                   0                   0
49.700                   0                   0
49.800                   0                   0
49.900                   0                   0
50.000                   0                   0
50.100                   0                   0
50.200                   0                   0
50.300                   0                   0
50.400                   0                   0
50.500                   0                   0
50.600                   0                   0
50.700                   0                   0
50.800                   0                   0
50.900                   0                   0
51.000                   0                   0
51.100                   0                   0
51.200                   0                   0
51.300                   0                   0
51.400                   0                   0
51.500                   0                   0
51.600                   0                   0
51.700                   0                   0
51.800                   0                   0
51.900                   0                   0
52.000                   0                   0
52.100                   0                   0
52.200                   0                   0
52.300                   0                   0
52.400                   0                   0
52.500                   0                   0
52.600                   0                   0
52.700                   0                   0
52.800                   0                   0
52.900                   0                   0
53.000                   0                   0
53.100                   0                   0
53.200                   0                   0
53.300                   0                   0
53.400                   0                   0
53.500                   0                   0
53.600                   0                   0
53.700                   0                   0
53.800                   0                   0
53.900                   0                   0
54.000                   0                   0
54.100                   0                   0
54.200                   0                   0
54.300                   0                   0
54.400                   0                   0
54.500                   0                   0
54.600                   0                   0
54.700                   0                   0
54.800                   0                   0
54.900                   0                   0
55.000                   0                   0
55.100                   0                   0
55.200                   0                   0
55.300                   0                   0
55.400                   0                   0
55.500                   0                   0
55.600                   0                   0
55.700                   0                   0
55.800                   0                   0
55.900                   0                   0
56.000                   0                   0
56.100                   0                   0
56.200                   0                   0
56.300                   0                   0
56.400                   0                   0
56.500                   0                   0
56.600                   0                   0
56.700                   0                   0
56.800                   0                   0
56.900                   0                   0
57.000                   0                   0
57.100                   0                   0
57.200                   0                   0
57.300                   0                   0
57.400                   0                   0
57.500                   0                   0
57.600                   0                   0
57.700                   0                   0
57.800                   0                   0
57.900                   0                   0
58.000                   0                   0
58.100                   0                   0
58.200                   0                   0
58.300                   0                   0
58.400                   0                   0
58.500                   0                   0
58.600                   0                   0
58.700                   0                   0
58.800                   0                   0
58.900                   0                   0
59.000                   0                   0
59.100                   0                   0
59.200                   0                   0
59.300                   0                   0
59.400                   0                   0
59.500                   0                   0
59.600                   0                   0
59.700                   0                   0
59.800                   0                   0
59.900                   0                   0
60.000                   0                   0
60.100                   0                   0
60.200                   0                   0
60.300                   0                   0
60.400                   0                   0
60.500                   0                   0
60.600                   0                   0
60.700                   0                   0
60.800                   0                   0
60.900                   0                   0
61.000                   0                   0
61.100                   0                   0
61.200                   0                   0
61.300                   0                   0
61.400                   0                   0
61.500                   0                   0
61.600                   0                   0
61.700                   0                   0
61.800                   0                   0
61.900                   0                   0
62.000                   0                   0
62.100                   0                   0
62.200                   0                   0
62.300                   0                   0
62.400                   0                   0
62.500                   0                   0
62.600                   0                   0
62.700                   0                   0
62.800                   0                   0
62.900                   0                   0
63.000                   0                   0
63.100                   0                   0
63.200                   0                   0
63.300                   0                   0
63.400                   0                   0
63.500                   0                   0
63.600                   0                   0
63.700                   0                   0
63.800                   0                   0
63.900                   0                   0
64.000                   0                   0
64.100                   0                   0
64.200                   0                   0
64.300                   0                   0
64.400                   0                   0
64.500                   0                   0
64.600                   0                   0
64.700                   0                   0
64.800                   0                   0
64.900                   0                   0
65.000                   0                   0
65.100                   0                   0
65.200                   0                   0
65.300                   0                   0
65.400                   0                   0
65.500                   0                   0
65.600                   0                   0
65.700                   0                   0
65.800                   0                   0
65.900                   0                   0
66.000                   0                   0
66.100                   0                   0
66.200                   0                   0
66.300                   0                   0
66.400                   0                   0
66.500                   0                   0
66.600                   0                   0
66.700                   0                   0
66.800                   0                   0
66.900                   0                   0
67.000                   0                   0
67.100                   0                   0
67.200                   0                   0
67.300                   0                   0
67.400                   0                   0
67.500                   0                   0
67.600                   0                   0
67.700                   0                   0
67.800                   0                   0
67.900                   0                   0
68.000                   0                   0
68.100                   0                   0
68.200                   0                   0
68.300                   0                   0
68.400                   0                   0
68.500                   0                   0
68.600                   0                   0
68.700                   0                   0
68.800                   0                   0
68.900                   0                   0
69.000                   0                   0
69.100                   0                   0
69.200                   0                   0
69.300                   0                   0
69.400                   0                   0
69.500                   0                   0
69.600                   0                   0
69.700                   0                   0
69.800                   0                   0
69.900                   0                   0
70.000                   0                   0
70.100                   0                   0
70.200                   0                   0
70.300                   0                   0
70.400                   0                   0
70.500                   0                   0
70.600                   0                   0
70.700                   0                   0
70.800                   0                   0
70.900                   0                   0
71.000                   0                   0
71.100                   0                   0
71.200                   0                   0
71.300                   0                   0
71.400                   0                   0
71.500                   0                   0
71.600                   0                   0
71.700                   0                   0
71.800                   0                   0
71.900                   0                   0
72.000                   0                   0
72.100                   0                   0
72.200                   0                   0
72.300                   0                   0
72.400                   0                   0
72.500                   0                   0
72.600                   0                   0
72.700                   0                   0
72.800                   0                   0
72.900                   0                   0
73.000                   0                   0
73.100                   0                   0
73.200                   0                   0
73.300                   0                   0
73.400                   0                   0
73.500                   0                   0
73.600                   0                   0
73.700                   0                   0
73.800                   0                   0
73.900                   0                   0
74.000                   0                   0
74.100                   0                   0
74.200                   0                   0
74.300                   0                   0
74.400                   0                   0
74.500                   0                   0
74.600                   0                   0
74.700                   0                   0
74.800                   0                   0
74.900                   0                   0
75.000                   0                   0
75.100                   0                   0
75.200                   0                   0
75.300                   0                   0
75.400                   0                   0
75.500                   0                   0
75.600                   0                   0
75.700                   0                   0
75.800                   0                   0
75.900                   0                   0
76.000                   0                   0
76.100                   0                   0
76.200                   0                   0
76.300                   0                   0
76.400                   0                   0
76.500                   0                   0
76.600                   0                   0
76.700                   0                   0
76.800                   0                   0
76.900                   0                   0
77.000                   0                   0
77.100                   0                   0
77.200                   0                   0
77.300                   0                   0
77.400                   0                   0
77.500                   0                   0
77.600                   0                   0
77.700                   0                   0
77.800                   0                   0
77.900                   0                   0
78.000                   0                   0
78.100                   0                   0
78.200                   0                   0
78.300                   0                   0
78.400                   0                   0
78.500                   0                   0
78.600                   0                   0
78.700                   0                   0
78.800                   0                   0
78.900                   0                   0
79.000                   0                   0
79.100                   0                   0
79.200                   0                   0
79.300                   0                   0
79.400                   0                   0
79.500                   0                   0
79.600                   0                   0
79.700                   0                   0
79.800                   0                   0
79.900                   0                   0
80.000                   0                   0
80.100                   0                   0
80.200                   0                   0
80.300                   0                   0
80.400                   0                   0
80.500                   0                   0
80.600                   0                   0
80.700                   0                   0
80.800                   0                   0
80.900                   0                   0
81.000                   0                   0
81.100                   0                   0
81.200                   0                   0
81.300                   0                   0
81.400                   0                   0
81.500                   0                   0
81.600                   0                   0
81.700                   0                   0
81.800                   0                   0
81.900                   0                   0
82.000                   0                   0
82.100                   0                   0
82.200                   0                   0
82.300                   0                   0
82.400                   0                   0
82.500                   0                   0
82.600                   0                   0
82.700                   0                   0
82.800                   0                   0
82.900                   0                   0
83.000                   0                   0
83.100                   0                   0
83.200                   0                   0
83.300                   0                   0
83.400                   0                   0
83.500                   0                   0
83.600                   0                   0
83.700                   0                   0
83.800                   0                   0
83.900                   0                   0
84.000                   0                   0
84.100                   0                   0
84.200                   0                   0
84.300                   0                   0
84.400                   0                   0
84.500                   0                   0
84.600                   0                   0
84.700                   0                   0
84.800                   0                   0
84.900                   0                   0
85.000                   0                   0
85.100                   0                   0
85.200                   0                   0
85.300                   0                   0
85.400                   0                   0
85.500                   0                   0
85.600                   0                   0
85.700                   0                   0
85.800                   0                   0
85.900                   0                   0
86.000                   0                   0
86.100                   0                   0
86.200                   0                   0
86.300                   0                   0
86.400                   0                   0
86.500                   0                   0
86.600                   0                   0
86.700                   0                   0
86.800                   0                   0
86.900                   0                   0
87.000                   0                   0
87.100                   0                   0
87.200                   0                   0
87.300                   0                   0
87.400                   0                   0
87.500                   0                   0
87.600                   0                   0
87.700                   0                   0
87.800                   0                   0
87.900                   0                   0
88.000                   0                   0
88.100                   0                   0
88.200                   0                   0
88.300                   0                   0
88.400                   0                   0
88.500                   0                   0
88.600                   0                   0
88.700                   0                   0
88.800                   0                   0
88.900                   0                   0
89.000                   0                   0
89.100                   0                   0
89.200                   0                   0
89.300                   0                   0
89.400                   0                   0
89.500                   0                   0
89.600                   0                   0
89.700                   0                   0
89.800                   0                   0
89.900                   0                   0
90.000                   0                   0
90.100                   0                   0
90.200                   0                   0
90.300                   0                   0
90.400                   0                   0
90.500                   0                   0
90.600                   0                   0
90.700                   0                   0
90.800                   0                   0
90.900                   0                   0
91.000                   0                   0
91.100                   0                   0
91.200                   0                   0
91.300                   0                   0
91.400                   0                   0
91.500                   0                   0
91.600                   0                   0
91.700                   0                   0
91.800                   0                   0
91.900                   0                   0
92.000                   0                   0
92.100                   0                   0
92.200                   0                   0
92.300                   0                   0
92.400                   0                   0
92.500                   0                   0
92.600                   0                   0
92.700                   0                   0
92.800                   0                   0
92.900                   0                   0
93.000                   0                   0
93.100                   0                   0
93.200                   0                   0
93.300                   0                   0
93.400                   0                   0
93.500                   0                   0
93.600                   0                   0
93.700                   0                   0
93.800                   0                   0
93.900                   0                   0
94.000                   0                   0
94.100                   0                   0
94.200                   0                   0
94.300                   0                   0
94.400                   0                   0
94.500                   0                   0
94.600                   0                   0
94.700                   0                   0
94.800                   0                   0
94.900                   0                   0
95.000                   0                   0
95.100                   0                   0
95.200                   0                   0
95.300                   0                   0
95.400                   0                   0
95.500                   0                   0
95.600                   0                   0
95.700                   0                   0
95.800                   0                   0
95.900                   0                   0
96.000                   0                   0
96.100                   0                   0
96.200                   0                   0
96.300                   0                   0
96.400                   0                   0
96.500                   0                   0
96.600                   0                   0
96.700                   0                   0
96.800                   0                   0
96.900                   0                   0
97.000                   0                   0
97.100                   0                   0
97.200                   0                   0
97.300                   0                   0
97.400                   0                   0
97.500                   0                   0
97.600                   0                   0
97.700                   0                   0
97.800                   0                   0
97.900                   0                   0
98.000                   0                   0
98.100                   0                   0
98.200                   0                   0
98.300                   0                   0
98.400                   0                   0
98.500                   0                   0
98.600                   0                   0
98.700                   0                   0
98.800                   0                   0
98.900                   0                   0
99.000                   0                   0
99.100                   0                   0
99.200                   0                   0
99.300                   0                   0
99.400                   0                   0
99.500                   0                   0
99.600                   0                   0
99.700                   0                   0
99.800                   0                   0
99.900                   0                   0
