 0.000           884835866           736354774
 0.100             1626827            14133074
 0.200             1635030            13392234
 0.300             1655217            11937086
 0.400             1730517            10336082
 0.500             1777293             8846000
 0.600             1836874             7808862
 0.700             1778590             6503238
 0.800             1839976             5993759
 0.900             1881819             5552463
 1.000             1840185             4858267
 1.100             1840774             4456692
 1.200             1835632             4106431
 1.300             1842623             3835924
 1.400             1847560             3625513
 1.500             1841975             3391985
 1.600             1863817             3334642
 1.700             1794028             3025715
 1.800             1818924             2980433
 1.900             1801557             2784794
 2.000             1801656             2659884
 2.100             1810501             2612137
 2.200             1833687             2566595
 2.300             1826471             2453843
 2.400             1804542             2308719
 2.500             1840198             2303389
 2.600             1874240             2295121
 2.700             1878979             2184484
 2.800             1931535             2205579
 2.900             1919376             2104687
 3.000             1940004             2102466
 3.100             1954385             2083605
 3.200             1954926             2058476
 3.300             1940846             2031837
 3.400             1943817             1991850
 3.500             1917439             1901740
 3.600             1925689             1921799
 3.700             1937306             1924708
 3.800             1908451             1833534
 3.900             1923754             1870264
 4.000             1911998             1872455
 4.100             1877708             1815280
 4.200             1878822             1866226
 4.300             1819356             1742113
 4.400             1811838             1753636
 4.500             1776695             1726218
 4.600             1744794             1692851
 4.700             1709768             1701689
 4.800             1663378             1935665
 4.900             1637050            24456414
 5.000             1596708            82764768
 5.100             1546312                   0
 5.200             1520207                   0
 5.300             1469121                   0
 5.400             1431242                   0
 5.500             1379268                   0
 5.600             1337178                   0
 5.700             1293000                   0
 5.800             1256147                   0
 5.900             1205422                   0
 6.000             1174888                   0
 6.100             1135029                   0
 6.200             1100673                   0
 6.300             1056007                   0
 6.400             1012478                   0
 6.500              968478                   0
 6.600              936267                   0
 6.700              909032                   0
 6.800              881975                   0
 6.900              857651                   0
 7.000              828641                   0
 7.100              802696                   0
 7.200              774940                   0
 7.300              759658                   0
 7.400              739056                   0
 7.500              715175                   0
 7.600              690483                   0
 7.700              663415                   0
 7.800              641856                   0
 7.900              620224                   0
 8.000              597256                   0
 8.100              577445                   0
 8.200              562819                   0
 8.300              545129                   0
 8.400              528328                   0
 8.500              514546                   0
 8.600              501368                   0
 8.700              486190                   0
 8.800              469104                   0
 8.900              453820                   0
 9.000              440060                   0
 9.100              426024                   0
 9.200              409381                   0
 9.300              397889                   0
 9.400              385936                   0
 9.500              374171                   0
 9.600              362612                   0
 9.700              349106                   0
 9.800              339028                   0
 9.900              328686                   0
10.000              318634                   0
10.100              306264                   0
10.200              294179                   0
10.300              282244                   0
10.400              273771                   0
10.500              265719                   0
10.600              255246                   0
10.700              246065                   0
10.800              238688                   0
10.900              226828                   0
11.000              217617                   0
11.100              209450                   0
11.200              201404                   0
11.300              194852                   0
11.400              186588                   0
11.500              178103                   0
11.600              171865                   0
11.700              166538                   0
11.800              162916                   0
11.900              156661                   0
12.000              150027                   0
12.100              144825                   0
12.200              137912                   0
12.300              133071                   0
12.400              129297                   0
12.500              126961                   0
12.600              122838                   0
12.700              117887                   0
12.800              111243                   0
12.900              107592                   0
13.000              103549                   0
13.100               98162                   0
13.200               94009                   0
13.300               92070                   0
13.400               88738                   0
13.500               85662                   0
13.600               83455                   0
13.700               81175                   0
13.800               78898                   0
13.900               76215                   0
14.000               74430                   0
14.100               72351                   0
14.200               69738                   0
14.300               66625                   0
14.400               65513                   0
14.500               63077                   0
14.600               61383                   0
14.700               58699                   0
14.800               56988                   0
14.900               55723                   0
15.000               53097                   0
15.100               50552                   0
15.200               48427                   0
15.300               46762                   0
15.400               44585                   0
15.500               44002                   0
15.600               42829                   0
15.700               41549                   0
15.800               39921                   0
15.900               38450                   0
16.000               36488                   0
16.100               34609                   0
16.200               33984                   0
16.300               33084                   0
16.400               32017                   0
16.500               30576                   0
16.600               29046                   0
16.700               28436                   0
16.800               27559                   0
16.900               26821                   0
17.000               25178                   0
17.100               24325                   0
17.200               23749                   0
17.300               22740                   0
17.400               22165                   0
17.500               22064                   0
17.600               22296                   0
17.700               21549                   0
17.800               20499                   0
17.900               19568                   0
18.000               18831                   0
18.100               18391                   0
18.200               17737                   0
18.300               17527                   0
18.400               16597                   0
18.500               16053                   0
18.600               15596                   0
18.700               15211                   0
18.800               14465                   0
18.900               14564                   0
19.000               13894                   0
19.100               13365                   0
19.200               12946                   0
19.300               12774                   0
19.400               12460                   0
19.500               11961                   0
19.600               11912                   0
19.700               11828                   0
19.800               11502                   0
19.900               10843                   0
20.000               10294                   0
20.100                9766                   0
20.200                9367                   0
20.300                9310                   0
20.400                8783                   0
20.500                8221                   0
20.600                8006                   0
20.700                7766                   0
20.800                7866                   0
20.900                7601                   0
21.000                7311                   0
21.100                6890                   0
21.200                6826                   0
21.300                6832                   0
21.400                6303                   0
21.500                6204                   0
21.600                5991                   0
21.700                5876                   0
21.800                5551                   0
21.900                5452                   0
22.000                5407                   0
22.100                5446                   0
22.200                5263                   0
22.300                5087                   0
22.400                4861                   0
22.500                4904                   0
22.600                4869                   0
22.700                4804                   0
22.800                4530                   0
22.900                4609                   0
23.000                4665                   0
23.100                4673                   0
23.200                4723                   0
23.300                4726                   0
23.400                4606                   0
23.500                4689                   0
23.600                4685                   0
23.700                4622                   0
23.800                4779                   0
23.900                4851                   0
24.000                4660                   0
24.100                4612                   0
24.200                4311                   0
24.300                4499                   0
24.400                4328                   0
24.500                4045                   0
24.600                3918                   0
24.700                3806                   0
24.800                3658                   0
24.900                3624                   0
25.000                3348                   0
25.100                3242                   0
25.200                3097                   0
25.300                2972                   0
25.400                3182                   0
25.500                2958                   0
25.600                3002                   0
25.700                3150                   0
25.800                3429                   0
25.900                5619                   0
26.000               14593                   0
26.100               49385                   0
26.200                   0                   0
26.300                   0                   0
26.400                   0                   0
26.500                   0                   0
26.600                   0                   0
26.700                   0                   0
26.800                   0                   0
26.900                   0                   0
27.000                   0                   0
27.100                   0                   0
27.200                   0                   0
27.300                   0                   0
27.400                   0                   0
27.500                   0                   0
27.600                   0                   0
27.700                   0                   0
27.800                   0                   0
27.900                   0                   0
28.000                   0                   0
28.100                   0                   0
28.200                   0                   0
28.300                   0                   0
28.400                   0                   0
28.500                   0                   0
28.600                   0                   0
28.700                   0                   0
28.800                   0                   0
28.900                   0                   0
29.000                   0                   0
29.100                   0                   0
29.200                   0                   0
29.300                   0                   0
29.400                   0                   0
29.500                   0                   0
29.600                   0                   0
29.700                   0                   0
29.800                   0                   0
29.900                   0                   0
30.000                   0                   0
30.100                   0                   0
30.200                   0                   0
30.300                   0                   0
30.400                   0                   0
30.500                   0                   0
30.600                   0                   0
30.700                   0                   0
30.800                   0                   0
30.900                   0                   0
31.000                   0                   0
31.100                   0                   0
31.200                   0                   0
31.300                   0                   0
31.400                   0                   0
31.500                   0                   0
31.600                   0                   0
31.700                   0                   0
31.800                   0                   0
31.900                   0                   0
32.000                   0                   0
32.100                   0                   0
32.200                   0                   0
32.300                   0                   0
32.400                   0                   0
32.500                   0                   0
32.600                   0                   0
32.700                   0                   0
32.800                   0                   0
32.900                   0                   0
33.000                   0                   0
33.100                   0                   0
33.200                   0                   0
33.300                   0                   0
33.400                   0                   0
33.500                   0                   0
33.600                   0                   0
33.700                   0                   0
33.800                   0                   0
33.900                   0                   0
34.000                   0                   0
34.100                   0                   0
34.200                   0                   0
34.300                   0                   0
34.400                   0                   0
34.500                   0                   0
34.600                   0                   0
34.700                   0                   0
34.800                   0                   0
34.900                   0                   0
35.000                   0                   0
35.100                   0                   0
35.200                   0                   0
35.300                   0                   0
35.400                   0                   0
35.500                   0                   0
35.600                   0                   0
35.700                   0                   0
35.800                   0                   0
35.900                   0                   0
36.000                   0                   0
36.100                   0                   0
36.200                   0                   0
36.300                   0                   0
36.400                   0                   0
36.500                   0                   0
36.600                   0                   0
36.700                   0                   0
36.800                   0                   0
36.900                   0                   0
37.000                   0                   0
37.100                   0                   0
37.200                   0                   0
37.300                   0                   0
37.400                   0                   0
37.500                   0                   0
37.600                   0                   0
37.700                   0                   0
37.800                   0                   0
37.900                   0                   0
38.000                   0                   0
38.100                   0                   0
38.200                   0                   0
38.300                   0                   0
38.400                   0                   0
38.500                   0                   0
38.600                   0                   0
38.700                   0                   0
38.800                   0                   0
38.900                   0                   0
39.000                   0                   0
39.100                   0                   0
39.200                   0                   0
39.300                   0                   0
39.400                   0                   0
39.500                   0                   0
39.600                   0                   0
39.700                   0                   0
39.800                   0                   0
39.900                   0                   0
40.000                   0                   0
40.100                   0                   0
40.200                   0                   0
40.300                   0                   0
40.400                   0                   0
40.500                   0                   0
40.600                   0                   0
40.700                   0                   0
40.800                   0                   0
40.900                   0                   0
41.000                   0                   0
41.100                   0                   0
41.200                   0                   0
41.300                   0                   0
41.400                   0                   0
41.500                   0                   0
41.600                   0                   0
41.700                   0                   0
41.800                   0                   0
41.900                   0                   0
42.000                   0                   0
42.100                   0                   0
42.200                   0                   0
42.300                   0                   0
42.400                   0                   0
42.500                   0                   0
42.600                   0                   0
42.700                   0                   0
42.800                   0                   0
42.900                   0                   0
43.000                   0                   0
43.100                   0                   0
43.200                   0                   0
43.300                   0                   0
43.400                   0                   0
43.500                   0                   0
43.600                   0                   0
43.700                   0                   0
43.800                   0                   0
43.900                   0                   0
44.000                   0                   0
44.100                   0                   0
44.200                   0                   0
44.300                   0                   0
44.400                   0                   0
44.500                   0                   0
44.600                   0                   0
44.700                   0                   0
44.800                   0                   0
44.900                   0                   0
45.000                   0                   0
45.100                   0                   0
45.200                   0                   0
45.300                   0                   0
45.400                   0                   0
45.500                   0                   0
45.600                   0                   0
45.700                   0                   0
45.800                   0                   0
45.900                   0                   0
46.000                   0                   0
46.100                   0                   0
46.200                   0                   0
46.300                   0                   0
46.400                   0                   0
46.500                   0                   0
46.600                   0                   0
46.700                   0                   0
46.800                   0                   0
46.900                   0                   0
47.000                   0                   0
47.100                   0                   0
47.200                   0                   0
47.300                   0                   0
47.400                   0                   0
47.500                   0                   0
47.600                   0                   0
47.700                   0                   0
47.800                   0                   0
47.900                   0                   0
48.000                   0                   0
48.100                   0                   0
48.200                   0                   0
48.300                   0                   0
48.400                   0                   0
48.500                   0                   0
48.600                   0                   0
48.700                   0                   0
48.800                   0                   0
48.900                   0                   0
49.000                   0                   0
49.100                   0                   0
49.200                   0                   0
49.300                   0                   0
49.400                   0                   0
49.500                   0                   0
49.600                   0                   0
49.700                   0                   0
49.800                   0                   0
49.900                   0                   0
50.000                   0                   0
50.100                   0                   0
50.200                   0                   0
50.300                   0                   0
50.400                   0                   0
50.500                   0                   0
50.600                   0                   0
50.700                   0                   0
50.800                   0                   0
50.900                   0                   0
51.000                   0                   0
51.100                   0                   0
51.200                   0                   0
51.300                   0                   0
51.400                   0                   0
51.500                   0                   0
51.600                   0                   0
51.700                   0                   0
51.800                   0                   0
51.900                   0                   0
52.000                   0                   0
52.100                   0                   0
52.200                   0                   0
52.300                   0                   0
52.400                   0                   0
52.500                   0                   0
52.600                   0                   0
52.700                   0                   0
52.800                   0                   0
52.900                   0                   0
53.000                   0                   0
53.100                   0                   0
53.200                   0                   0
53.300                   0                   0
53.400                   0                   0
53.500                   0                   0
53.600                   0                   0
53.700                   0                   0
53.800                   0                   0
53.900                   0                   0
54.000                   0                   0
54.100                   0                   0
54.200                   0                   0
54.300                   0                   0
54.400                   0                   0
54.500                   0                   0
54.600                   0                   0
54.700                   0                   0
54.800                   0                   0
54.900                   0                   0
55.000                   0                   0
55.100                   0                   0
55.200                   0                   0
55.300                   0                   0
55.400                   0                   0
55.500                   0                   0
55.600                   0                   0
55.700                   0                   0
55.800                   0                   0
55.900                   0                   0
56.000                   0                   0
56.100                   0                   0
56.200                   0                   0
56.300                   0                   0
56.400                   0                   0
56.500                   0                   0
56.600                   0                   0
56.700                   0                   0
56.800                   0                   0
56.900                   0                   0
57.000                   0                   0
57.100                   0                   0
57.200                   0                   0
57.300                   0                   0
57.400                   0                   0
57.500                   0                   0
57.600                   0                   0
57.700                   0                   0
57.800                   0                   0
57.900                   0                   0
58.000                   0                   0
58.100                   0                   0
58.200                   0                   0
58.300                   0                   0
58.400                   0                   0
58.500                   0                   0
58.600                   0                   0
58.700                   0                   0
58.800                   0                   0
58.900                   0                   0
59.000                   0                   0
59.100                   0                   0
59.200                   0                   0
59.300                   0                   0
59.400                   0                   0
59.500                   0                   0
59.600                   0                   0
59.700                   0                   0
59.800                   0                   0
59.900                   0                   0
60.000                   0                   0
60.100                   0                   0
60.200                   0                   0
60.300                   0                   0
60.400                   0                   0
60.500                   0                   0
60.600                   0                   0
60.700                   0                   0
60.800                   0                   0
60.900                   0                   0
61.000                   0                   0
61.100                   0                   0
61.200                   0                   0
61.300                   0                   0
61.400                   0                   0
61.500                   0                   0
61.600                   0                   0
61.700                   0                   0
61.800                   0                   0
61.900                   0                   0
62.000                   0                   0
62.100                   0                   0
62.200                   0                   0
62.300                   0                   0
62.400                   0                   0
62.500                   0                   0
62.600                   0                   0
62.700                   0                   0
62.800                   0                   0
62.900                   0                   0
63.000                   0                   0
63.100                   0                   0
63.200                   0                   0
63.300                   0                   0
63.400                   0                   0
63.500                   0                   0
63.600                   0                   0
63.700                   0                   0
63.800                   0                   0
63.900                   0                   0
64.000                   0                   0
64.100                   0                   0
64.200                   0                   0
64.300                   0                   0
64.400                   0                   0
64.500                   0                   0
64.600                   0                   0
64.700                   0                   0
64.800                   0                   0
64.900                   0                   0
65.000                   0                   0
65.100                   0                   0
65.200                   0                   0
65.300                   0                   0
65.400                   0                   0
65.500                   0                   0
65.600                   0                   0
65.700                   0                   0
65.800                   0                   0
65.900                   0                   0
66.000                   0                   0
66.100                   0                   0
66.200                   0                   0
66.300                   0                   0
66.400                   0                   0
66.500                   0                   0
66.600                   0                   0
66.700                   0                   0
66.800                   0                   0
66.900                   0                   0
67.000                   0                   0
67.100                   0                   0
67.200                   0                   0
67.300                   0                   0
67.400                   0                   0
67.500                   0                   0
67.600                   0                   0
67.700                   0                   0
67.800                   0                   0
67.900                   0                   0
68.000                   0                   0
68.100                   0                   0
68.200                   0                   0
68.300                   0                   0
68.400                   0                   0
68.500                   0                   0
68.600                   0                   0
68.700                   0                   0
68.800                   0                   0
68.900                   0                   0
69.000                   0                   0
69.100                   0                   0
69.200                   0                   0
69.300                   0                   0
69.400                   0                   0
69.500                   0                   0
69.600                   0                   0
69.700                   0                   0
69.800                   0                   0
69.900                   0                   0
70.000                   0                   0
70.100                   0                   0
70.200                   0                   0
70.300                   0                   0
70.400                   0                   0
70.500                   0                   0
70.600                   0                   0
70.700                   0                   0
70.800                   0                   0
70.900                   0                   0
71.000                   0                   0
71.100                   0                   0
71.200                   0                   0
71.300                   0                   0
71.400                   0                   0
71.500                   0                   0
71.600                   0                   0
71.700                   0                   0
71.800                   0                   0
71.900                   0                   0
72.000                   0                   0
72.100                   0                   0
72.200                   0                   0
72.300                   0                   0
72.400                   0                   0
72.500                   0                   0
72.600                   0                   0
72.700                   0                   0
72.800                   0                   0
72.900                   0                   0
73.000                   0                   0
73.100                   0                   0
73.200                   0                   0
73.300                   0                   0
73.400                   0                   0
73.500                   0                   0
73.600                   0                   0
73.700                   0                   0
73.800                   0                   0
73.900                   0                   0
74.000                   0                   0
74.100                   0                   0
74.200                   0                   0
74.300                   0                   0
74.400                   0                   0
74.500                   0                   0
74.600                   0                   0
74.700                   0                   0
74.800                   0                   0
74.900                   0                   0
75.000                   0                   0
75.100                   0                   0
75.200                   0                   0
75.300                   0                   0
75.400                   0                   0
75.500                   0                   0
75.600                   0                   0
75.700                   0                   0
75.800                   0                   0
75.900                   0                   0
76.000                   0                   0
76.100                   0                   0
76.200                   0                   0
76.300                   0                   0
76.400                   0                   0
76.500                   0                   0
76.600                   0                   0
76.700                   0                   0
76.800                   0                   0
76.900                   0                   0
77.000                   0                   0
77.100                   0                   0
77.200                   0                   0
77.300                   0                   0
77.400                   0                   0
77.500                   0                   0
77.600                   0                   0
77.700                   0                   0
77.800                   0                   0
77.900                   0                   0
78.000                   0                   0
78.100                   0                   0
78.200                   0                   0
78.300                   0                   0
78.400                   0                   0
78.500                   0                   0
78.600                   0                   0
78.700                   0                   0
78.800                   0                   0
78.900                   0                   0
79.000                   0                   0
79.100                   0                   0
79.200                   0                   0
79.300                   0                   0
79.400                   0                   0
79.500                   0                   0
79.600                   0                   0
79.700                   0                   0
79.800                   0                   0
79.900                   0                   0
80.000                   0                   0
80.100                   0                   0
80.200                   0                   0
80.300                   0                   0
80.400                   0                   0
80.500                   0                   0
80.600                   0                   0
80.700                   0                   0
80.800                   0                   0
80.900                   0                   0
81.000                   0                   0
81.100                   0                   0
81.200                   0                   0
81.300                   0                   0
81.400                   0                   0
81.500                   0                   0
81.600                   0                   0
81.700                   0                   0
81.800                   0                   0
81.900                   0                   0
82.000                   0                   0
82.100                   0                   0
82.200                   0                   0
82.300                   0                   0
82.400                   0                   0
82.500                   0                   0
82.600                   0                   0
82.700                   0                   0
82.800                   0                   0
82.900                   0                   0
83.000                   0                   0
83.100                   0                   0
83.200                   0                   0
83.300                   0                   0
83.400                   0                   0
83.500                   0                   0
83.600                   0                   0
83.700                   0                   0
83.800                   0                   0
83.900                   0                   0
84.000                   0                   0
84.100                   0                   0
84.200                   0                   0
84.300                   0                   0
84.400                   0                   0
84.500                   0                   0
84.600                   0                   0
84.700                   0                   0
84.800                   0                   0
84.900                   0                   0
85.000                   0                   0
85.100                   0                   0
85.200                   0                   0
85.300                   0                   0
85.400                   0                   0
85.500                   0                   0
85.600                   0                   0
85.700                   0                   0
85.800                   0                   0
85.900                   0                   0
86.000                   0                   0
86.100                   0                   0
86.200                   0                   0
86.300                   0                   0
86.400                   0                   0
86.500                   0                   0
86.600                   0                   0
86.700                   0                   0
86.800                   0                   0
86.900                   0                   0
87.000                   0                   0
87.100                   0                   0
87.200                   0                   0
87.300                   0                   0
87.400                   0                   0
87.500                   0                   0
87.600                   0                   0
87.700                   0                   0
87.800                   0                   0
87.900                   0                   0
88.000                   0                   0
88.100                   0                   0
88.200                   0                   0
88.300                   0                   0
88.400                   0                   0
88.500                   0                   0
88.600                   0                   0
88.700                   0                   0
88.800                   0                   0
88.900                   0                   0
89.000                   0                   0
89.100                   0                   0
89.200                   0                   0
89.300                   0                   0
89.400                   0                   0
89.500                   0                   0
89.600                   0                   0
89.700                   0                   0
89.800                   0                   0
89.900                   0                   0
90.000                   0                   0
90.100                   0                   0
90.200                   0                   0
90.300                   0                   0
90.400                   0                   0
90.500                   0                   0
90.600                   0                   0
90.700                   0                   0
90.800                   0                   0
90.900                   0                   0
91.000                   0                   0
91.100                   0                   0
91.200                   0                   0
91.300                   0                   0
91.400                   0                   0
91.500                   0                   0
91.600                   0                   0
91.700                   0                   0
91.800                   0                   0
91.900                   0                   0
92.000                   0                   0
92.100                   0                   0
92.200                   0                   0
92.300                   0                   0
92.400                   0                   0
92.500                   0                   0
92.600                   0                   0
92.700                   0                   0
92.800                   0                   0
92.900                   0                   0
93.000                   0                   0
93.100                   0                   0
93.200                   0                   0
93.300                   0                   0
93.400                   0                   0
93.500                   0                   0
93.600                   0                   0
93.700                   0                   0
93.800                   0                   0
93.900                   0                   0
94.000                   0                   0
94.100                   0                   0
94.200                   0                   0
94.300                   0                   0
94.400                   0                   0
94.500                   0                   0
94.600                   0                   0
94.700                   0                   0
94.800                   0                   0
94.900                   0                   0
95.000                   0                   0
95.100                   0                   0
95.200                   0                   0
95.300                   0                   0
95.400                   0                   0
95.500                   0                   0
95.600                   0                   0
95.700                   0                   0
95.800                   0                   0
95.900                   0                   0
96.000                   0                   0
96.100                   0                   0
96.200                   0                   0
96.300                   0                   0
96.400                   0                   0
96.500                   0                   0
96.600                   0                   0
96.700                   0                   0
96.800                   0                   0
96.900                   0                   0
97.000                   0                   0
97.100                   0                   0
97.200                   0                   0
97.300                   0                   0
97.400                   0                   0
97.500                   0                   0
97.600                   0                   0
97.700                   0                   0
97.800                   0                   0
97.900                   0                   0
98.000                   0                   0
98.100                   0                   0
98.200                   0                   0
98.300                   0                   0
98.400                   0                   0
98.500                   0                   0
98.600                   0                   0
98.700                   0                   0
98.800                   0                   0
98.900                   0                   0
99.000                   0                   0
99.100                   0                   0
99.200                   0                   0
99.300                   0                   0
99.400                   0                   0
99.500                   0                   0
99.600                   0                   0
99.700                   0                   0
99.800                   0                   0
99.900                   0                   0
