 0.000           882576547           735845944
 0.100             1528859            14622047
 0.200             1560731            13499578
 0.300             1659619            12220367
 0.400             1673196            10353152
 0.500             1726830             9062137
 0.600             1729335             7798545
 0.700             1730772             6833966
 0.800             1767302             6239685
 0.900             1741786             5538588
 1.000             1793365             5252561
 1.100             1799328             4823008
 1.200             1799739             4464904
 1.300             1808389             4194673
 1.400             1801286             3928713
 1.500             1827271             3789481
 1.600             1812402             3531192
 1.700             1801616             3293337
 1.800             1869219             3297121
 1.900             1841977             3016234
 2.000             1867758             2958705
 2.100             1873098             2844147
 2.200             1876955             2706530
 2.300             1909528             2676193
 2.400             1883976             2515883
 2.500             1921025             2539928
 2.600             1907104             2441099
 2.700             1909001             2388598
 2.800             1889636             2247454
 2.900             1923195             2251520
 3.000             1898568             2106831
 3.100             1926622             2097079
 3.200             1942803             2122661
 3.300             1904792             1976993
 3.400             1920948             1998022
 3.500             1917593             1933849
 3.600             1901561             1867283
 3.700             1881707             1810461
 3.800             1901110             1844941
 3.900             1865405             1746187
 4.000             1877427             1767109
 4.100             1870105             1754819
 4.200             1819747             1670294
 4.300             1813555             1669487
 4.400             1800661             1678763
 4.500             1793570             1688748
 4.600             1762774             1646232
 4.700             1759570             1702168
 4.800             1700771             1613147
 4.900             1686199             1646745
 5.000             1654086             1628446
 5.100             1637467             1670174
 5.200             1582794             1590238
 5.300             1552188             1618871
 5.400             1520952             1623445
 5.500             1497744             1627935
 5.600             1447957             1603512
 5.700             1411471             1637591
 5.800             1356533             1589169
 5.900             1319190             1568619
 6.000             1276585             1526798
 6.100             1241806             1529377
 6.200             1201218             1532276
 6.300             1158315             1499801
 6.400             1127732             1520501
 6.500             1093114             1485189
 6.600             1057016             1449931
 6.700             1018950             1429383
 6.800              985081             1442167
 6.900              958209             1861498
 7.000              912685             5278500
 7.100              885396            63769470
 7.200              845691                   0
 7.300              823910                   0
 7.400              810073                   0
 7.500              775545                   0
 7.600              759408                   0
 7.700              733890                   0
 7.800              707183                   0
 7.900              680573                   0
 8.000              651778                   0
 8.100              619563                   0
 8.200              591155                   0
 8.300              567503                   0
 8.400              537115                   0
 8.500              517857                   0
 8.600              496079                   0
 8.700              476582                   0
 8.800              463622                   0
 8.900              443555                   0
 9.000              428242                   0
 9.100              409401                   0
 9.200              393955                   0
 9.300              383205                   0
 9.400              373268                   0
 9.500              360010                   0
 9.600              348675                   0
 9.700              338942                   0
 9.800              325621                   0
 9.900              313783                   0
10.000              305416                   0
10.100              291894                   0
10.200              282981                   0
10.300              274312                   0
10.400              265381                   0
10.500              255897                   0
10.600              242659                   0
10.700              232151                   0
10.800              221297                   0
10.900              212216                   0
11.000              205628                   0
11.100              200657                   0
11.200              193863                   0
11.300              188127                   0
11.400              183260                   0
11.500              176075                   0
11.600              169974                   0
11.700              162854                   0
11.800              158538                   0
11.900              154334                   0
12.000              149870                   0
12.100              145292                   0
12.200              141823                   0
12.300              134218                   0
12.400              129247                   0
12.500              124341                   0
12.600              119400                   0
12.700              117936                   0
12.800              113972                   0
12.900              110938                   0
13.000              107580                   0
13.100              101420                   0
13.200               96262                   0
13.300               92674                   0
13.400               90844                   0
13.500               88098                   0
13.600               86442                   0
13.700               84795                   0
13.800               81875                   0
13.900               79533                   0
14.000               76307                   0
14.100               73474                   0
14.200               71522                   0
14.300               69421                   0
14.400               67997                   0
14.500               66187                   0
14.600               64406                   0
14.700               62398                   0
14.800               61331                   0
14.900               59729                   0
15.000               57989                   0
15.100               55885                   0
15.200               54311                   0
15.300               52736                   0
15.400               50732                   0
15.500               48228                   0
15.600               46667                   0
15.700               44841                   0
15.800               43033                   0
15.900               40739                   0
16.000               38992                   0
16.100               38129                   0
16.200               36561                   0
16.300               35272                   0
16.400               34442                   0
16.500               32656                   0
16.600               31477                   0
16.700               30395                   0
16.800               30792                   0
16.900               29644                   0
17.000               28868                   0
17.100               27348                   0
17.200               25908                   0
17.300               25321                   0
17.400               25064                   0
17.500               24120                   0
17.600               23301                   0
17.700               22489                   0
17.800               21888                   0
17.900               21591                   0
18.000               20793                   0
18.100               19805                   0
18.200               19855                   0
18.300               19663                   0
18.400               19491                   0
18.500               19076                   0
18.600               18186                   0
18.700               17207                   0
18.800               16352                   0
18.900               15851                   0
19.000               16018                   0
19.100               15198                   0
19.200               14651                   0
19.300               14173                   0
19.400               14045                   0
19.500               13748                   0
19.600               13785                   0
19.700               13382                   0
19.800               12960                   0
19.900               12503                   0
20.000               11853                   0
20.100               11207                   0
20.200               10823                   0
20.300               10721                   0
20.400               10185                   0
20.500               10082                   0
20.600                9547                   0
20.700                9493                   0
20.800                9577                   0
20.900                9395                   0
21.000                8939                   0
21.100                8699                   0
21.200                8612                   0
21.300                8606                   0
21.400                8287                   0
21.500                8164                   0
21.600                8225                   0
21.700                8346                   0
21.800                8209                   0
21.900                7893                   0
22.000                7476                   0
22.100                7067                   0
22.200                7145                   0
22.300                7062                   0
22.400                6890                   0
22.500                6726                   0
22.600                6333                   0
22.700                6389                   0
22.800                6413                   0
22.900                6458                   0
23.000                6079                   0
23.100                5926                   0
23.200                5642                   0
23.300                5492                   0
23.400                5214                   0
23.500                5272                   0
23.600                5037                   0
23.700                4842                   0
23.800                4753                   0
23.900                4789                   0
24.000                4749                   0
24.100                4813                   0
24.200                4727                   0
24.300                4453                   0
24.400                4300                   0
24.500                4034                   0
24.600                3980                   0
24.700                4163                   0
24.800                4139                   0
24.900                4237                   0
25.000                3955                   0
25.100                3844                   0
25.200                3650                   0
25.300                3480                   0
25.400                3431                   0
25.500                3223                   0
25.600                3066                   0
25.700                3003                   0
25.800                2969                   0
25.900                2891                   0
26.000                2907                   0
26.100                2905                   0
26.200                2906                   0
26.300                2765                   0
26.400                2612                   0
26.500                2663                   0
26.600                2519                   0
26.700                2561                   0
26.800                2485                   0
26.900                2353                   0
27.000                2354                   0
27.100                2313                   0
27.200                2214                   0
27.300                2265                   0
27.400                2218                   0
27.500                2111                   0
27.600                1963                   0
27.700                1935                   0
27.800                1871                   0
27.900                1794                   0
28.000                1900                   0
28.100                1835                   0
28.200                1785                   0
28.300                1755                   0
28.400                1684                   0
28.500                1664                   0
28.600                1529                   0
28.700                1473                   0
28.800                1445                   0
28.900                1520                   0
29.000                1574                   0
29.100                1423                   0
29.200                1372                   0
29.300                1351                   0
29.400                1302                   0
29.500                1260                   0
29.600                1313                   0
29.700                1296                   0
29.800                1319                   0
29.900                1334                   0
30.000                1292                   0
30.100                1293                   0
30.200                1236                   0
30.300                1218                   0
30.400                1146                   0
30.500                1119                   0
30.600                1143                   0
30.700                1043                   0
30.800                1148                   0
30.900                1076                   0
31.000                1038                   0
31.100                1013                   0
31.200                1016                   0
31.300                 885                   0
31.400                 857                   0
31.500                 909                   0
31.600                 867                   0
31.700                 921                   0
31.800                 821                   0
31.900                 857                   0
32.000                 849                   0
32.100                 810                   0
32.200                 790                   0
32.300                 741                   0
32.400                 653                   0
32.500                 710                   0
32.600                 640                   0
32.700                 571                   0
32.800                 551                   0
32.900                 598                   0
33.000                 582                   0
33.100                 595                   0
33.200                 565                   0
33.300                 587                   0
33.400                 510                   0
33.500                 583                   0
33.600                 570                   0
33.700                 520                   0
33.800                 511                   0
33.900                 485                   0
34.000                 474                   0
34.100                 490                   0
34.200                 471                   0
34.300                 480                   0
34.400                 481                   0
34.500                 462                   0
34.600                 455                   0
34.700                 435                   0
34.800                 408                   0
34.900                 376                   0
35.000                 377                   0
35.100                 388                   0
35.200                 393                   0
35.300                 429                   0
35.400                 388                   0
35.500                 401                   0
35.600                 393                   0
35.700                 384                   0
35.800                 352                   0
35.900                 360                   0
36.000                 327                   0
36.100                 342                   0
36.200                 344                   0
36.300                 350                   0
36.400                 322                   0
36.500                 325                   0
36.600                 312                   0
36.700                 321                   0
36.800                 290                   0
36.900                 303                   0
37.000                 265                   0
37.100                 282                   0
37.200                 236                   0
37.300                 219                   0
37.400                 243                   0
37.500                 229                   0
37.600                 263                   0
37.700                 279                   0
37.800                 297                   0
37.900                 313                   0
38.000                 441                   0
38.100                 617                   0
38.200                1097                   0
38.300                2147                   0
38.400                3284                   0
38.500                   0                   0
38.600                   0                   0
38.700                   0                   0
38.800                   0                   0
38.900                   0                   0
39.000                   0                   0
39.100                   0                   0
39.200                   0                   0
39.300                   0                   0
39.400                   0                   0
39.500                   0                   0
39.600                   0                   0
39.700                   0                   0
39.800                   0                   0
39.900                   0                   0
40.000                   0                   0
40.100                   0                   0
40.200                   0                   0
40.300                   0                   0
40.400                   0                   0
40.500                   0                   0
40.600                   0                   0
40.700                   0                   0
40.800                   0                   0
40.900                   0                   0
41.000                   0                   0
41.100                   0                   0
41.200                   0                   0
41.300                   0                   0
41.400                   0                   0
41.500                   0                   0
41.600                   0                   0
41.700                   0                   0
41.800                   0                   0
41.900                   0                   0
42.000                   0                   0
42.100                   0                   0
42.200                   0                   0
42.300                   0                   0
42.400                   0                   0
42.500                   0                   0
42.600                   0                   0
42.700                   0                   0
42.800                   0                   0
42.900                   0                   0
43.000                   0                   0
43.100                   0                   0
43.200                   0                   0
43.300                   0                   0
43.400                   0                   0
43.500                   0                   0
43.600                   0                   0
43.700                   0                   0
43.800                   0                   0
43.900                   0                   0
44.000                   0                   0
44.100                   0                   0
44.200                   0                   0
44.300                   0                   0
44.400                   0                   0
44.500                   0                   0
44.600                   0                   0
44.700                   0                   0
44.800                   0                   0
44.900                   0                   0
45.000                   0                   0
45.100                   0                   0
45.200                   0                   0
45.300                   0                   0
45.400                   0                   0
45.500                   0                   0
45.600                   0                   0
45.700                   0                   0
45.800                   0                   0
45.900                   0                   0
46.000                   0                   0
46.100                   0                   0
46.200                   0                   0
46.300                   0                   0
46.400                   0                   0
46.500                   0                   0
46.600                   0                   0
46.700                   0                   0
46.800                   0                   0
46.900                   0                   0
47.000                   0                   0
47.100                   0                   0
47.200                   0                   0
47.300                   0                   0
47.400                   0                   0
47.500                   0                   0
47.600                   0                   0
47.700                   0                   0
47.800                   0                   0
47.900                   0                   0
48.000                   0                   0
48.100                   0                   0
48.200                   0                   0
48.300                   0                   0
48.400                   0                   0
48.500                   0                   0
48.600                   0                   0
48.700                   0                   0
48.800                   0                   0
48.900                   0                   0
49.000                   0                   0
49.100                   0                   0
49.200                   0                   0
49.300                   0                   0
49.400                   0                   0
49.500                   0                   0
49.600                   0                   0
49.700                   0                   0
49.800                   0                   0
49.900                   0                   0
50.000                   0                   0
50.100                   0                   0
50.200                   0                   0
50.300                   0                   0
50.400                   0                   0
50.500                   0                   0
50.600                   0                   0
50.700                   0                   0
50.800                   0                   0
50.900                   0                   0
51.000                   0                   0
51.100                   0                   0
51.200                   0                   0
51.300                   0                   0
51.400                   0                   0
51.500                   0                   0
51.600                   0                   0
51.700                   0                   0
51.800                   0                   0
51.900                   0                   0
52.000                   0                   0
52.100                   0                   0
52.200                   0                   0
52.300                   0                   0
52.400                   0                   0
52.500                   0                   0
52.600                   0                   0
52.700                   0                   0
52.800                   0                   0
52.900                   0                   0
53.000                   0                   0
53.100                   0                   0
53.200                   0                   0
53.300                   0                   0
53.400                   0                   0
53.500                   0                   0
53.600                   0                   0
53.700                   0                   0
53.800                   0                   0
53.900                   0                   0
54.000                   0                   0
54.100                   0                   0
54.200                   0                   0
54.300                   0                   0
54.400                   0                   0
54.500                   0                   0
54.600                   0                   0
54.700                   0                   0
54.800                   0                   0
54.900                   0                   0
55.000                   0                   0
55.100                   0                   0
55.200                   0                   0
55.300                   0                   0
55.400                   0                   0
55.500                   0                   0
55.600                   0                   0
55.700                   0                   0
55.800                   0                   0
55.900                   0                   0
56.000                   0                   0
56.100                   0                   0
56.200                   0                   0
56.300                   0                   0
56.400                   0                   0
56.500                   0                   0
56.600                   0                   0
56.700                   0                   0
56.800                   0                   0
56.900                   0                   0
57.000                   0                   0
57.100                   0                   0
57.200                   0                   0
57.300                   0                   0
57.400                   0                   0
57.500                   0                   0
57.600                   0                   0
57.700                   0                   0
57.800                   0                   0
57.900                   0                   0
58.000                   0                   0
58.100                   0                   0
58.200                   0                   0
58.300                   0                   0
58.400                   0                   0
58.500                   0                   0
58.600                   0                   0
58.700                   0                   0
58.800                   0                   0
58.900                   0                   0
59.000                   0                   0
59.100                   0                   0
59.200                   0                   0
59.300                   0                   0
59.400                   0                   0
59.500                   0                   0
59.600                   0                   0
59.700                   0                   0
59.800                   0                   0
59.900                   0                   0
60.000                   0                   0
60.100                   0                   0
60.200                   0                   0
60.300                   0                   0
60.400                   0                   0
60.500                   0                   0
60.600                   0                   0
60.700                   0                   0
60.800                   0                   0
60.900                   0                   0
61.000                   0                   0
61.100                   0                   0
61.200                   0                   0
61.300                   0                   0
61.400                   0                   0
61.500                   0                   0
61.600                   0                   0
61.700                   0                   0
61.800                   0                   0
61.900                   0                   0
62.000                   0                   0
62.100                   0                   0
62.200                   0                   0
62.300                   0                   0
62.400                   0                   0
62.500                   0                   0
62.600                   0                   0
62.700                   0                   0
62.800                   0                   0
62.900                   0                   0
63.000                   0                   0
63.100                   0                   0
63.200                   0                   0
63.300                   0                   0
63.400                   0                   0
63.500                   0                   0
63.600                   0                   0
63.700                   0                   0
63.800                   0                   0
63.900                   0                   0
64.000                   0                   0
64.100                   0                   0
64.200                   0                   0
64.300                   0                   0
64.400                   0                   0
64.500                   0                   0
64.600                   0                   0
64.700                   0                   0
64.800                   0                   0
64.900                   0                   0
65.000                   0                   0
65.100                   0                   0
65.200                   0                   0
65.300                   0                   0
65.400                   0                   0
65.500                   0                   0
65.600                   0                   0
65.700                   0                   0
65.800                   0                   0
65.900                   0                   0
66.000                   0                   0
66.100                   0                   0
66.200                   0                   0
66.300                   0                   0
66.400                   0                   0
66.500                   0                   0
66.600                   0                   0
66.700                   0                   0
66.800                   0                   0
66.900                   0                   0
67.000                   0                   0
67.100                   0                   0
67.200                   0                   0
67.300                   0                   0
67.400                   0                   0
67.500                   0                   0
67.600                   0                   0
67.700                   0                   0
67.800                   0                   0
67.900                   0                   0
68.000                   0                   0
68.100                   0                   0
68.200                   0                   0
68.300                   0                   0
68.400                   0                   0
68.500                   0                   0
68.600                   0                   0
68.700                   0                   0
68.800                   0                   0
68.900                   0                   0
69.000                   0                   0
69.100                   0                   0
69.200                   0                   0
69.300                   0                   0
69.400                   0                   0
69.500                   0                   0
69.600                   0                   0
69.700                   0                   0
69.800                   0                   0
69.900                   0                   0
70.000                   0                   0
70.100                   0                   0
70.200                   0                   0
70.300                   0                   0
70.400                   0                   0
70.500                   0                   0
70.600                   0                   0
70.700                   0                   0
70.800                   0                   0
70.900                   0                   0
71.000                   0                   0
71.100                   0                   0
71.200                   0                   0
71.300                   0                   0
71.400                   0                   0
71.500                   0                   0
71.600                   0                   0
71.700                   0                   0
71.800                   0                   0
71.900                   0                   0
72.000                   0                   0
72.100                   0                   0
72.200                   0                   0
72.300                   0                   0
72.400                   0                   0
72.500                   0                   0
72.600                   0                   0
72.700                   0                   0
72.800                   0                   0
72.900                   0                   0
73.000                   0                   0
73.100                   0                   0
73.200                   0                   0
73.300                   0                   0
73.400                   0                   0
73.500                   0                   0
73.600                   0                   0
73.700                   0                   0
73.800                   0                   0
73.900                   0                   0
74.000                   0                   0
74.100                   0                   0
74.200                   0                   0
74.300                   0                   0
74.400                   0                   0
74.500                   0                   0
74.600                   0                   0
74.700                   0                   0
74.800                   0                   0
74.900                   0                   0
75.000                   0                   0
75.100                   0                   0
75.200                   0                   0
75.300                   0                   0
75.400                   0                   0
75.500                   0                   0
75.600                   0                   0
75.700                   0                   0
75.800                   0                   0
75.900                   0                   0
76.000                   0                   0
76.100                   0                   0
76.200                   0                   0
76.300                   0                   0
76.400                   0                   0
76.500                   0                   0
76.600                   0                   0
76.700                   0                   0
76.800                   0                   0
76.900                   0                   0
77.000                   0                   0
77.100                   0                   0
77.200                   0                   0
77.300                   0                   0
77.400                   0                   0
77.500                   0                   0
77.600                   0                   0
77.700                   0                   0
77.800                   0                   0
77.900                   0                   0
78.000                   0                   0
78.100                   0                   0
78.200                   0                   0
78.300                   0                   0
78.400                   0                   0
78.500                   0                   0
78.600                   0                   0
78.700                   0                   0
78.800                   0                   0
78.900                   0                   0
79.000                   0                   0
79.100                   0                   0
79.200                   0                   0
79.300                   0                   0
79.400                   0                   0
79.500                   0                   0
79.600                   0                   0
79.700                   0                   0
79.800                   0                   0
79.900                   0                   0
80.000                   0                   0
80.100                   0                   0
80.200                   0                   0
80.300                   0                   0
80.400                   0                   0
80.500                   0                   0
80.600                   0                   0
80.700                   0                   0
80.800                   0                   0
80.900                   0                   0
81.000                   0                   0
81.100                   0                   0
81.200                   0                   0
81.300                   0                   0
81.400                   0                   0
81.500                   0                   0
81.600                   0                   0
81.700                   0                   0
81.800                   0                   0
81.900                   0                   0
82.000                   0                   0
82.100                   0                   0
82.200                   0                   0
82.300                   0                   0
82.400                   0                   0
82.500                   0                   0
82.600                   0                   0
82.700                   0                   0
82.800                   0                   0
82.900                   0                   0
83.000                   0                   0
83.100                   0                   0
83.200                   0                   0
83.300                   0                   0
83.400                   0                   0
83.500                   0                   0
83.600                   0                   0
83.700                   0                   0
83.800                   0                   0
83.900                   0                   0
84.000                   0                   0
84.100                   0                   0
84.200                   0                   0
84.300                   0                   0
84.400                   0                   0
84.500                   0                   0
84.600                   0                   0
84.700                   0                   0
84.800                   0                   0
84.900                   0                   0
85.000                   0                   0
85.100                   0                   0
85.200                   0                   0
85.300                   0                   0
85.400                   0                   0
85.500                   0                   0
85.600                   0                   0
85.700                   0                   0
85.800                   0                   0
85.900                   0                   0
86.000                   0                   0
86.100                   0                   0
86.200                   0                   0
86.300                   0                   0
86.400                   0                   0
86.500                   0                   0
86.600                   0                   0
86.700                   0                   0
86.800                   0                   0
86.900                   0                   0
87.000                   0                   0
87.100                   0                   0
87.200                   0                   0
87.300                   0                   0
87.400                   0                   0
87.500                   0                   0
87.600                   0                   0
87.700                   0                   0
87.800                   0                   0
87.900                   0                   0
88.000                   0                   0
88.100                   0                   0
88.200                   0                   0
88.300                   0                   0
88.400                   0                   0
88.500                   0                   0
88.600                   0                   0
88.700                   0                   0
88.800                   0                   0
88.900                   0                   0
89.000                   0                   0
89.100                   0                   0
89.200                   0                   0
89.300                   0                   0
89.400                   0                   0
89.500                   0                   0
89.600                   0                   0
89.700                   0                   0
89.800                   0                   0
89.900                   0                   0
90.000                   0                   0
90.100                   0                   0
90.200                   0                   0
90.300                   0                   0
90.400                   0                   0
90.500                   0                   0
90.600                   0                   0
90.700                   0                   0
90.800                   0                   0
90.900                   0                   0
91.000                   0                   0
91.100                   0                   0
91.200                   0                   0
91.300                   0                   0
91.400                   0                   0
91.500                   0                   0
91.600                   0                   0
91.700                   0                   0
91.800                   0                   0
91.900                   0                   0
92.000                   0                   0
92.100                   0                   0
92.200                   0                   0
92.300                   0                   0
92.400                   0                   0
92.500                   0                   0
92.600                   0                   0
92.700                   0                   0
92.800                   0                   0
92.900                   0                   0
93.000                   0                   0
93.100                   0                   0
93.200                   0                   0
93.300                   0                   0
93.400                   0                   0
93.500                   0                   0
93.600                   0                   0
93.700                   0                   0
93.800                   0                   0
93.900                   0                   0
94.000                   0                   0
94.100                   0                   0
94.200                   0                   0
94.300                   0                   0
94.400                   0                   0
94.500                   0                   0
94.600                   0                   0
94.700                   0                   0
94.800                   0                   0
94.900                   0                   0
95.000                   0                   0
95.100                   0                   0
95.200                   0                   0
95.300                   0                   0
95.400                   0                   0
95.500                   0                   0
95.600                   0                   0
95.700                   0                   0
95.800                   0                   0
95.900                   0                   0
96.000                   0                   0
96.100                   0                   0
96.200                   0                   0
96.300                   0                   0
96.400                   0                   0
96.500                   0                   0
96.600                   0                   0
96.700                   0                   0
96.800                   0                   0
96.900                   0                   0
97.000                   0                   0
97.100                   0                   0
97.200                   0                   0
97.300                   0                   0
97.400                   0                   0
97.500                   0                   0
97.600                   0                   0
97.700                   0                   0
97.800                   0                   0
97.900                   0                   0
98.000                   0                   0
98.100                   0                   0
98.200                   0                   0
98.300                   0                   0
98.400                   0                   0
98.500                   0                   0
98.600                   0                   0
98.700                   0                   0
98.800                   0                   0
98.900                   0                   0
99.000                   0                   0
99.100                   0                   0
99.200                   0                   0
99.300                   0                   0
99.400                   0                   0
99.500                   0                   0
99.600                   0                   0
99.700                   0                   0
99.800                   0                   0
99.900                   0                   0
