 0.000           884166021           735957278
 0.100             1524613            14418753
 0.200             1595498            13894351
 0.300             1641644            12276777
 0.400             1688771            10735417
 0.500             1737828             9412958
 0.600             1725871             7955058
 0.700             1726753             7016411
 0.800             1788865             6583869
 0.900             1727934             5667217
 1.000             1779032             5437132
 1.100             1814788             5151358
 1.200             1769433             4594696
 1.300             1772034             4343616
 1.400             1793617             4188817
 1.500             1777307             3925158
 1.600             1823912             3909573
 1.700             1773843             3573291
 1.800             1815260             3594058
 1.900             1799550             3411396
 2.000             1793216             3266048
 2.100             1803357             3188031
 2.200             1816001             3121766
 2.300             1819865             3037190
 2.400             1824469             2981676
 2.500             1820868             2937349
 2.600             1813834             2837591
 2.700             1798217             2720369
 2.800             1820930             2668817
 2.900             1862275             2656801
 3.000             1866663             2577601
 3.100             1853181             2449453
 3.200             1874253             2427956
 3.300             1871979             2329394
 3.400             1920061             2347980
 3.500             1919199             2255350
 3.600             1899586             2138917
 3.700             1905281             2108569
 3.800             1934444             2125833
 3.900             1917070             2158000
 4.000             1915351             6903133
 4.100             1940381            98714992
 4.200             1908451                   0
 4.300             1908855                   0
 4.400             1874005                   0
 4.500             1871897                   0
 4.600             1834453                   0
 4.700             1830554                   0
 4.800             1790827                   0
 4.900             1758571                   0
 5.000             1733470                   0
 5.100             1666295                   0
 5.200             1651927                   0
 5.300             1588596                   0
 5.400             1522124                   0
 5.500             1492319                   0
 5.600             1428526                   0
 5.700             1386185                   0
 5.800             1355196                   0
 5.900             1299023                   0
 6.000             1264372                   0
 6.100             1216348                   0
 6.200             1178579                   0
 6.300             1143565                   0
 6.400             1104507                   0
 6.500             1064564                   0
 6.600             1032591                   0
 6.700              991254                   0
 6.800              960504                   0
 6.900              920339                   0
 7.000              895135                   0
 7.100              858217                   0
 7.200              827979                   0
 7.300              799940                   0
 7.400              767582                   0
 7.500              731645                   0
 7.600              703083                   0
 7.700              667422                   0
 7.800              637684                   0
 7.900              609600                   0
 8.000              583870                   0
 8.100              566326                   0
 8.200              540817                   0
 8.300              525707                   0
 8.400              504000                   0
 8.500              488318                   0
 8.600              467486                   0
 8.700              448101                   0
 8.800              436275                   0
 8.900              419437                   0
 9.000              406403                   0
 9.100              393769                   0
 9.200              379355                   0
 9.300              366780                   0
 9.400              349868                   0
 9.500              338531                   0
 9.600              329124                   0
 9.700              320565                   0
 9.800              311015                   0
 9.900              297077                   0
10.000              288201                   0
10.100              276539                   0
10.200              262748                   0
10.300              253663                   0
10.400              246461                   0
10.500              239253                   0
10.600              234284                   0
10.700              227897                   0
10.800              221339                   0
10.900              213685                   0
11.000              204319                   0
11.100              197736                   0
11.200              191216                   0
11.300              186753                   0
11.400              180931                   0
11.500              177025                   0
11.600              172389                   0
11.700              167750                   0
11.800              164117                   0
11.900              160308                   0
12.000              155731                   0
12.100              149329                   0
12.200              144657                   0
12.300              139603                   0
12.400              133285                   0
12.500              128666                   0
12.600              123789                   0
12.700              120224                   0
12.800              114391                   0
12.900              110286                   0
13.000              106227                   0
13.100              101663                   0
13.200               99224                   0
13.300               93977                   0
13.400               91403                   0
13.500               87037                   0
13.600               83576                   0
13.700               80709                   0
13.800               79830                   0
13.900               77350                   0
14.000               74238                   0
14.100               71238                   0
14.200               67913                   0
14.300               66630                   0
14.400               64763                   0
14.500               61751                   0
14.600               60023                   0
14.700               58025                   0
14.800               56542                   0
14.900               54851                   0
15.000               53213                   0
15.100               50389                   0
15.200               49682                   0
15.300               49061                   0
15.400               48539                   0
15.500               46802                   0
15.600               44599                   0
15.700               42449                   0
15.800               40903                   0
15.900               39423                   0
16.000               38887                   0
16.100               37392                   0
16.200               36244                   0
16.300               34607                   0
16.400               34359                   0
16.500               34024                   0
16.600               33220                   0
16.700               32222                   0
16.800               31344                   0
16.900               29630                   0
17.000               28158                   0
17.100               26587                   0
17.200               26069                   0
17.300               25389                   0
17.400               24210                   0
17.500               23379                   0
17.600               23009                   0
17.700               22376                   0
17.800               22195                   0
17.900               21344                   0
18.000               20842                   0
18.100               20136                   0
18.200               19839                   0
18.300               19415                   0
18.400               18911                   0
18.500               18390                   0
18.600               18408                   0
18.700               18047                   0
18.800               17687                   0
18.900               17447                   0
19.000               16200                   0
19.100               15568                   0
19.200               15610                   0
19.300               15469                   0
19.400               14737                   0
19.500               14350                   0
19.600               13780                   0
19.700               13845                   0
19.800               13634                   0
19.900               13475                   0
20.000               12859                   0
20.100               12314                   0
20.200               11837                   0
20.300               11239                   0
20.400               10979                   0
20.500               10967                   0
20.600               10406                   0
20.700               10261                   0
20.800                9968                   0
20.900                9731                   0
21.000                9886                   0
21.100                9695                   0
21.200                9244                   0
21.300                8995                   0
21.400                8594                   0
21.500                8113                   0
21.600                8177                   0
21.700                8226                   0
21.800                8317                   0
21.900                8103                   0
22.000                7722                   0
22.100                7599                   0
22.200                7219                   0
22.300                6908                   0
22.400                6616                   0
22.500                6473                   0
22.600                6131                   0
22.700                6057                   0
22.800                5856                   0
22.900                5691                   0
23.000                5841                   0
23.100                5653                   0
23.200                5532                   0
23.300                5379                   0
23.400                5029                   0
23.500                5017                   0
23.600                4862                   0
23.700                4845                   0
23.800                4741                   0
23.900                4520                   0
24.000                4430                   0
24.100                4439                   0
24.200                4354                   0
24.300                4231                   0
24.400                4100                   0
24.500                3927                   0
24.600                3628                   0
24.700                3644                   0
24.800                3565                   0
24.900                3574                   0
25.000                3526                   0
25.100                3386                   0
25.200                3338                   0
25.300                3212                   0
25.400                3119                   0
25.500                3001                   0
25.600                2986                   0
25.700                2804                   0
25.800                2705                   0
25.900                2751                   0
26.000                2853                   0
26.100                2577                   0
26.200                2510                   0
26.300                2399                   0
26.400                2403                   0
26.500                2352                   0
26.600                2389                   0
26.700                2382                   0
26.800                2400                   0
26.900                2372                   0
27.000                2440                   0
27.100                2262                   0
27.200                2106                   0
27.300                2123                   0
27.400                2104                   0
27.500                1996                   0
27.600                2004                   0
27.700                1922                   0
27.800                1905                   0
27.900                1850                   0
28.000                1843                   0
28.100                1782                   0
28.200                1696                   0
28.300                1603                   0
28.400                1525                   0
28.500                1589                   0
28.600                1582                   0
28.700                1555                   0
28.800                1440                   0
28.900                1403                   0
29.000                1447                   0
29.100                1310                   0
29.200                1315                   0
29.300                1281                   0
29.400                1180                   0
29.500                1220                   0
29.600                1084                   0
29.700                1024                   0
29.800                1020                   0
29.900                1009                   0
30.000                 988                   0
30.100                1053                   0
30.200                1034                   0
30.300                 971                   0
30.400                 907                   0
30.500                 985                   0
30.600                1022                   0
30.700                 911                   0
30.800                 819                   0
30.900                 859                   0
31.000                 834                   0
31.100                 833                   0
31.200                 800                   0
31.300                 809                   0
31.400                 819                   0
31.500                 815                   0
31.600                 756                   0
31.700                 776                   0
31.800                 721                   0
31.900                 787                   0
32.000                 707                   0
32.100                 727                   0
32.200                 758                   0
32.300                 725                   0
32.400                 749                   0
32.500                 805                   0
32.600                 801                   0
32.700                 820                   0
32.800                 778                   0
32.900                 710                   0
33.000                 808                   0
33.100                 829                   0
33.200                 808                   0
33.300                 769                   0
33.400                 713                   0
33.500                 740                   0
33.600                 683                   0
33.700                 639                   0
33.800                 600                   0
33.900                 577                   0
34.000                 594                   0
34.100                 574                   0
34.200                 504                   0
34.300                 504                   0
34.400                 487                   0
34.500                 472                   0
34.600                 551                   0
34.700                 530                   0
34.800                 510                   0
34.900                 542                   0
35.000                 613                   0
35.100                 886                   0
35.200                1760                   0
35.300                3926                   0
35.400                4620                   0
35.500                   0                   0
35.600                   0                   0
35.700                   0                   0
35.800                   0                   0
35.900                   0                   0
36.000                   0                   0
36.100                   0                   0
36.200                   0                   0
36.300                   0                   0
36.400                   0                   0
36.500                   0                   0
36.600                   0                   0
36.700                   0                   0
36.800                   0                   0
36.900                   0                   0
37.000                   0                   0
37.100                   0                   0
37.200                   0                   0
37.300                   0                   0
37.400                   0                   0
37.500                   0                   0
37.600                   0                   0
37.700                   0                   0
37.800                   0                   0
37.900                   0                   0
38.000                   0                   0
38.100                   0                   0
38.200                   0                   0
38.300                   0                   0
38.400                   0                   0
38.500                   0                   0
38.600                   0                   0
38.700                   0                   0
38.800                   0                   0
38.900                   0                   0
39.000                   0                   0
39.100                   0                   0
39.200                   0                   0
39.300                   0                   0
39.400                   0                   0
39.500                   0                   0
39.600                   0                   0
39.700                   0                   0
39.800                   0                   0
39.900                   0                   0
40.000                   0                   0
40.100                   0                   0
40.200                   0                   0
40.300                   0                   0
40.400                   0                   0
40.500                   0                   0
40.600                   0                   0
40.700                   0                   0
40.800                   0                   0
40.900                   0                   0
41.000                   0                   0
41.100                   0                   0
41.200                   0                   0
41.300                   0                   0
41.400                   0                   0
41.500                   0                   0
41.600                   0                   0
41.700                   0                   0
41.800                   0                   0
41.900                   0                   0
42.000                   0                   0
42.100                   0                   0
42.200                   0                   0
42.300                   0                   0
42.400                   0                   0
42.500                   0                   0
42.600                   0                   0
42.700                   0                   0
42.800                   0                   0
42.900                   0                   0
43.000                   0                   0
43.100                   0                   0
43.200                   0                   0
43.300                   0                   0
43.400                   0                   0
43.500                   0                   0
43.600                   0                   0
43.700                   0                   0
43.800                   0                   0
43.900                   0                   0
44.000                   0                   0
44.100                   0                   0
44.200                   0                   0
44.300                   0                   0
44.400                   0                   0
44.500                   0                   0
44.600                   0                   0
44.700                   0                   0
44.800                   0                   0
44.900                   0                   0
45.000                   0                   0
45.100                   0                   0
45.200                   0                   0
45.300                   0                   0
45.400                   0                   0
45.500                   0                   0
45.600                   0                   0
45.700                   0                   0
45.800                   0                   0
45.900                   0                   0
46.000                   0                   0
46.100                   0                   0
46.200                   0                   0
46.300                   0                   0
46.400                   0                   0
46.500                   0                   0
46.600                   0                   0
46.700                   0                   0
46.800                   0                   0
46.900                   0                   0
47.000                   0                   0
47.100                   0                   0
47.200                   0                   0
47.300                   0                   0
47.400                   0                   0
47.500                   0                   0
47.600                   0                   0
47.700                   0                   0
47.800                   0                   0
47.900                   0                   0
48.000                   0                   0
48.100                   0                   0
48.200                   0                   0
48.300                   0                   0
48.400                   0                   0
48.500                   0                   0
48.600                   0                   0
48.700                   0                   0
48.800                   0                   0
48.900                   0                   0
49.000                   0                   0
49.100                   0                   0
49.200                   0                   0
49.300                   0                   0
49.400                   0                   0
49.500                   0                   0
49.600                   0                   0
49.700                   0                   0
49.800                   0                   0
49.900                   0                   0
50.000                   0                   0
50.100                   0                   0
50.200                   0                   0
50.300                   0                   0
50.400                   0                   0
50.500                   0                   0
50.600                   0                   0
50.700                   0                   0
50.800                   0                   0
50.900                   0                   0
51.000                   0                   0
51.100                   0                   0
51.200                   0                   0
51.300                   0                   0
51.400                   0                   0
51.500                   0                   0
51.600                   0                   0
51.700                   0                   0
51.800                   0                   0
51.900                   0                   0
52.000                   0                   0
52.100                   0                   0
52.200                   0                   0
52.300                   0                   0
52.400                   0                   0
52.500                   0                   0
52.600                   0                   0
52.700                   0                   0
52.800                   0                   0
52.900                   0                   0
53.000                   0                   0
53.100                   0                   0
53.200                   0                   0
53.300                   0                   0
53.400                   0                   0
53.500                   0                   0
53.600                   0                   0
53.700                   0                   0
53.800                   0                   0
53.900                   0                   0
54.000                   0                   0
54.100                   0                   0
54.200                   0                   0
54.300                   0                   0
54.400                   0                   0
54.500                   0                   0
54.600                   0                   0
54.700                   0                   0
54.800                   0                   0
54.900                   0                   0
55.000                   0                   0
55.100                   0                   0
55.200                   0                   0
55.300                   0                   0
55.400                   0                   0
55.500                   0                   0
55.600                   0                   0
55.700                   0                   0
55.800                   0                   0
55.900                   0                   0
56.000                   0                   0
56.100                   0                   0
56.200                   0                   0
56.300                   0                   0
56.400                   0                   0
56.500                   0                   0
56.600                   0                   0
56.700                   0                   0
56.800                   0                   0
56.900                   0                   0
57.000                   0                   0
57.100                   0                   0
57.200                   0                   0
57.300                   0                   0
57.400                   0                   0
57.500                   0                   0
57.600                   0                   0
57.700                   0                   0
57.800                   0                   0
57.900                   0                   0
58.000                   0                   0
58.100                   0                   0
58.200                   0                   0
58.300                   0                   0
58.400                   0                   0
58.500                   0                   0
58.600                   0                   0
58.700                   0                   0
58.800                   0                   0
58.900                   0                   0
59.000                   0                   0
59.100                   0                   0
59.200                   0                   0
59.300                   0                   0
59.400                   0                   0
59.500                   0                   0
59.600                   0                   0
59.700                   0                   0
59.800                   0                   0
59.900                   0                   0
60.000                   0                   0
60.100                   0                   0
60.200                   0                   0
60.300                   0                   0
60.400                   0                   0
60.500                   0                   0
60.600                   0                   0
60.700                   0                   0
60.800                   0                   0
60.900                   0                   0
61.000                   0                   0
61.100                   0                   0
61.200                   0                   0
61.300                   0                   0
61.400                   0                   0
61.500                   0                   0
61.600                   0                   0
61.700                   0                   0
61.800                   0                   0
61.900                   0                   0
62.000                   0                   0
62.100                   0                   0
62.200                   0                   0
62.300                   0                   0
62.400                   0                   0
62.500                   0                   0
62.600                   0                   0
62.700                   0                   0
62.800                   0                   0
62.900                   0                   0
63.000                   0                   0
63.100                   0                   0
63.200                   0                   0
63.300                   0                   0
63.400                   0                   0
63.500                   0                   0
63.600                   0                   0
63.700                   0                   0
63.800                   0                   0
63.900                   0                   0
64.000                   0                   0
64.100                   0                   0
64.200                   0                   0
64.300                   0                   0
64.400                   0                   0
64.500                   0                   0
64.600                   0                   0
64.700                   0                   0
64.800                   0                   0
64.900                   0                   0
65.000                   0                   0
65.100                   0                   0
65.200                   0                   0
65.300                   0                   0
65.400                   0                   0
65.500                   0                   0
65.600                   0                   0
65.700                   0                   0
65.800                   0                   0
65.900                   0                   0
66.000                   0                   0
66.100                   0                   0
66.200                   0                   0
66.300                   0                   0
66.400                   0                   0
66.500                   0                   0
66.600                   0                   0
66.700                   0                   0
66.800                   0                   0
66.900                   0                   0
67.000                   0                   0
67.100                   0                   0
67.200                   0                   0
67.300                   0                   0
67.400                   0                   0
67.500                   0                   0
67.600                   0                   0
67.700                   0                   0
67.800                   0                   0
67.900                   0                   0
68.000                   0                   0
68.100                   0                   0
68.200                   0                   0
68.300                   0                   0
68.400                   0                   0
68.500                   0                   0
68.600                   0                   0
68.700                   0                   0
68.800                   0                   0
68.900                   0                   0
69.000                   0                   0
69.100                   0                   0
69.200                   0                   0
69.300                   0                   0
69.400                   0                   0
69.500                   0                   0
69.600                   0                   0
69.700                   0                   0
69.800                   0                   0
69.900                   0                   0
70.000                   0                   0
70.100                   0                   0
70.200                   0                   0
70.300                   0                   0
70.400                   0                   0
70.500                   0                   0
70.600                   0                   0
70.700                   0                   0
70.800                   0                   0
70.900                   0                   0
71.000                   0                   0
71.100                   0                   0
71.200                   0                   0
71.300                   0                   0
71.400                   0                   0
71.500                   0                   0
71.600                   0                   0
71.700                   0                   0
71.800                   0                   0
71.900                   0                   0
72.000                   0                   0
72.100                   0                   0
72.200                   0                   0
72.300                   0                   0
72.400                   0                   0
72.500                   0                   0
72.600                   0                   0
72.700                   0                   0
72.800                   0                   0
72.900                   0                   0
73.000                   0                   0
73.100                   0                   0
73.200                   0                   0
73.300                   0                   0
73.400                   0                   0
73.500                   0                   0
73.600                   0                   0
73.700                   0                   0
73.800                   0                   0
73.900                   0                   0
74.000                   0                   0
74.100                   0                   0
74.200                   0                   0
74.300                   0                   0
74.400                   0                   0
74.500                   0                   0
74.600                   0                   0
74.700                   0                   0
74.800                   0                   0
74.900                   0                   0
75.000                   0                   0
75.100                   0                   0
75.200                   0                   0
75.300                   0                   0
75.400                   0                   0
75.500                   0                   0
75.600                   0                   0
75.700                   0                   0
75.800                   0                   0
75.900                   0                   0
76.000                   0                   0
76.100                   0                   0
76.200                   0                   0
76.300                   0                   0
76.400                   0                   0
76.500                   0                   0
76.600                   0                   0
76.700                   0                   0
76.800                   0                   0
76.900                   0                   0
77.000                   0                   0
77.100                   0                   0
77.200                   0                   0
77.300                   0                   0
77.400                   0                   0
77.500                   0                   0
77.600                   0                   0
77.700                   0                   0
77.800                   0                   0
77.900                   0                   0
78.000                   0                   0
78.100                   0                   0
78.200                   0                   0
78.300                   0                   0
78.400                   0                   0
78.500                   0                   0
78.600                   0                   0
78.700                   0                   0
78.800                   0                   0
78.900                   0                   0
79.000                   0                   0
79.100                   0                   0
79.200                   0                   0
79.300                   0                   0
79.400                   0                   0
79.500                   0                   0
79.600                   0                   0
79.700                   0                   0
79.800                   0                   0
79.900                   0                   0
80.000                   0                   0
80.100                   0                   0
80.200                   0                   0
80.300                   0                   0
80.400                   0                   0
80.500                   0                   0
80.600                   0                   0
80.700                   0                   0
80.800                   0                   0
80.900                   0                   0
81.000                   0                   0
81.100                   0                   0
81.200                   0                   0
81.300                   0                   0
81.400                   0                   0
81.500                   0                   0
81.600                   0                   0
81.700                   0                   0
81.800                   0                   0
81.900                   0                   0
82.000                   0                   0
82.100                   0                   0
82.200                   0                   0
82.300                   0                   0
82.400                   0                   0
82.500                   0                   0
82.600                   0                   0
82.700                   0                   0
82.800                   0                   0
82.900                   0                   0
83.000                   0                   0
83.100                   0                   0
83.200                   0                   0
83.300                   0                   0
83.400                   0                   0
83.500                   0                   0
83.600                   0                   0
83.700                   0                   0
83.800                   0                   0
83.900                   0                   0
84.000                   0                   0
84.100                   0                   0
84.200                   0                   0
84.300                   0                   0
84.400                   0                   0
84.500                   0                   0
84.600                   0                   0
84.700                   0                   0
84.800                   0                   0
84.900                   0                   0
85.000                   0                   0
85.100                   0                   0
85.200                   0                   0
85.300                   0                   0
85.400                   0                   0
85.500                   0                   0
85.600                   0                   0
85.700                   0                   0
85.800                   0                   0
85.900                   0                   0
86.000                   0                   0
86.100                   0                   0
86.200                   0                   0
86.300                   0                   0
86.400                   0                   0
86.500                   0                   0
86.600                   0                   0
86.700                   0                   0
86.800                   0                   0
86.900                   0                   0
87.000                   0                   0
87.100                   0                   0
87.200                   0                   0
87.300                   0                   0
87.400                   0                   0
87.500                   0                   0
87.600                   0                   0
87.700                   0                   0
87.800                   0                   0
87.900                   0                   0
88.000                   0                   0
88.100                   0                   0
88.200                   0                   0
88.300                   0                   0
88.400                   0                   0
88.500                   0                   0
88.600                   0                   0
88.700                   0                   0
88.800                   0                   0
88.900                   0                   0
89.000                   0                   0
89.100                   0                   0
89.200                   0                   0
89.300                   0                   0
89.400                   0                   0
89.500                   0                   0
89.600                   0                   0
89.700                   0                   0
89.800                   0                   0
89.900                   0                   0
90.000                   0                   0
90.100                   0                   0
90.200                   0                   0
90.300                   0                   0
90.400                   0                   0
90.500                   0                   0
90.600                   0                   0
90.700                   0                   0
90.800                   0                   0
90.900                   0                   0
91.000                   0                   0
91.100                   0                   0
91.200                   0                   0
91.300                   0                   0
91.400                   0                   0
91.500                   0                   0
91.600                   0                   0
91.700                   0                   0
91.800                   0                   0
91.900                   0                   0
92.000                   0                   0
92.100                   0                   0
92.200                   0                   0
92.300                   0                   0
92.400                   0                   0
92.500                   0                   0
92.600                   0                   0
92.700                   0                   0
92.800                   0                   0
92.900                   0                   0
93.000                   0                   0
93.100                   0                   0
93.200                   0                   0
93.300                   0                   0
93.400                   0                   0
93.500                   0                   0
93.600                   0                   0
93.700                   0                   0
93.800                   0                   0
93.900                   0                   0
94.000                   0                   0
94.100                   0                   0
94.200                   0                   0
94.300                   0                   0
94.400                   0                   0
94.500                   0                   0
94.600                   0                   0
94.700                   0                   0
94.800                   0                   0
94.900                   0                   0
95.000                   0                   0
95.100                   0                   0
95.200                   0                   0
95.300                   0                   0
95.400                   0                   0
95.500                   0                   0
95.600                   0                   0
95.700                   0                   0
95.800                   0                   0
95.900                   0                   0
96.000                   0                   0
96.100                   0                   0
96.200                   0                   0
96.300                   0                   0
96.400                   0                   0
96.500                   0                   0
96.600                   0                   0
96.700                   0                   0
96.800                   0                   0
96.900                   0                   0
97.000                   0                   0
97.100                   0                   0
97.200                   0                   0
97.300                   0                   0
97.400                   0                   0
97.500                   0                   0
97.600                   0                   0
97.700                   0                   0
97.800                   0                   0
97.900                   0                   0
98.000                   0                   0
98.100                   0                   0
98.200                   0                   0
98.300                   0                   0
98.400                   0                   0
98.500                   0                   0
98.600                   0                   0
98.700                   0                   0
98.800                   0                   0
98.900                   0                   0
99.000                   0                   0
99.100                   0                   0
99.200                   0                   0
99.300                   0                   0
99.400                   0                   0
99.500                   0                   0
99.600                   0                   0
99.700                   0                   0
99.800                   0                   0
99.900                   0                   0
