 0.000             5944156             5150916             7371776
 0.050              522185              251744              795521
 0.100              440823              375505              358530
 0.150              421249              483227              232095
 0.200              430043              540843              187087
 0.250              453687              556447              170167
 0.300              489165              558906              162184
 0.350              536000              567837              162542
 0.400              600064              602043              169278
 0.450              677665              666530              184090
 0.500              779453              757667              202950
 0.550              910996              881210              226995
 0.600             1071909             1045721              254822
 0.650             1295140             1265430              288274
 0.700             1594455             1572992              327251
 0.750             2027254             2028896              375668
 0.800             2688568             2762307              433832
 0.850             3742528             4013761              504315
 0.900             5840033             6381262              594725
 0.950            14066869            16990415             4012387
 1.000           878356130           858920800           845837235
 1.050            70106133            73171656            28470784
 1.100            19953627            27984261            22146254
 1.150             5720166             9264637            21470172
 1.200             1113981             2421701            20959338
 1.250              122733              502778            18211276
 1.300               10572              124382            15062848
 1.350                   8               43531            11941155
 1.400                   6               17663             8564853
 1.450                   2                6990             5358195
 1.500                   0                2397             2910709
 1.550                   0                 788             1344847
 1.600                   0                 256              486714
 1.650                   0                  70              119261
 1.700                   0                  17               16562
 1.750                   0                   7                 879
 1.800                   0                   4                  29
 1.850                   0                   1                   0
 1.900                   0                   1                   0
 1.950                   0                   0                   0
 2.000                   0                   0                   0
 2.050                   0                   1                   0
 2.100                   0                   0                   0
 2.150                   0                   0                   0
 2.200                   0                   0                   0
 2.250                   0                   0                   0
 2.300                   0                   0                   0
 2.350                   0                   0                   0
 2.400                   0                   0                   0
 2.450                   0                   0                   0
 2.500                   0                   0                   0
 2.550                   0                   0                   0
 2.600                   0                   0                   0
 2.650                   0                   0                   0
 2.700                   0                   0                   0
 2.750                   0                   0                   0
 2.800                   0                   0                   0
 2.850                   0                   0                   0
 2.900                   0                   0                   0
 2.950                   0                   0                   0
 3.000                   0                   0                   0
 3.050                   0                   0                   0
 3.100                   0                   0                   0
 3.150                   0                   0                   0
 3.200                   0                   0                   0
 3.250                   0                   0                   0
 3.300                   0                   0                   0
 3.350                   0                   0                   0
 3.400                   0                   0                   0
 3.450                   0                   0                   0
 3.500                   0                   0                   0
 3.550                   0                   0                   0
 3.600                   0                   0                   0
 3.650                   0                   0                   0
 3.700                   0                   0                   0
 3.750                   0                   0                   0
 3.800                   0                   0                   0
 3.850                   0                   0                   0
 3.900                   0                   0                   0
 3.950                   0                   0                   0
 4.000                   0                   0                   0
 4.050                   0                   0                   0
 4.100                   0                   0                   0
 4.150                   0                   0                   0
 4.200                   0                   0                   0
 4.250                   0                   0                   0
 4.300                   0                   0                   0
 4.350                   0                   0                   0
 4.400                   0                   0                   0
 4.450                   0                   0                   0
 4.500                   0                   0                   0
 4.550                   0                   0                   0
 4.600                   0                   0                   0
 4.650                   0                   0                   0
 4.700                   0                   0                   0
 4.750                   0                   0                   0
 4.800                   0                   0                   0
 4.850                   0                   0                   0
 4.900                   0                   0                   0
 4.950                   0                   0                   0
