 0.000             5490555             4877014             5080359
 0.050              367906              234269              331383
 0.100              304661              341882              188480
 0.150              282616              403077              148785
 0.200              278271              403390              145089
 0.250              283659              378780              150932
 0.300              297597              355284              162527
 0.350              319128              351249              177307
 0.400              347219              366804              195395
 0.450              384296              402790              216859
 0.500              433487              454314              244177
 0.550              494314              521208              274278
 0.600              574296              609031              310943
 0.650              672430              713213              355430
 0.700              804413              852021              408307
 0.750              978046             1031570              471024
 0.800             1224412             1268421              551738
 0.850             1563779             1583243              650648
 0.900             2057390             2021853              777206
 0.950             2845680             3054862             1320031
 1.000           909003869           908393868           907486086
 1.050            33092038            32572129            28369062
 1.100            28879199            28409376            16827798
 1.150            20681587            21289983            16574933
 1.200             7649689             8224190            16094007
 1.250             1431865             1611588            12579731
 1.300               81496               98151             7818623
 1.350                 123                 367             2677339
 1.400                   0                  69              234176
 1.450                   0                  18                1368
 1.500                   0                   5                   0
 1.550                   0                   1                   0
 1.600                   0                   0                   0
 1.650                   0                   0                   0
 1.700                   0                   0                   0
 1.750                   0                   1                   0
 1.800                   0                   0                   0
 1.850                   0                   0                   0
 1.900                   0                   0                   0
 1.950                   0                   0                   0
 2.000                   0                   0                   0
 2.050                   0                   0                   0
 2.100                   0                   0                   0
 2.150                   0                   0                   0
 2.200                   0                   0                   0
 2.250                   0                   0                   0
 2.300                   0                   0                   0
 2.350                   0                   0                   0
 2.400                   0                   0                   0
 2.450                   0                   0                   0
 2.500                   0                   0                   0
 2.550                   0                   0                   0
 2.600                   0                   0                   0
 2.650                   0                   0                   0
 2.700                   0                   0                   0
 2.750                   0                   0                   0
 2.800                   0                   0                   0
 2.850                   0                   0                   0
 2.900                   0                   0                   0
 2.950                   0                   0                   0
 3.000                   0                   0                   0
 3.050                   0                   0                   0
 3.100                   0                   0                   0
 3.150                   0                   0                   0
 3.200                   0                   0                   0
 3.250                   0                   0                   0
 3.300                   0                   0                   0
 3.350                   0                   0                   0
 3.400                   0                   0                   0
 3.450                   0                   0                   0
 3.500                   0                   0                   0
 3.550                   0                   0                   0
 3.600                   0                   0                   0
 3.650                   0                   0                   0
 3.700                   0                   0                   0
 3.750                   0                   0                   0
 3.800                   0                   0                   0
 3.850                   0                   0                   0
 3.900                   0                   0                   0
 3.950                   0                   0                   0
 4.000                   0                   0                   0
 4.050                   0                   0                   0
 4.100                   0                   0                   0
 4.150                   0                   0                   0
 4.200                   0                   0                   0
 4.250                   0                   0                   0
 4.300                   0                   0                   0
 4.350                   0                   0                   0
 4.400                   0                   0                   0
 4.450                   0                   0                   0
 4.500                   0                   0                   0
 4.550                   0                   0                   0
 4.600                   0                   0                   0
 4.650                   0                   0                   0
 4.700                   0                   0                   0
 4.750                   0                   0                   0
 4.800                   0                   0                   0
 4.850                   0                   0                   0
 4.900                   0                   0                   0
 4.950                   0                   0                   0
