 0.000             5976335             5148279             8250677
 0.050              561322              302077             1218327
 0.100              475443              420196              513831
 0.150              457672              521736              308391
 0.200              465588              577716              221495
 0.250              491766              595087              185134
 0.300              535729              602002              168958
 0.350              595779              623614              165591
 0.400              669544              672034              168997
 0.450              766323              752352              180289
 0.500              894516              871198              196428
 0.550             1055818             1030424              219188
 0.600             1267067             1250819              245172
 0.650             1544160             1552426              276469
 0.700             1959865             2003377              313492
 0.750             2558798             2689132              358029
 0.800             3521838             3794842              414082
 0.850             5254874             5694288              480002
 0.900             9150676             9351248              564557
 0.950            26041580            31196709             8438505
 1.000           887260418           848779278           816572014
 1.050            49993797            68037539            30392434
 1.100            13953402            23255399            25617540
 1.150             3499654             7204815            25391027
 1.200              435776             1791096            24071609
 1.250               24529              437941            20258047
 1.300                 649              150533            16475715
 1.350                  10               62970            13161168
 1.400                   3               26729             9809570
 1.450                   5               10874             6638248
 1.500                   0                4127             4100596
 1.550                   0                1372             2304386
 1.600                   0                 451             1118317
 1.650                   0                 156              444071
 1.700                   0                  55              136944
 1.750                   0                  31               29262
 1.800                   0                   5                4090
 1.850                   0                   4                 274
 1.900                   0                   1                  10
 1.950                   0                   2                   0
 2.000                   0                   0                   0
 2.050                   0                   1                   0
 2.100                   0                   1                   0
 2.150                   0                   0                   0
 2.200                   0                   0                   0
 2.250                   0                   0                   0
 2.300                   0                   0                   0
 2.350                   0                   0                   0
 2.400                   0                   0                   0
 2.450                   0                   0                   0
 2.500                   0                   0                   0
 2.550                   0                   0                   0
 2.600                   0                   0                   0
 2.650                   0                   0                   0
 2.700                   0                   0                   0
 2.750                   0                   0                   0
 2.800                   0                   0                   0
 2.850                   0                   0                   0
 2.900                   0                   0                   0
 2.950                   0                   0                   0
 3.000                   0                   0                   0
 3.050                   0                   0                   0
 3.100                   0                   0                   0
 3.150                   0                   0                   0
 3.200                   0                   0                   0
 3.250                   0                   0                   0
 3.300                   0                   0                   0
 3.350                   0                   0                   0
 3.400                   0                   0                   0
 3.450                   0                   0                   0
 3.500                   0                   0                   0
 3.550                   0                   0                   0
 3.600                   0                   0                   0
 3.650                   0                   0                   0
 3.700                   0                   0                   0
 3.750                   0                   0                   0
 3.800                   0                   0                   0
 3.850                   0                   0                   0
 3.900                   0                   0                   0
 3.950                   0                   0                   0
 4.000                   0                   0                   0
 4.050                   0                   0                   0
 4.100                   0                   0                   0
 4.150                   0                   0                   0
 4.200                   0                   0                   0
 4.250                   0                   0                   0
 4.300                   0                   0                   0
 4.350                   0                   0                   0
 4.400                   0                   0                   0
 4.450                   0                   0                   0
 4.500                   0                   0                   0
 4.550                   0                   0                   0
 4.600                   0                   0                   0
 4.650                   0                   0                   0
 4.700                   0                   0                   0
 4.750                   0                   0                   0
 4.800                   0                   0                   0
 4.850                   0                   0                   0
 4.900                   0                   0                   0
 4.950                   0                   0                   0
