 0.000             5833604             4995748            10701304
 0.050              645603              359381             2172231
 0.100              558398              472685              932277
 0.150              543018              577236              596894
 0.200              566296              647161              412839
 0.250              607968              685240              285594
 0.300              668291              715399              213858
 0.350              747739              766482              183807
 0.400              855223              850570              173906
 0.450              986918              973410              177031
 0.500             1157387             1152901              187630
 0.550             1382808             1410302              205514
 0.600             1681688             1789748              227673
 0.650             2104095             2365957              254629
 0.700             2743230             3264584              287111
 0.750             3794318             4687936              327430
 0.800             5844136             6955797              376300
 0.850            10381635            10849632              434874
 0.900            23247517            19732001              509322
 0.950           127419186           128972097            43557828
 1.000           788819329           742852755           719621064
 1.050            27939154            56410880            37101386
 1.100             7523375            17944794            33941880
 1.150             1246807             5385577            34959427
 1.200               68864             1568799            31411214
 1.250                6267              565787            25257378
 1.300                 260              237685            19883699
 1.350                   9              104482            15830841
 1.400                   3               45421            12277808
 1.450                   0               19345             9014723
 1.500                   0                7861             6299186
 1.550                   0                3190             4197243
 1.600                   0                1298             2601973
 1.650                   0                 514             1471300
 1.700                   0                 257              748995
 1.750                   0                 103              340438
 1.800                   0                  54              135367
 1.850                   0                  20               45408
 1.900                   0                  12               12435
 1.950                   0                  10                2766
 2.000                   0                   3                 486
 2.050                   0                   4                  54
 2.100                   0                   5                   2
 2.150                   0                   1                   1
 2.200                   0                   1                   0
 2.250                   0                   0                   0
 2.300                   0                   0                   0
 2.350                   0                   0                   0
 2.400                   0                   0                   0
 2.450                   0                   0                   0
 2.500                   0                   0                   0
 2.550                   0                   0                   0
 2.600                   0                   0                   0
 2.650                   0                   0                   0
 2.700                   0                   0                   0
 2.750                   0                   1                   0
 2.800                   0                   0                   0
 2.850                   0                   0                   0
 2.900                   0                   0                   0
 2.950                   0                   0                   0
 3.000                   0                   0                   0
 3.050                   0                   0                   0
 3.100                   0                   0                   0
 3.150                   0                   0                   0
 3.200                   0                   0                   0
 3.250                   0                   0                   0
 3.300                   0                   0                   0
 3.350                   0                   0                   0
 3.400                   0                   0                   0
 3.450                   0                   0                   0
 3.500                   0                   0                   0
 3.550                   0                   0                   0
 3.600                   0                   0                   0
 3.650                   0                   0                   0
 3.700                   0                   0                   0
 3.750                   0                   0                   0
 3.800                   0                   0                   0
 3.850                   0                   0                   0
 3.900                   0                   0                   0
 3.950                   0                   0                   0
 4.000                   0                   0                   0
 4.050                   0                   0                   0
 4.100                   0                   0                   0
 4.150                   0                   0                   0
 4.200                   0                   0                   0
 4.250                   0                   0                   0
 4.300                   0                   0                   0
 4.350                   0                   0                   0
 4.400                   0                   0                   0
 4.450                   0                   0                   0
 4.500                   0                   0                   0
 4.550                   0                   0                   0
 4.600                   0                   0                   0
 4.650                   0                   0                   0
 4.700                   0                   0                   0
 4.750                   0                   0                   0
 4.800                   0                   0                   0
 4.850                   0                   0                   0
 4.900                   0                   0                   0
 4.950                   0                   0                   0
