 0.000             5954118             5203777             6555337
 0.050              480388              206715              524641
 0.100              399305              314737              275361
 0.150              377325              422920              199891
 0.200              374772              485787              176595
 0.250              388250              501366              162172
 0.300              410300              497347              155293
 0.350              443275              494428              160353
 0.400              486598              511869              172648
 0.450              543503              551178              189164
 0.500              614851              612928              209511
 0.550              709150              700612              235509
 0.600              830119              821975              265354
 0.650              990396              979184              300296
 0.700             1210514             1197792              342578
 0.750             1526810             1520438              392299
 0.800             2011419             2034897              454955
 0.850             2807585             2932741              530484
 0.900             4353028             4614230              626265
 0.950             9113115            10296081             2269974
 1.000           877328165           871050424           868767877
 1.050            67732074            63879219            26283437
 1.100            28037682            32578595            19677971
 1.150             9921673            12813921            18710747
 1.200             2783147             4071505            18447096
 1.250              445954              852852            16539957
 1.300               29127              119496            13734514
 1.350                 358               23415            10710274
 1.400                   0                8234             7168275
 1.450                   0                2920             3873663
 1.500                   0                1003             1623203
 1.550                   0                 307              483449
 1.600                   0                  82               79148
 1.650                   0                  20                4660
 1.700                   0                   6                  50
 1.750                   0                   0                   0
 1.800                   0                   0                   0
 1.850                   0                   0                   0
 1.900                   0                   0                   0
 1.950                   0                   0                   0
 2.000                   0                   0                   0
 2.050                   0                   0                   0
 2.100                   0                   0                   0
 2.150                   0                   0                   0
 2.200                   0                   0                   0
 2.250                   0                   0                   0
 2.300                   0                   0                   0
 2.350                   0                   0                   0
 2.400                   0                   0                   0
 2.450                   0                   0                   0
 2.500                   0                   0                   0
 2.550                   0                   0                   0
 2.600                   0                   0                   0
 2.650                   0                   0                   0
 2.700                   0                   0                   0
 2.750                   0                   0                   0
 2.800                   0                   0                   0
 2.850                   0                   0                   0
 2.900                   0                   0                   0
 2.950                   0                   0                   0
 3.000                   0                   0                   0
 3.050                   0                   0                   0
 3.100                   0                   0                   0
 3.150                   0                   0                   0
 3.200                   0                   0                   0
 3.250                   0                   0                   0
 3.300                   0                   0                   0
 3.350                   0                   0                   0
 3.400                   0                   0                   0
 3.450                   0                   0                   0
 3.500                   0                   0                   0
 3.550                   0                   0                   0
 3.600                   0                   0                   0
 3.650                   0                   0                   0
 3.700                   0                   0                   0
 3.750                   0                   0                   0
 3.800                   0                   0                   0
 3.850                   0                   0                   0
 3.900                   0                   0                   0
 3.950                   0                   0                   0
 4.000                   0                   0                   0
 4.050                   0                   0                   0
 4.100                   0                   0                   0
 4.150                   0                   0                   0
 4.200                   0                   0                   0
 4.250                   0                   0                   0
 4.300                   0                   0                   0
 4.350                   0                   0                   0
 4.400                   0                   0                   0
 4.450                   0                   0                   0
 4.500                   0                   0                   0
 4.550                   0                   0                   0
 4.600                   0                   0                   0
 4.650                   0                   0                   0
 4.700                   0                   0                   0
 4.750                   0                   0                   0
 4.800                   0                   0                   0
 4.850                   0                   0                   0
 4.900                   0                   0                   0
 4.950                   0                   0                   0
