 0.000             5821147             4981962            10444318
 0.050              637081              347770             2091308
 0.100              552511              468233              899023
 0.150              543684              576690              574020
 0.200              562303              641673              396168
 0.250              596847              679672              273877
 0.300              652450              706679              208364
 0.350              723220              749047              181503
 0.400              819570              825150              173277
 0.450              940129              940833              176859
 0.500             1107751             1112407              188341
 0.550             1322668             1363186              206252
 0.600             1615185             1729450              228670
 0.650             2054121             2283344              256189
 0.700             2704918             3146006              288876
 0.750             3776760             4513475              329584
 0.800             5797702             6707659              378594
 0.850             9858975            10446191              437960
 0.900            21499641            18695700              513000
 0.950           114045391           116672849            39055776
 1.000           804134931           757069805           729407416
 1.050            28457160            56779674            36598605
 1.100             7954635            18173370            32990036
 1.150             1362122             5486461            34116155
 1.200               89474             1578391            30861337
 1.250                7672              555056            24902182
 1.300                 123              230910            19613577
 1.350                  13              101244            15621929
 1.400                   2               44065            12094866
 1.450                   0               18585             8847554
 1.500                   0                7545             6151665
 1.550                   0                2963             4067443
 1.600                   0                1211             2497970
 1.650                   0                 496             1393753
 1.700                   0                 232              696400
 1.750                   0                 104              307648
 1.800                   0                  49              117953
 1.850                   0                  17               37770
 1.900                   0                   9                9649
 1.950                   0                   7                1995
 2.000                   0                   6                 293
 2.050                   0                   3                  29
 2.100                   0                   5                   1
 2.150                   0                   0                   1
 2.200                   0                   1                   0
 2.250                   0                   0                   0
 2.300                   0                   0                   0
 2.350                   0                   0                   0
 2.400                   0                   0                   0
 2.450                   0                   0                   0
 2.500                   0                   0                   0
 2.550                   0                   0                   0
 2.600                   0                   0                   0
 2.650                   0                   0                   0
 2.700                   0                   0                   0
 2.750                   0                   1                   0
 2.800                   0                   0                   0
 2.850                   0                   0                   0
 2.900                   0                   0                   0
 2.950                   0                   0                   0
 3.000                   0                   0                   0
 3.050                   0                   0                   0
 3.100                   0                   0                   0
 3.150                   0                   0                   0
 3.200                   0                   0                   0
 3.250                   0                   0                   0
 3.300                   0                   0                   0
 3.350                   0                   0                   0
 3.400                   0                   0                   0
 3.450                   0                   0                   0
 3.500                   0                   0                   0
 3.550                   0                   0                   0
 3.600                   0                   0                   0
 3.650                   0                   0                   0
 3.700                   0                   0                   0
 3.750                   0                   0                   0
 3.800                   0                   0                   0
 3.850                   0                   0                   0
 3.900                   0                   0                   0
 3.950                   0                   0                   0
 4.000                   0                   0                   0
 4.050                   0                   0                   0
 4.100                   0                   0                   0
 4.150                   0                   0                   0
 4.200                   0                   0                   0
 4.250                   0                   0                   0
 4.300                   0                   0                   0
 4.350                   0                   0                   0
 4.400                   0                   0                   0
 4.450                   0                   0                   0
 4.500                   0                   0                   0
 4.550                   0                   0                   0
 4.600                   0                   0                   0
 4.650                   0                   0                   0
 4.700                   0                   0                   0
 4.750                   0                   0                   0
 4.800                   0                   0                   0
 4.850                   0                   0                   0
 4.900                   0                   0                   0
 4.950                   0                   0                   0
