 0.000             5938867             5095069             8920483
 0.050              591008              324265             1494636
 0.100              505511              435689              648872
 0.150              489966              536654              391004
 0.200              502235              599609              264868
 0.250              532534              630020              204680
 0.300              579844              646035              177517
 0.350              640535              673827              168619
 0.400              721303              727153              169338
 0.450              827741              819646              178319
 0.500              967041              954465              193628
 0.550             1152609             1140879              213796
 0.600             1393783             1408160              239157
 0.650             1731633             1790146              269037
 0.700             2223456             2357700              304422
 0.750             3005491             3249311              347855
 0.800             4319253             4702149              400988
 0.850             6719108             7186145              464631
 0.900            12196989            12058102              545999
 0.950            42782590            48874795            14524532
 1.000           878022485           832450085           793267365
 1.050            39188716            62772651            31680506
 1.100            11090914            20648227            27338542
 1.150             2620306             6476175            28347150
 1.200              248273             1668653            26458890
 1.250               15269              472815            21776982
 1.300                1018              178331            17457359
 1.350                   5               77105            13974867
 1.400                   1               32816            10624546
 1.450                   0               13525             7432633
 1.500                   0                5264             4842769
 1.550                   0                1936             2937313
 1.600                   0                 669             1596460
 1.650                   0                 234              746101
 1.700                   0                  94              289446
 1.750                   0                  47               89844
 1.800                   0                  18               21379
 1.850                   0                  10                3527
 1.900                   0                   2                 400
 1.950                   0                   2                  21
 2.000                   0                   2                   3
 2.050                   0                   1                   0
 2.100                   0                   0                   0
 2.150                   0                   1                   0
 2.200                   0                   1                   0
 2.250                   0                   0                   0
 2.300                   0                   0                   0
 2.350                   0                   0                   0
 2.400                   0                   0                   0
 2.450                   0                   1                   0
 2.500                   0                   0                   0
 2.550                   0                   0                   0
 2.600                   0                   0                   0
 2.650                   0                   0                   0
 2.700                   0                   0                   0
 2.750                   0                   0                   0
 2.800                   0                   0                   0
 2.850                   0                   0                   0
 2.900                   0                   0                   0
 2.950                   0                   0                   0
 3.000                   0                   0                   0
 3.050                   0                   0                   0
 3.100                   0                   0                   0
 3.150                   0                   0                   0
 3.200                   0                   0                   0
 3.250                   0                   0                   0
 3.300                   0                   0                   0
 3.350                   0                   0                   0
 3.400                   0                   0                   0
 3.450                   0                   0                   0
 3.500                   0                   0                   0
 3.550                   0                   0                   0
 3.600                   0                   0                   0
 3.650                   0                   0                   0
 3.700                   0                   0                   0
 3.750                   0                   0                   0
 3.800                   0                   0                   0
 3.850                   0                   0                   0
 3.900                   0                   0                   0
 3.950                   0                   0                   0
 4.000                   0                   0                   0
 4.050                   0                   0                   0
 4.100                   0                   0                   0
 4.150                   0                   0                   0
 4.200                   0                   0                   0
 4.250                   0                   0                   0
 4.300                   0                   0                   0
 4.350                   0                   0                   0
 4.400                   0                   0                   0
 4.450                   0                   0                   0
 4.500                   0                   0                   0
 4.550                   0                   0                   0
 4.600                   0                   0                   0
 4.650                   0                   0                   0
 4.700                   0                   0                   0
 4.750                   0                   0                   0
 4.800                   0                   0                   0
 4.850                   0                   0                   0
 4.900                   0                   0                   0
 4.950                   0                   0                   0
