 0.000             5744877             4912463            12010250
 0.050              645473              359204             2567477
 0.100              555621              470633             1109577
 0.150              544477              575359              724205
 0.200              566196              645855              499317
 0.250              609025              692623              342785
 0.300              674273              735887              247072
 0.350              768209              804547              199716
 0.400              892158              909097              180126
 0.450             1055063             1065154              178276
 0.500             1280913             1290711              186097
 0.550             1585791             1616847              201883
 0.600             1982572             2110760              222500
 0.650             2532471             2870585              248120
 0.700             3356931             4051540              278974
 0.750             4674174             5885951              317795
 0.800             7181322             8717888              364375
 0.850            13153886            13566092              421022
 0.900            33388179            25791981              491062
 0.950           214460677           207912833            72585485
 1.000           689834556           652240378           661325314
 1.050            23346270            53681083            40906597
 1.100             5665075            16738365            38605127
 1.150              707970             4918505            39593042
 1.200               35096             1577478            34453560
 1.250                 422              615188            27101894
 1.300                  35              269610            21205195
 1.350                  18              121135            16889739
 1.400                   5               53859            13198468
 1.450                   1               23254             9845803
 1.500                   0                9584             7041504
 1.550                   0                4085             4826235
 1.600                   0                1725             3112785
 1.650                   0                 751             1858250
 1.700                   0                 359             1016149
 1.750                   0                 184              510879
 1.800                   0                  98              232927
 1.850                   0                  34               94931
 1.900                   0                  15               33847
 1.950                   0                  14               10191
 2.000                   0                   7                2518
 2.050                   0                   6                 580
 2.100                   0                   4                  77
 2.150                   0                   1                   9
 2.200                   0                   2                   1
 2.250                   0                   1                   0
 2.300                   0                   0                   0
 2.350                   0                   0                   0
 2.400                   0                   0                   0
 2.450                   0                   0                   0
 2.500                   0                   0                   0
 2.550                   0                   0                   0
 2.600                   0                   0                   0
 2.650                   0                   0                   0
 2.700                   0                   0                   0
 2.750                   0                   1                   0
 2.800                   0                   0                   0
 2.850                   0                   0                   0
 2.900                   0                   0                   0
 2.950                   0                   0                   0
 3.000                   0                   0                   0
 3.050                   0                   0                   0
 3.100                   0                   0                   0
 3.150                   0                   0                   0
 3.200                   0                   0                   0
 3.250                   0                   0                   0
 3.300                   0                   0                   0
 3.350                   0                   0                   0
 3.400                   0                   0                   0
 3.450                   0                   0                   0
 3.500                   0                   0                   0
 3.550                   0                   0                   0
 3.600                   0                   0                   0
 3.650                   0                   0                   0
 3.700                   0                   0                   0
 3.750                   0                   0                   0
 3.800                   0                   0                   0
 3.850                   0                   0                   0
 3.900                   0                   0                   0
 3.950                   0                   0                   0
 4.000                   0                   0                   0
 4.050                   0                   0                   0
 4.100                   0                   0                   0
 4.150                   0                   0                   0
 4.200                   0                   0                   0
 4.250                   0                   0                   0
 4.300                   0                   0                   0
 4.350                   0                   0                   0
 4.400                   0                   0                   0
 4.450                   0                   0                   0
 4.500                   0                   0                   0
 4.550                   0                   0                   0
 4.600                   0                   0                   0
 4.650                   0                   0                   0
 4.700                   0                   0                   0
 4.750                   0                   0                   0
 4.800                   0                   0                   0
 4.850                   0                   0                   0
 4.900                   0                   0                   0
 4.950                   0                   0                   0
