 0.000             5748582             4912699            12272502
 0.050              655272              364390             2640855
 0.100              566680              478175             1143797
 0.150              556312              582371              746418
 0.200              576955              652174              515750
 0.250              621563              699801              352621
 0.300              687506              747545              253042
 0.350              774474              813908              203030
 0.400              893240              919551              181510
 0.450             1057118             1076692              178596
 0.500             1276566             1308092              185934
 0.550             1587821             1645236              201464
 0.600             2002851             2153180              221749
 0.650             2579799             2943005              247003
 0.700             3426808             4174758              277769
 0.750             4800473             6091952              315999
 0.800             7506064             9059440              362418
 0.850            13888922            14137369              418782
 0.900            35373671            27067791              488285
 0.950           233157102           224153782            78217432
 1.000           668085668           633256074           649973098
 1.050            22834248            53326672            41862672
 1.100             5340611            16520217            39468565
 1.150              643662             4877852            40385761
 1.200               30131             1586669            35033737
 1.250                 137              625427            27441196
 1.300                  53              276255            21437333
 1.350                   8              124166            17070639
 1.400                  11               55435            13355460
 1.450                   0               23810             9983791
 1.500                   2               10131             7166314
 1.550                   1                4311             4932026
 1.600                   1                1841             3199225
 1.650                   1                 775             1923170
 1.700                   0                 390             1062711
 1.750                   0                 175              541252
 1.800                   0                  99              250836
 1.850                   0                  47              104853
 1.900                   0                  20               38532
 1.950                   0                  11               12153
 2.000                   0                   8                3137
 2.050                   0                   8                 761
 2.100                   0                   4                 122
 2.150                   0                   1                  12
 2.200                   0                   1                   1
 2.250                   0                   2                   0
 2.300                   0                   0                   0
 2.350                   0                   0                   0
 2.400                   0                   0                   0
 2.450                   0                   0                   0
 2.500                   0                   0                   0
 2.550                   0                   0                   0
 2.600                   0                   0                   0
 2.650                   0                   0                   0
 2.700                   0                   0                   0
 2.750                   0                   1                   0
 2.800                   0                   0                   0
 2.850                   0                   0                   0
 2.900                   0                   0                   0
 2.950                   0                   0                   0
 3.000                   0                   0                   0
 3.050                   0                   0                   0
 3.100                   0                   0                   0
 3.150                   0                   0                   0
 3.200                   0                   0                   0
 3.250                   0                   0                   0
 3.300                   0                   0                   0
 3.350                   0                   0                   0
 3.400                   0                   0                   0
 3.450                   0                   0                   0
 3.500                   0                   0                   0
 3.550                   0                   0                   0
 3.600                   0                   0                   0
 3.650                   0                   0                   0
 3.700                   0                   0                   0
 3.750                   0                   0                   0
 3.800                   0                   0                   0
 3.850                   0                   0                   0
 3.900                   0                   0                   0
 3.950                   0                   0                   0
 4.000                   0                   0                   0
 4.050                   0                   0                   0
 4.100                   0                   0                   0
 4.150                   0                   0                   0
 4.200                   0                   0                   0
 4.250                   0                   0                   0
 4.300                   0                   0                   0
 4.350                   0                   0                   0
 4.400                   0                   0                   0
 4.450                   0                   0                   0
 4.500                   0                   0                   0
 4.550                   0                   0                   0
 4.600                   0                   0                   0
 4.650                   0                   0                   0
 4.700                   0                   0                   0
 4.750                   0                   0                   0
 4.800                   0                   0                   0
 4.850                   0                   0                   0
 4.900                   0                   0                   0
 4.950                   0                   0                   0
