 0.000             5914702             5066429             9150452
 0.050              594887              327473             1574926
 0.100              509041              438192              691197
 0.150              492667              539352              421350
 0.200              505669              603460              282384
 0.250              539214              636496              213380
 0.300              589549              656642              180941
 0.350              655316              688286              169934
 0.400              740446              745628              169936
 0.450              853982              840804              177656
 0.500              998594              981016              192680
 0.550             1187986             1181551              212312
 0.600             1445969             1460404              237320
 0.650             1800539             1869670              266946
 0.700             2324735             2485311              301450
 0.750             3146998             3451823              344946
 0.800             4539000             5016339              396866
 0.850             7148104             7676964              459732
 0.900            13689169            13048087              540761
 0.950            49919099            56417009            17231064
 1.000           871677386           824672922           784720759
 1.050            36538596            61349462            32395402
 1.100            10492310            20005715            27922877
 1.150             2326316             6249951            29226210
 1.200              209883             1636602            27206630
 1.250               13438              483552            22288197
 1.300                1110              186766            17795403
 1.350                   5               81111            14231981
 1.400                   0               34541            10867750
 1.450                   0               14230             7680250
 1.500                   0                5601             5066457
 1.550                   0                2125             3132838
 1.600                   0                 720             1748692
 1.650                   0                 270              850095
 1.700                   0                 113              349400
 1.750                   0                  44              117354
 1.800                   0                  24               31230
 1.850                   0                  13                6039
 1.900                   0                   3                 852
 1.950                   0                   3                  57
 2.000                   0                   2                   4
 2.050                   0                   1                   0
 2.100                   0                   0                   0
 2.150                   0                   1                   0
 2.200                   0                   0                   0
 2.250                   0                   1                   0
 2.300                   0                   1                   0
 2.350                   0                   0                   0
 2.400                   0                   0                   0
 2.450                   0                   0                   0
 2.500                   0                   0                   0
 2.550                   0                   0                   0
 2.600                   0                   0                   0
 2.650                   0                   0                   0
 2.700                   0                   0                   0
 2.750                   0                   0                   0
 2.800                   0                   0                   0
 2.850                   0                   0                   0
 2.900                   0                   0                   0
 2.950                   0                   0                   0
 3.000                   0                   0                   0
 3.050                   0                   0                   0
 3.100                   0                   0                   0
 3.150                   0                   0                   0
 3.200                   0                   0                   0
 3.250                   0                   0                   0
 3.300                   0                   0                   0
 3.350                   0                   0                   0
 3.400                   0                   0                   0
 3.450                   0                   0                   0
 3.500                   0                   0                   0
 3.550                   0                   0                   0
 3.600                   0                   0                   0
 3.650                   0                   0                   0
 3.700                   0                   0                   0
 3.750                   0                   0                   0
 3.800                   0                   0                   0
 3.850                   0                   0                   0
 3.900                   0                   0                   0
 3.950                   0                   0                   0
 4.000                   0                   0                   0
 4.050                   0                   0                   0
 4.100                   0                   0                   0
 4.150                   0                   0                   0
 4.200                   0                   0                   0
 4.250                   0                   0                   0
 4.300                   0                   0                   0
 4.350                   0                   0                   0
 4.400                   0                   0                   0
 4.450                   0                   0                   0
 4.500                   0                   0                   0
 4.550                   0                   0                   0
 4.600                   0                   0                   0
 4.650                   0                   0                   0
 4.700                   0                   0                   0
 4.750                   0                   0                   0
 4.800                   0                   0                   0
 4.850                   0                   0                   0
 4.900                   0                   0                   0
 4.950                   0                   0                   0
