 0.000             5739341             4914859            11486730
 0.050              624480              351754             2406642
 0.100              545744              466075             1043516
 0.150              537504              571775              672933
 0.200              564628              642374              465007
 0.250              616772              691581              320902
 0.300              690853              736790              234149
 0.350              783235              800117              192672
 0.400              907598              897562              177465
 0.450             1055576             1044644              177554
 0.500             1258701             1255025              186525
 0.550             1521190             1557814              203156
 0.600             1886536             2007547              224229
 0.650             2420658             2688572              250719
 0.700             3172340             3753222              281576
 0.750             4336080             5418010              321525
 0.800             6551666             8012087              368686
 0.850            11801689            12415641              426026
 0.900            29184358            23220621              497610
 0.950           177019441           174272681            60476531
 1.000           732611925           691035822           685182612
 1.050            25148723            54584918            39304734
 1.100             6365542            17261890            36749140
 1.150              863163             5042142            37818034
 1.200               49065             1563983            33191590
 1.250                1432              592753            26383456
 1.300                  90              256467            20702632
 1.350                  70              114644            16487274
 1.400                  36               50208            12849064
 1.450                  14               21588             9535200
 1.500                  12                8797             6761327
 1.550                   6                3695             4587459
 1.600                   2                1533             2921690
 1.650                   5                 665             1710811
 1.700                   0                 336              913394
 1.750                   0                 141              444890
 1.800                   0                  74              194151
 1.850                   0                  25               74462
 1.900                   0                  15               24078
 1.950                   1                  10                6573
 2.000                   0                   4                1462
 2.050                   0                   5                 256
 2.100                   0                   6                  31
 2.150                   0                   0                   3
 2.200                   0                   2                   0
 2.250                   0                   1                   0
 2.300                   0                   0                   0
 2.350                   0                   0                   0
 2.400                   0                   0                   0
 2.450                   0                   0                   0
 2.500                   0                   0                   0
 2.550                   0                   0                   0
 2.600                   0                   0                   0
 2.650                   0                   0                   0
 2.700                   0                   0                   0
 2.750                   0                   1                   0
 2.800                   0                   0                   0
 2.850                   0                   0                   0
 2.900                   0                   0                   0
 2.950                   0                   0                   0
 3.000                   0                   0                   0
 3.050                   0                   0                   0
 3.100                   0                   0                   0
 3.150                   0                   0                   0
 3.200                   0                   0                   0
 3.250                   0                   0                   0
 3.300                   0                   0                   0
 3.350                   0                   0                   0
 3.400                   0                   0                   0
 3.450                   0                   0                   0
 3.500                   0                   0                   0
 3.550                   0                   0                   0
 3.600                   0                   0                   0
 3.650                   0                   0                   0
 3.700                   0                   0                   0
 3.750                   0                   0                   0
 3.800                   0                   0                   0
 3.850                   0                   0                   0
 3.900                   0                   0                   0
 3.950                   0                   0                   0
 4.000                   0                   0                   0
 4.050                   0                   0                   0
 4.100                   0                   0                   0
 4.150                   0                   0                   0
 4.200                   0                   0                   0
 4.250                   0                   0                   0
 4.300                   0                   0                   0
 4.350                   0                   0                   0
 4.400                   0                   0                   0
 4.450                   0                   0                   0
 4.500                   0                   0                   0
 4.550                   0                   0                   0
 4.600                   0                   0                   0
 4.650                   0                   0                   0
 4.700                   0                   0                   0
 4.750                   0                   0                   0
 4.800                   0                   0                   0
 4.850                   0                   0                   0
 4.900                   0                   0                   0
 4.950                   0                   0                   0
