 0.000             5885391             5049215             9599741
 0.050              601735              329586             1746297
 0.100              514278              442687              758581
 0.150              496150              544179              478404
 0.200              510354              607028              319835
 0.250              543331              638196              230640
 0.300              593581              659854              188678
 0.350              665535              693929              173403
 0.400              759737              762513              170841
 0.450              885795              869108              177114
 0.500             1046347             1027040              190915
 0.550             1256252             1251420              210112
 0.600             1531757             1565471              233958
 0.650             1928451             2026746              263411
 0.700             2501166             2726360              296505
 0.750             3406691             3826668              339329
 0.800             4954607             5605926              390279
 0.850             8031656             8616739              452059
 0.900            16481130            14933935              530467
 0.950            66687845            73043108            23212735
 1.000           854473082           806373832           767508716
 1.050            32925659            59178435            33829507
 1.100             9856837            19433606            29428194
 1.150             1812514             5868693            30797963
 1.200              161934             1594165            28514296
 1.250                6148              499089            23225925
 1.300                 668              200598            18429309
 1.350                   5               87075            14705650
 1.400                   2               37728            11295931
 1.450                   2               15659             8106659
 1.500                   0                6167             5464972
 1.550                   0                2373             3472359
 1.600                   0                 904             2019048
 1.650                   0                 347             1043516
 1.700                   0                 137              466475
 1.750                   0                  61              175927
 1.800                   0                  28               54796
 1.850                   0                  15               13379
 1.900                   0                   5                2398
 1.950                   0                   6                 293
 2.000                   0                   4                  21
 2.050                   0                   1                   2
 2.100                   0                   1                   0
 2.150                   0                   1                   0
 2.200                   0                   0                   0
 2.250                   0                   0                   0
 2.300                   0                   1                   0
 2.350                   0                   0                   0
 2.400                   0                   0                   0
 2.450                   0                   0                   0
 2.500                   0                   1                   0
 2.550                   0                   0                   0
 2.600                   0                   0                   0
 2.650                   0                   0                   0
 2.700                   0                   0                   0
 2.750                   0                   0                   0
 2.800                   0                   0                   0
 2.850                   0                   0                   0
 2.900                   0                   0                   0
 2.950                   0                   0                   0
 3.000                   0                   0                   0
 3.050                   0                   0                   0
 3.100                   0                   0                   0
 3.150                   0                   0                   0
 3.200                   0                   0                   0
 3.250                   0                   0                   0
 3.300                   0                   0                   0
 3.350                   0                   0                   0
 3.400                   0                   0                   0
 3.450                   0                   0                   0
 3.500                   0                   0                   0
 3.550                   0                   0                   0
 3.600                   0                   0                   0
 3.650                   0                   0                   0
 3.700                   0                   0                   0
 3.750                   0                   0                   0
 3.800                   0                   0                   0
 3.850                   0                   0                   0
 3.900                   0                   0                   0
 3.950                   0                   0                   0
 4.000                   0                   0                   0
 4.050                   0                   0                   0
 4.100                   0                   0                   0
 4.150                   0                   0                   0
 4.200                   0                   0                   0
 4.250                   0                   0                   0
 4.300                   0                   0                   0
 4.350                   0                   0                   0
 4.400                   0                   0                   0
 4.450                   0                   0                   0
 4.500                   0                   0                   0
 4.550                   0                   0                   0
 4.600                   0                   0                   0
 4.650                   0                   0                   0
 4.700                   0                   0                   0
 4.750                   0                   0                   0
 4.800                   0                   0                   0
 4.850                   0                   0                   0
 4.900                   0                   0                   0
 4.950                   0                   0                   0
