 0.000             6017573             5188312             8515848
 0.050              576491              310424             1325338
 0.100              493411              426716              561277
 0.150              472033              525213              336558
 0.200              483319              583944              234876
 0.250              509243              609445              191093
 0.300              549810              621430              171926
 0.350              606218              643250              166170
 0.400              681019              691673              168982
 0.450              782292              776465              179642
 0.500              913942              899939              195233
 0.550             1086232             1069511              217313
 0.600             1319164             1306489              242773
 0.650             1620601             1632874              273612
 0.700             2058384             2119088              310345
 0.750             2715497             2871575              354123
 0.800             3762198             4093344              408982
 0.850             5621521             6165560              474268
 0.900             9993517            10184729              557973
 0.950            31117705            36614155            10344503
 1.000           886118517           844349083           808595967
 1.050            45347445            65932254            30680349
 1.100            12936180            22272737            26201240
 1.150             3140354             6945929            26542887
 1.200              338197             1725601            24909677
 1.250               17495              442892            20792702
 1.300                 356              159927            16820988
 1.350                   3               68342            13467939
 1.400                   0               28922            10109227
 1.450                   0               11812             6932850
 1.500                   0                4660             4375964
 1.550                   0                1602             2538783
 1.600                   0                 511             1289116
 1.650                   0                 190              547975
 1.700                   0                  64              185925
 1.750                   0                  29               47201
 1.800                   0                  13                8158
 1.850                   0                   5                 887
 1.900                   0                   3                  44
 1.950                   0                   2                   3
 2.000                   0                   1                   0
 2.050                   0                   0                   0
 2.100                   0                   1                   0
 2.150                   0                   1                   0
 2.200                   0                   0                   0
 2.250                   0                   0                   0
 2.300                   0                   0                   0
 2.350                   0                   0                   0
 2.400                   0                   0                   0
 2.450                   0                   0                   0
 2.500                   0                   0                   0
 2.550                   0                   0                   0
 2.600                   0                   0                   0
 2.650                   0                   0                   0
 2.700                   0                   0                   0
 2.750                   0                   0                   0
 2.800                   0                   0                   0
 2.850                   0                   0                   0
 2.900                   0                   0                   0
 2.950                   0                   0                   0
 3.000                   0                   0                   0
 3.050                   0                   0                   0
 3.100                   0                   0                   0
 3.150                   0                   0                   0
 3.200                   0                   0                   0
 3.250                   0                   0                   0
 3.300                   0                   0                   0
 3.350                   0                   0                   0
 3.400                   0                   0                   0
 3.450                   0                   0                   0
 3.500                   0                   0                   0
 3.550                   0                   0                   0
 3.600                   0                   0                   0
 3.650                   0                   0                   0
 3.700                   0                   0                   0
 3.750                   0                   0                   0
 3.800                   0                   0                   0
 3.850                   0                   0                   0
 3.900                   0                   0                   0
 3.950                   0                   0                   0
 4.000                   0                   0                   0
 4.050                   0                   0                   0
 4.100                   0                   0                   0
 4.150                   0                   0                   0
 4.200                   0                   0                   0
 4.250                   0                   0                   0
 4.300                   0                   0                   0
 4.350                   0                   0                   0
 4.400                   0                   0                   0
 4.450                   0                   0                   0
 4.500                   0                   0                   0
 4.550                   0                   0                   0
 4.600                   0                   0                   0
 4.650                   0                   0                   0
 4.700                   0                   0                   0
 4.750                   0                   0                   0
 4.800                   0                   0                   0
 4.850                   0                   0                   0
 4.900                   0                   0                   0
 4.950                   0                   0                   0
