 0.000             5867446             5163326             6023654
 0.050              440867              182291              404602
 0.100              365430              280574              250187
 0.150              341250              386301              196048
 0.200              336580              446713              169105
 0.250              345049              459819              152358
 0.300              362340              450872              152233
 0.350              392566              446838              162328
 0.400              433851              460541              175704
 0.450              486901              496169              194292
 0.500              550689              552916              215841
 0.550              637199              632775              242934
 0.600              748893              739806              273700
 0.650              898513              885689              310226
 0.700             1089772             1077160              355364
 0.750             1353400             1352355              406850
 0.800             1737933             1772149              471818
 0.850             2357079             2463518              552245
 0.900             3518593             3678745              652977
 0.950             6508906             7220576             1734273
 1.000           884559361           882423199           882292859
 1.050            55750997            51738880            25917944
 1.100            32791760            34874724            17670404
 1.150            13170705            15227483            17562151
 1.200             4444998             5561617            17244737
 1.250              955125             1370913            15337350
 1.300               84117              166857            12741653
 1.350                1707               13970             9615321
 1.400                   0                3537             5787586
 1.450                   0                1179             2498041
 1.500                   0                 394              677774
 1.550                   0                 111               86383
 1.600                   0                  21                3059
 1.650                   0                   6                  26
 1.700                   0                   1                   0
 1.750                   0                   2                   0
 1.800                   0                   0                   0
 1.850                   0                   0                   0
 1.900                   0                   0                   0
 1.950                   0                   0                   0
 2.000                   0                   0                   0
 2.050                   0                   0                   0
 2.100                   0                   0                   0
 2.150                   0                   0                   0
 2.200                   0                   0                   0
 2.250                   0                   0                   0
 2.300                   0                   0                   0
 2.350                   0                   0                   0
 2.400                   0                   0                   0
 2.450                   0                   0                   0
 2.500                   0                   0                   0
 2.550                   0                   0                   0
 2.600                   0                   0                   0
 2.650                   0                   0                   0
 2.700                   0                   0                   0
 2.750                   0                   0                   0
 2.800                   0                   0                   0
 2.850                   0                   0                   0
 2.900                   0                   0                   0
 2.950                   0                   0                   0
 3.000                   0                   0                   0
 3.050                   0                   0                   0
 3.100                   0                   0                   0
 3.150                   0                   0                   0
 3.200                   0                   0                   0
 3.250                   0                   0                   0
 3.300                   0                   0                   0
 3.350                   0                   0                   0
 3.400                   0                   0                   0
 3.450                   0                   0                   0
 3.500                   0                   0                   0
 3.550                   0                   0                   0
 3.600                   0                   0                   0
 3.650                   0                   0                   0
 3.700                   0                   0                   0
 3.750                   0                   0                   0
 3.800                   0                   0                   0
 3.850                   0                   0                   0
 3.900                   0                   0                   0
 3.950                   0                   0                   0
 4.000                   0                   0                   0
 4.050                   0                   0                   0
 4.100                   0                   0                   0
 4.150                   0                   0                   0
 4.200                   0                   0                   0
 4.250                   0                   0                   0
 4.300                   0                   0                   0
 4.350                   0                   0                   0
 4.400                   0                   0                   0
 4.450                   0                   0                   0
 4.500                   0                   0                   0
 4.550                   0                   0                   0
 4.600                   0                   0                   0
 4.650                   0                   0                   0
 4.700                   0                   0                   0
 4.750                   0                   0                   0
 4.800                   0                   0                   0
 4.850                   0                   0                   0
 4.900                   0                   0                   0
 4.950                   0                   0                   0
