 0.000             5702316             5197510             6709536
 0.050              461963              281391              461148
 0.100              416289              355170              337242
 0.150              414039              406921              250994
 0.200              428433              432614              186668
 0.250              448212              444227              143219
 0.300              472506              457350              111936
 0.350              503558              475707               88698
 0.400              540642              504541               73565
 0.450              580074              542792               61874
 0.500              622253              586532               55425
 0.550              666959              635040               51547
 0.600              708697              685747               49535
 0.650              750834              740179               49371
 0.700              793955              798052               50104
 0.750              831651              863564               52888
 0.800              857098              930093               56090
 0.850              892878             1007098               60793
 0.900              954782             1104544               67170
 0.950             1056242             1238411               75209
 1.000             1470028             1998902             4667852
 1.050             8769005             8053734             5235503
 1.100             9855334             8928930             4756602
 1.150             4593016             5024902             4172350
 1.200              724593             1477699             3373922
 1.250               26654              289681             2676659
 1.300                   2               57073             2115250
 1.350                   0               15306             1675879
 1.400                   0                5187             1319027
 1.450                   0                1974             1040765
 1.500                   0                 722              820151
 1.550                   0                 266              648937
 1.600                   0                  93              511333
 1.650                   0                  36              398027
 1.700                   0                  12              307215
 1.750                   0                   7              233632
 1.800                   0                   3              175033
 1.850                   0                   3              129055
 1.900                   0                   0               93524
 1.950                   0                   0               66043
 2.000                   0                   0               45966
 2.050                   0                   0               31343
 2.100                   0                   0               20855
 2.150                   0                   0               13474
 2.200                   0                   0                8398
 2.250                   0                   0                5231
 2.300                   0                   0                3089
 2.350                   0                   0                1735
 2.400                   0                   0                1005
 2.450                   0                   0                 586
 2.500                   0                   0                 296
 2.550                   0                   0                 148
 2.600                   0                   0                  69
 2.650                   0                   0                  27
 2.700                   0                   0                  10
 2.750                   0                   0                   8
 2.800                   0                   0                   1
 2.850                   0                   0                   0
 2.900                   0                   0                   1
 2.950                   0                   0                   0
 3.000                   0                   0                   0
 3.050                   0                   0                   0
 3.100                   0                   0                   0
 3.150                   0                   0                   0
 3.200                   0                   0                   0
 3.250                   0                   0                   0
 3.300                   0                   0                   0
 3.350                   0                   0                   0
 3.400                   0                   0                   0
 3.450                   0                   0                   0
 3.500                   0                   0                   0
 3.550                   0                   0                   0
 3.600                   0                   0                   0
 3.650                   0                   0                   0
 3.700                   0                   0                   0
 3.750                   0                   0                   0
 3.800                   0                   0                   0
 3.850                   0                   0                   0
 3.900                   0                   0                   0
 3.950                   0                   0                   0
 4.000                   0                   0                   0
 4.050                   0                   0                   0
 4.100                   0                   0                   0
 4.150                   0                   0                   0
 4.200                   0                   0                   0
 4.250                   0                   0                   0
 4.300                   0                   0                   0
 4.350                   0                   0                   0
 4.400                   0                   0                   0
 4.450                   0                   0                   0
 4.500                   0                   0                   0
 4.550                   0                   0                   0
 4.600                   0                   0                   0
 4.650                   0                   0                   0
 4.700                   0                   0                   0
 4.750                   0                   0                   0
 4.800                   0                   0                   0
 4.850                   0                   0                   0
 4.900                   0                   0                   0
 4.950                   0                   0                   0
