 0.000             4402220             4065975             5152178
 0.050              359013              250793              331174
 0.100              327058              301433              287798
 0.150              326646              325545              260929
 0.200              335039              330666              231696
 0.250              347388              335677              203258
 0.300              363794              342068              174168
 0.350              381756              356786              146958
 0.400              403008              377420              122098
 0.450              427001              401747              100095
 0.500              457153              432273               83874
 0.550              493451              467120               70624
 0.600              533021              508631               60862
 0.650              578915              554914               53330
 0.700              625688              610043               47938
 0.750              677138              670689               44421
 0.800              739469              751274               42296
 0.850              811211              855682               42284
 0.900              900637              992654               43287
 0.950             1012716             1177068               46293
 1.000             1174556             1481944             2998875
 1.050             5527572             5332198             3582344
 1.100            12536030            10356547             3614560
 1.150             9530711             9259841             3814221
 1.200             4548665             5482222             3830864
 1.250              989609             2107026             3637439
 1.300               76768              564584             3318656
 1.350                1173              136345             2931704
 1.400                   0               38077             2527889
 1.450                   0               12796             2146672
 1.500                   0                4657             1800636
 1.550                   0                1710             1488719
 1.600                   0                 644             1219896
 1.650                   0                 231              988185
 1.700                   0                  82              796191
 1.750                   0                  28              631451
 1.800                   0                  10              498932
 1.850                   0                   4              387134
 1.900                   0                   2              297081
 1.950                   0                   0              226153
 2.000                   0                   0              169920
 2.050                   0                   0              126402
 2.100                   0                   0               92485
 2.150                   0                   0               66386
 2.200                   0                   0               47749
 2.250                   0                   0               33143
 2.300                   0                   0               23084
 2.350                   0                   0               15489
 2.400                   0                   0               10380
 2.450                   0                   0                6810
 2.500                   0                   0                4490
 2.550                   0                   0                3067
 2.600                   0                   0                1841
 2.650                   0                   0                1159
 2.700                   0                   0                 703
 2.750                   0                   0                 481
 2.800                   0                   0                 291
 2.850                   0                   0                 153
 2.900                   0                   0                  84
 2.950                   0                   0                  65
 3.000                   0                   0                  22
 3.050                   0                   0                  13
 3.100                   0                   0                  11
 3.150                   0                   0                   5
 3.200                   0                   0                   3
 3.250                   0                   0                   3
 3.300                   0                   0                   1
 3.350                   0                   0                   1
 3.400                   0                   0                   0
 3.450                   0                   0                   1
 3.500                   0                   0                   1
 3.550                   0                   0                   0
 3.600                   0                   0                   0
 3.650                   0                   0                   0
 3.700                   0                   0                   0
 3.750                   0                   0                   0
 3.800                   0                   0                   0
 3.850                   0                   0                   0
 3.900                   0                   0                   0
 3.950                   0                   0                   0
 4.000                   0                   0                   0
 4.050                   0                   0                   0
 4.100                   0                   0                   0
 4.150                   0                   0                   0
 4.200                   0                   0                   0
 4.250                   0                   0                   0
 4.300                   0                   0                   0
 4.350                   0                   0                   0
 4.400                   0                   0                   0
 4.450                   0                   0                   0
 4.500                   0                   0                   0
 4.550                   0                   0                   0
 4.600                   0                   0                   0
 4.650                   0                   0                   0
 4.700                   0                   0                   0
 4.750                   0                   0                   0
 4.800                   0                   0                   0
 4.850                   0                   0                   0
 4.900                   0                   0                   0
 4.950                   0                   0                   0
