 0.000             5659878             5166033             6644687
 0.050              453207              280691              467962
 0.100              411503              352001              347487
 0.150              410783              402899              259236
 0.200              421595              425931              193324
 0.250              442368              436733              148462
 0.300              466319              448802              115725
 0.350              495479              470311               91757
 0.400              530556              499747               75042
 0.450              567076              536149               64178
 0.500              615290              577769               56099
 0.550              663712              627465               51815
 0.600              712922              678918               49510
 0.650              753990              735180               49212
 0.700              793613              797149               50542
 0.750              828367              861830               52488
 0.800              868066              933416               55570
 0.850              914924             1010635               60231
 0.900              974534             1113440               65679
 0.950             1077463             1251633               73931
 1.000             1418005             1924188             4549261
 1.050             8703278             7971538             5105250
 1.100             9658114             8834113             4590436
 1.150             4837124             5219145             4185505
 1.200              942359             1671374             3442187
 1.250               41592              341302             2761807
 1.300                 136               67198             2193618
 1.350                   0               17427             1734125
 1.400                   0                5817             1373138
 1.450                   0                2116             1083278
 1.500                   0                 846              855805
 1.550                   0                 282              673732
 1.600                   0                  98              531530
 1.650                   0                  55              416116
 1.700                   0                   7              320765
 1.750                   0                   6              244110
 1.800                   0                   6              183853
 1.850                   0                   3              134955
 1.900                   0                   0               98488
 1.950                   0                   0               69901
 2.000                   0                   0               48792
 2.050                   0                   0               33137
 2.100                   0                   0               22238
 2.150                   0                   0               14550
 2.200                   0                   0                9229
 2.250                   0                   0                5622
 2.300                   0                   0                3458
 2.350                   0                   0                1996
 2.400                   0                   0                1121
 2.450                   0                   0                 627
 2.500                   0                   0                 337
 2.550                   0                   0                 207
 2.600                   0                   0                  76
 2.650                   0                   0                  40
 2.700                   0                   0                  12
 2.750                   0                   0                   8
 2.800                   0                   0                   6
 2.850                   0                   0                   0
 2.900                   0                   0                   0
 2.950                   0                   0                   0
 3.000                   0                   0                   0
 3.050                   0                   0                   0
 3.100                   0                   0                   0
 3.150                   0                   0                   0
 3.200                   0                   0                   0
 3.250                   0                   0                   0
 3.300                   0                   0                   0
 3.350                   0                   0                   0
 3.400                   0                   0                   0
 3.450                   0                   0                   0
 3.500                   0                   0                   0
 3.550                   0                   0                   0
 3.600                   0                   0                   0
 3.650                   0                   0                   0
 3.700                   0                   0                   0
 3.750                   0                   0                   0
 3.800                   0                   0                   0
 3.850                   0                   0                   0
 3.900                   0                   0                   0
 3.950                   0                   0                   0
 4.000                   0                   0                   0
 4.050                   0                   0                   0
 4.100                   0                   0                   0
 4.150                   0                   0                   0
 4.200                   0                   0                   0
 4.250                   0                   0                   0
 4.300                   0                   0                   0
 4.350                   0                   0                   0
 4.400                   0                   0                   0
 4.450                   0                   0                   0
 4.500                   0                   0                   0
 4.550                   0                   0                   0
 4.600                   0                   0                   0
 4.650                   0                   0                   0
 4.700                   0                   0                   0
 4.750                   0                   0                   0
 4.800                   0                   0                   0
 4.850                   0                   0                   0
 4.900                   0                   0                   0
 4.950                   0                   0                   0
