 0.000             6034146             5683426             7043913
 0.050              433502              267829              372013
 0.100              381919              320449              263530
 0.150              374859              357534              201523
 0.200              383074              376068              155842
 0.250              397865              388555              113729
 0.300              417059              400580               81337
 0.350              438863              415217               58325
 0.400              467822              438154               42124
 0.450              498510              469957               33928
 0.500              536439              505989               30851
 0.550              574506              550369               30929
 0.600              614280              599582               31698
 0.650              658141              652906               32776
 0.700              707125              712815               34761
 0.750              756844              780576               36588
 0.800              806236              855112               39726
 0.850              850778              930355               43239
 0.900              909443             1008392               49072
 0.950             1014065             1122029               57615
 1.000             2451007             2724198             5080316
 1.050             6102847             6290192             5715169
 1.100             7999990             7199415             4527963
 1.150             4555842             4545832             3342535
 1.200             1074843             1577876             2504377
 1.250               87975              310079             1964046
 1.300                 608               37710             1603298
 1.350                   1                5288             1319723
 1.400                   0                1382             1087070
 1.450                   0                 480              890238
 1.500                   0                 163              710122
 1.550                   0                  52              559312
 1.600                   0                  19              434692
 1.650                   0                   6              331604
 1.700                   0                   2              247134
 1.750                   0                   1              176232
 1.800                   0                   0              120119
 1.850                   0                   0               76091
 1.900                   0                   0               43976
 1.950                   0                   0               23219
 2.000                   0                   0               10902
 2.050                   0                   0                4537
 2.100                   0                   0                1660
 2.150                   0                   0                 582
 2.200                   0                   0                 118
 2.250                   0                   0                  33
 2.300                   0                   0                   1
 2.350                   0                   0                   1
 2.400                   0                   0                   0
 2.450                   0                   0                   0
 2.500                   0                   0                   0
 2.550                   0                   0                   0
 2.600                   0                   0                   0
 2.650                   0                   0                   0
 2.700                   0                   0                   0
 2.750                   0                   0                   0
 2.800                   0                   0                   0
 2.850                   0                   0                   0
 2.900                   0                   0                   0
 2.950                   0                   0                   0
 3.000                   0                   0                   0
 3.050                   0                   0                   0
 3.100                   0                   0                   0
 3.150                   0                   0                   0
 3.200                   0                   0                   0
 3.250                   0                   0                   0
 3.300                   0                   0                   0
 3.350                   0                   0                   0
 3.400                   0                   0                   0
 3.450                   0                   0                   0
 3.500                   0                   0                   0
 3.550                   0                   0                   0
 3.600                   0                   0                   0
 3.650                   0                   0                   0
 3.700                   0                   0                   0
 3.750                   0                   0                   0
 3.800                   0                   0                   0
 3.850                   0                   0                   0
 3.900                   0                   0                   0
 3.950                   0                   0                   0
 4.000                   0                   0                   0
 4.050                   0                   0                   0
 4.100                   0                   0                   0
 4.150                   0                   0                   0
 4.200                   0                   0                   0
 4.250                   0                   0                   0
 4.300                   0                   0                   0
 4.350                   0                   0                   0
 4.400                   0                   0                   0
 4.450                   0                   0                   0
 4.500                   0                   0                   0
 4.550                   0                   0                   0
 4.600                   0                   0                   0
 4.650                   0                   0                   0
 4.700                   0                   0                   0
 4.750                   0                   0                   0
 4.800                   0                   0                   0
 4.850                   0                   0                   0
 4.900                   0                   0                   0
 4.950                   0                   0                   0
