 0.000             4215392             3878491             4919222
 0.050              351483              249220              331689
 0.100              320391              299563              282188
 0.150              318941              317464              257953
 0.200              328091              322175              242694
 0.250              342414              326445              224935
 0.300              361021              337209              199544
 0.350              380824              353982              176140
 0.400              404637              375775              151654
 0.450              429430              402091              130152
 0.500              459406              431948              110132
 0.550              493463              468067               92736
 0.600              532060              505985               79229
 0.650              576874              551477               67507
 0.700              631026              605090               59348
 0.750              693863              668342               53497
 0.800              761437              751036               49469
 0.850              824733              853995               47710
 0.900              894463              994645               47334
 0.950              997675             1174366               48978
 1.000             1137962             1437101             2233660
 1.050             1940249             3336919             2920482
 1.100            13963145            10003710             3173964
 1.150            11006503            10393956             3566530
 1.200             6460820             7175949             3780458
 1.250             1720764             3187836             3737984
 1.300              157916              956922             3509668
 1.350                8425              247381             3226661
 1.400                 129               69711             2896714
 1.450                   0               23084             2543251
 1.500                   0                8509             2182509
 1.550                   0                3163             1844364
 1.600                   0                1182             1540087
 1.650                   0                 492             1272294
 1.700                   0                 148             1035337
 1.750                   0                  71              834604
 1.800                   0                  20              667995
 1.850                   0                   8              525040
 1.900                   0                   5              410995
 1.950                   0                   2              318968
 2.000                   0                   0              242498
 2.050                   0                   0              184252
 2.100                   0                   0              137523
 2.150                   0                   1              102206
 2.200                   0                   0               74702
 2.250                   0                   1               54210
 2.300                   0                   0               38617
 2.350                   0                   0               27155
 2.400                   0                   0               19119
 2.450                   0                   0               13236
 2.500                   0                   0                9017
 2.550                   0                   0                5958
 2.600                   0                   0                3968
 2.650                   0                   0                2698
 2.700                   0                   0                1670
 2.750                   0                   0                1018
 2.800                   0                   1                 721
 2.850                   0                   0                 420
 2.900                   0                   0                 278
 2.950                   0                   0                 131
 3.000                   0                   1                  94
 3.050                   0                   0                  68
 3.100                   0                   0                  39
 3.150                   0                   0                  11
 3.200                   0                   0                  14
 3.250                   0                   0                   6
 3.300                   0                   0                   0
 3.350                   0                   0                   2
 3.400                   0                   0                   1
 3.450                   0                   0                   0
 3.500                   0                   0                   1
 3.550                   0                   0                   0
 3.600                   0                   0                   0
 3.650                   0                   0                   1
 3.700                   0                   1                   0
 3.750                   0                   0                   0
 3.800                   0                   1                   0
 3.850                   0                   0                   0
 3.900                   0                   0                   0
 3.950                   0                   0                   0
 4.000                   0                   0                   0
 4.050                   0                   0                   0
 4.100                   0                   1                   0
 4.150                   0                   0                   0
 4.200                   0                   0                   0
 4.250                   0                   1                   0
 4.300                   0                   0                   0
 4.350                   0                   2                   0
 4.400                   0                   2                   0
 4.450                   0                   3                   0
 4.500                   0                   4                   0
 4.550                   0                   3                   0
 4.600                   0                   8                   0
 4.650                   0                   3                   0
 4.700                   0                   1                   0
 4.750                   0                   8                   0
 4.800                   0                  12                   0
 4.850                   0                  24                   0
 4.900                   0                  43                   0
 4.950                   0                 108                   0
