 0.000             5439328             5015865             6285791
 0.050              412388              275505              395672
 0.100              370176              337827              328867
 0.150              365541              371672              274508
 0.200              375525              384055              223189
 0.250              391304              384862              181116
 0.300              412004              394409              139655
 0.350              436426              410160              108254
 0.400              464208              434946               86260
 0.450              496831              468792               70777
 0.500              535802              506784               59807
 0.550              576348              547944               52198
 0.600              618648              595400               47688
 0.650              665258              646496               45680
 0.700              715533              701322               43926
 0.750              765942              765518               44491
 0.800              825585              841659               45686
 0.850              880665              934472               48075
 0.900              946580             1048603               51346
 0.950             1047209             1199356               56668
 1.000             1234055             1586371             4756194
 1.050             8436254             7938633             5045827
 1.100            10882198             9834249             4231105
 1.150             5767781             6094242             3847298
 1.200             1334112             2159388             3293735
 1.250               98732              484843             2819456
 1.300                 482               95538             2395952
 1.350                   0               23627             2015592
 1.400                   0                7776             1645638
 1.450                   0                2879             1321255
 1.500                   0                1059             1048986
 1.550                   0                 407              829867
 1.600                   0                 157              653906
 1.650                   0                  60              508162
 1.700                   0                  23              393389
 1.750                   0                   9              300802
 1.800                   0                   5              227210
 1.850                   0                   0              167870
 1.900                   0                   1              123117
 1.950                   0                   0               88713
 2.000                   0                   1               62643
 2.050                   0                   0               43438
 2.100                   0                   0               29993
 2.150                   0                   0               19765
 2.200                   0                   0               13182
 2.250                   0                   0                8605
 2.300                   0                   0                5384
 2.350                   0                   0                3341
 2.400                   0                   0                2067
 2.450                   0                   0                1198
 2.500                   0                   0                 710
 2.550                   0                   0                 407
 2.600                   0                   0                 208
 2.650                   0                   0                 131
 2.700                   0                   0                  66
 2.750                   0                   0                  23
 2.800                   0                   0                  16
 2.850                   0                   0                   8
 2.900                   0                   0                   1
 2.950                   0                   0                   1
 3.000                   0                   0                   0
 3.050                   0                   0                   0
 3.100                   0                   0                   0
 3.150                   0                   0                   0
 3.200                   0                   0                   0
 3.250                   0                   0                   0
 3.300                   0                   0                   0
 3.350                   0                   0                   0
 3.400                   0                   0                   0
 3.450                   0                   0                   0
 3.500                   0                   0                   0
 3.550                   0                   0                   0
 3.600                   0                   0                   0
 3.650                   0                   0                   0
 3.700                   0                   0                   0
 3.750                   0                   0                   0
 3.800                   0                   0                   0
 3.850                   0                   0                   0
 3.900                   0                   0                   0
 3.950                   0                   0                   0
 4.000                   0                   0                   0
 4.050                   0                   0                   0
 4.100                   0                   0                   0
 4.150                   0                   0                   0
 4.200                   0                   0                   0
 4.250                   0                   0                   0
 4.300                   0                   0                   0
 4.350                   0                   0                   0
 4.400                   0                   0                   0
 4.450                   0                   0                   0
 4.500                   0                   0                   0
 4.550                   0                   0                   0
 4.600                   0                   0                   0
 4.650                   0                   0                   0
 4.700                   0                   0                   0
 4.750                   0                   0                   0
 4.800                   0                   0                   0
 4.850                   0                   0                   0
 4.900                   0                   0                   0
 4.950                   0                   0                   0
