 0.000             3563975             3263047             4166332
 0.050              305782              212472              291550
 0.100              279102              251829              265466
 0.150              279927              275006              252165
 0.200              288557              280784              239620
 0.250              302713              283471              229711
 0.300              317382              291096              213956
 0.350              334972              305727              197706
 0.400              356092              325239              180749
 0.450              381505              349130              162504
 0.500              410098              376110              145332
 0.550              442806              407506              128049
 0.600              477146              445507              111374
 0.650              516835              489376               97138
 0.700              561601              538586               84579
 0.750              609085              595059               73940
 0.800              669655              665510               66275
 0.850              739311              760765               59318
 0.900              828866              892016               55437
 0.950              938996             1079784               53158
 1.000             1089149             1346376             1449437
 1.050             1315281             1860759             2081766
 1.100             7842304             6437963             2490324
 1.150            14506947            11589841             2967186
 1.200            11698632            11059522             3373661
 1.250             5638815             7154472             3615955
 1.300             1123570             3048120             3690417
 1.350               79012              942265             3631487
 1.400                5455              259899             3472414
 1.450                 118               76461             3233355
 1.500                   0               25310             2944599
 1.550                   0                9095             2626237
 1.600                   0                3549             2306037
 1.650                   0                1250             1992716
 1.700                   0                 492             1702513
 1.750                   0                 188             1431265
 1.800                   0                  65             1190540
 1.850                   0                  28              981677
 1.900                   0                   9              798667
 1.950                   0                   2              643423
 2.000                   0                   1              512018
 2.050                   0                   2              405206
 2.100                   0                   0              316645
 2.150                   0                   0              245344
 2.200                   0                   1              187861
 2.250                   0                   0              143165
 2.300                   0                   0              107694
 2.350                   0                   0               79976
 2.400                   0                   0               59234
 2.450                   0                   0               43313
 2.500                   0                   0               31286
 2.550                   0                   0               22251
 2.600                   0                   0               15938
 2.650                   0                   0               11295
 2.700                   0                   0                7805
 2.750                   0                   0                5362
 2.800                   0                   0                3599
 2.850                   0                   0                2485
 2.900                   0                   0                1676
 2.950                   0                   0                1147
 3.000                   0                   0                 784
 3.050                   0                   0                 469
 3.100                   0                   0                 316
 3.150                   0                   0                 192
 3.200                   0                   0                 145
 3.250                   0                   0                  91
 3.300                   0                   0                  56
 3.350                   0                   0                  34
 3.400                   0                   0                  28
 3.450                   0                   0                   8
 3.500                   0                   0                   7
 3.550                   0                   0                   7
 3.600                   0                   0                   5
 3.650                   0                   0                   3
 3.700                   0                   0                   2
 3.750                   0                   0                   1
 3.800                   0                   2                   1
 3.850                   0                   0                   0
 3.900                   0                   0                   0
 3.950                   0                   0                   0
 4.000                   0                   1                   0
 4.050                   0                   0                   0
 4.100                   0                   0                   0
 4.150                   0                   0                   0
 4.200                   0                   0                   0
 4.250                   0                   1                   0
 4.300                   0                   1                   0
 4.350                   0                   1                   0
 4.400                   0                   2                   0
 4.450                   0                   1                   0
 4.500                   0                   2                   0
 4.550                   0                   3                   0
 4.600                   0                   7                   0
 4.650                   0                  11                   0
 4.700                   0                   6                   0
 4.750                   0                   4                   0
 4.800                   0                  13                   0
 4.850                   0                  21                   0
 4.900                   0                  42                   0
 4.950                   0                  86                   0
