 0.000             3713189             3431560             4339119
 0.050              309007              215690              286450
 0.100              281571              252910              268551
 0.150              282244              272971              258240
 0.200              293968              281231              242666
 0.250              306833              287174              225900
 0.300              323413              298114              211633
 0.350              342971              313870              191831
 0.400              364355              335433              170759
 0.450              389812              359246              151092
 0.500              416693              387873              131985
 0.550              450156              420941              113711
 0.600              482697              456980               97904
 0.650              522864              498201               84442
 0.700              570265              546309               73905
 0.750              628565              602719               64279
 0.800              695652              678018               57499
 0.850              762375              778441               52624
 0.900              836274              908621               49839
 0.950              944363             1091104               48659
 1.000             1084691             1345055             1643888
 1.050             1313051             1941491             2375740
 1.100             9888457             7653320             2753829
 1.150            13918337            11845891             3220179
 1.200            10209226            10137883             3583064
 1.250             4230449             5853402             3751726
 1.300              659509             2204174             3734218
 1.350               40745              622077             3588069
 1.400                1118              165499             3349365
 1.450                   0               49559             3051332
 1.500                   0               17000             2717104
 1.550                   0                6278             2374301
 1.600                   0                2400             2044882
 1.650                   0                 892             1735308
 1.700                   0                 329             1454016
 1.750                   0                 128             1201416
 1.800                   0                  30              984087
 1.850                   0                  17              798223
 1.900                   0                  15              639846
 1.950                   0                   4              507575
 2.000                   0                   1              399030
 2.050                   0                   0              310808
 2.100                   0                   1              239099
 2.150                   0                   0              181567
 2.200                   0                   0              136907
 2.250                   0                   0              102608
 2.300                   0                   0               75768
 2.350                   0                   1               55056
 2.400                   0                   0               39767
 2.450                   0                   0               28427
 2.500                   0                   0               19972
 2.550                   0                   0               14118
 2.600                   0                   0                9716
 2.650                   0                   0                6687
 2.700                   0                   0                4571
 2.750                   0                   0                3061
 2.800                   0                   0                2091
 2.850                   0                   1                1323
 2.900                   0                   1                 917
 2.950                   0                   0                 590
 3.000                   0                   0                 376
 3.050                   0                   0                 245
 3.100                   0                   1                 162
 3.150                   0                   0                 105
 3.200                   0                   0                  59
 3.250                   0                   0                  49
 3.300                   0                   0                  29
 3.350                   0                   1                  14
 3.400                   0                   1                  10
 3.450                   0                   0                   4
 3.500                   0                   1                   5
 3.550                   0                   1                   1
 3.600                   0                   0                   3
 3.650                   0                   1                   2
 3.700                   0                   0                   0
 3.750                   0                   1                   0
 3.800                   0                   1                   0
 3.850                   0                   0                   0
 3.900                   0                   1                   0
 3.950                   0                   1                   0
 4.000                   0                   1                   0
 4.050                   0                   0                   0
 4.100                   0                   1                   0
 4.150                   0                   2                   0
 4.200                   0                   4                   0
 4.250                   0                   2                   0
 4.300                   0                   1                   0
 4.350                   0                   1                   0
 4.400                   0                   5                   0
 4.450                   0                  10                   0
 4.500                   0                   2                   0
 4.550                   0                   9                   0
 4.600                   0                   6                   0
 4.650                   0                   7                   0
 4.700                   0                  10                   0
 4.750                   0                  22                   0
 4.800                   0                  28                   0
 4.850                   0                  43                   0
 4.900                   0                  78                   0
 4.950                   0                 200                   0
