 0.000             4665466             4327935             5465136
 0.050              371094              253875              351099
 0.100              332926              307478              297531
 0.150              331748              334300              255485
 0.200              341912              341256              219369
 0.250              356946              343265              187943
 0.300              374307              353133              158190
 0.350              396810              368904              131214
 0.400              420564              391664              109757
 0.450              453080              421355               91612
 0.500              489253              455783               76216
 0.550              522714              496534               64069
 0.600              563018              540967               54969
 0.650              610274              588716               48249
 0.700              660042              643634               44222
 0.750              716349              707112               41374
 0.800              781047              786395               40615
 0.850              851883              889964               41034
 0.900              940061             1022470               43085
 0.950             1034460             1193411               46012
 1.000             1172731             1475028             3443621
 1.050             5474929             5515483             3799885
 1.100            12276762            10236798             3743778
 1.150             9100418             8819809             3870466
 1.200             3672534             4684762             3719343
 1.250              566975             1525729             3446425
 1.300               36936              367066             3084686
 1.350                 569               85705             2682164
 1.400                   0               24276             2294461
 1.450                   0                8251             1934461
 1.500                   0                3006             1607778
 1.550                   0                1128             1318563
 1.600                   0                 383             1069510
 1.650                   0                 137              861403
 1.700                   0                  62              686623
 1.750                   0                  16              542750
 1.800                   0                  12              422072
 1.850                   0                   4              324648
 1.900                   0                   0              247760
 1.950                   0                   1              185595
 2.000                   0                   0              136551
 2.050                   0                   0               99465
 2.100                   0                   1               71379
 2.150                   0                   0               50964
 2.200                   0                   0               34935
 2.250                   0                   0               23994
 2.300                   0                   0               16166
 2.350                   0                   0               10569
 2.400                   0                   0                6875
 2.450                   0                   0                4401
 2.500                   0                   0                2832
 2.550                   0                   0                1806
 2.600                   0                   0                1096
 2.650                   0                   0                 654
 2.700                   0                   0                 395
 2.750                   0                   0                 231
 2.800                   0                   0                 128
 2.850                   0                   0                  82
 2.900                   0                   0                  45
 2.950                   0                   0                  32
 3.000                   0                   0                  14
 3.050                   0                   0                  10
 3.100                   0                   0                   5
 3.150                   0                   0                   1
 3.200                   0                   0                   2
 3.250                   0                   0                   2
 3.300                   0                   0                   1
 3.350                   0                   0                   0
 3.400                   0                   0                   0
 3.450                   0                   0                   0
 3.500                   0                   0                   0
 3.550                   0                   0                   0
 3.600                   0                   0                   0
 3.650                   0                   0                   0
 3.700                   0                   0                   0
 3.750                   0                   0                   0
 3.800                   0                   0                   0
 3.850                   0                   0                   0
 3.900                   0                   0                   0
 3.950                   0                   0                   0
 4.000                   0                   0                   0
 4.050                   0                   0                   0
 4.100                   0                   0                   0
 4.150                   0                   0                   0
 4.200                   0                   0                   0
 4.250                   0                   0                   0
 4.300                   0                   0                   0
 4.350                   0                   0                   0
 4.400                   0                   0                   0
 4.450                   0                   0                   0
 4.500                   0                   0                   0
 4.550                   0                   0                   0
 4.600                   0                   0                   0
 4.650                   0                   0                   0
 4.700                   0                   0                   0
 4.750                   0                   0                   0
 4.800                   0                   0                   0
 4.850                   0                   0                   0
 4.900                   0                   0                   0
 4.950                   0                   0                   0
