 0.000             3386737             3085417             3964852
 0.050              302116              201319              287453
 0.100              276592              243822              268876
 0.150              276895              270205              261839
 0.200              284584              278753              263128
 0.250              297136              282495              254678
 0.300              311635              291506              245486
 0.350              329848              304313              235657
 0.400              348173              320786              222369
 0.450              370899              341211              206994
 0.500              396938              365027              187863
 0.550              426528              395560              168369
 0.600              459355              428589              148614
 0.650              498157              470058              130825
 0.700              544531              514757              114310
 0.750              597126              567255              100529
 0.800              651210              631234               89066
 0.850              720435              718140               79833
 0.900              798849              838095               72027
 0.950              900283             1017653               66700
 1.000             1033290             1275964              999616
 1.050             1212831             1669549             1573004
 1.100             1815496             3812268             1988411
 1.150            17592759            10872129             2475063
 1.200            13691309            12519089             2952617
 1.250             8598486             9576280             3313795
 1.300             2869063             5193404             3535804
 1.350              388836             2010288             3629441
 1.400               19476              625604             3610839
 1.450                 393              186130             3492302
 1.500                   0               59753             3297316
 1.550                   0               21060             3048895
 1.600                   0                7619             2769423
 1.650                   0                2841             2470030
 1.700                   0                1156             2174898
 1.750                   0                 386             1886723
 1.800                   0                 144             1615263
 1.850                   0                  64             1370463
 1.900                   0                  26             1150101
 1.950                   0                  10              953984
 2.000                   0                   4              782452
 2.050                   0                   0              636419
 2.100                   0                   0              514564
 2.150                   0                   1              410034
 2.200                   0                   0              323584
 2.250                   0                   0              254576
 2.300                   0                   0              196896
 2.350                   0                   1              151687
 2.400                   0                   1              115988
 2.450                   0                   0               88788
 2.500                   0                   0               66235
 2.550                   0                   0               49600
 2.600                   0                   0               36481
 2.650                   0                   0               26935
 2.700                   0                   0               19675
 2.750                   0                   0               14125
 2.800                   0                   0               10166
 2.850                   0                   0                7412
 2.900                   0                   0                5094
 2.950                   0                   0                3542
 3.000                   0                   0                2545
 3.050                   0                   0                1752
 3.100                   0                   0                1179
 3.150                   0                   0                 838
 3.200                   0                   0                 580
 3.250                   0                   0                 349
 3.300                   0                   0                 223
 3.350                   0                   0                 168
 3.400                   0                   0                 104
 3.450                   0                   0                  67
 3.500                   0                   0                  50
 3.550                   0                   0                  20
 3.600                   0                   0                  20
 3.650                   0                   0                  17
 3.700                   0                   0                   7
 3.750                   0                   1                   7
 3.800                   0                   0                   2
 3.850                   0                   0                   3
 3.900                   0                   1                   3
 3.950                   0                   0                   0
 4.000                   0                   1                   0
 4.050                   0                   0                   1
 4.100                   0                   3                   0
 4.150                   0                   0                   0
 4.200                   0                   0                   0
 4.250                   0                   0                   0
 4.300                   0                   0                   0
 4.350                   0                   1                   0
 4.400                   0                   2                   0
 4.450                   0                   1                   0
 4.500                   0                   4                   0
 4.550                   0                   7                   0
 4.600                   0                   6                   0
 4.650                   0                   8                   0
 4.700                   0                  11                   0
 4.750                   0                  20                   0
 4.800                   0                  23                   0
 4.850                   0                  35                   0
 4.900                   0                  54                   0
 4.950                   0                 144                   0
