 0.000             3580542             3278924             4183493
 0.050              308444              215597              290348
 0.100              280597              255757              266308
 0.150              280378              277648              248087
 0.200              289968              281933              239201
 0.250              304312              284731              225129
 0.300              321424              293639              210277
 0.350              341593              307572              195054
 0.400              361522              327244              178631
 0.450              384018              350584              161345
 0.500              408833              378210              143570
 0.550              434430              407561              126025
 0.600              466808              443140              110385
 0.650              504249              485232               95416
 0.700              547208              528506               83185
 0.750              603196              585611               73230
 0.800              664992              655443               64805
 0.850              734277              751354               58874
 0.900              817716              883068               55052
 0.950              920541             1066390               52662
 1.000             1073331             1328096             1466976
 1.050             1306016             1850496             2123049
 1.100             7938293             6529218             2533223
 1.150            14577260            11664121             3005117
 1.200            11777605            11100896             3398321
 1.250             5405546             7039773             3627095
 1.300              997495             2903798             3699492
 1.350               66542              877820             3635940
 1.400                4999              240935             3461616
 1.450                   8               71156             3214158
 1.500                   0               23826             2918721
 1.550                   0                8777             2596995
 1.600                   0                3162             2273033
 1.650                   0                1223             1965384
 1.700                   0                 447             1670161
 1.750                   0                 151             1400451
 1.800                   0                  61             1166000
 1.850                   0                  23              957345
 1.900                   0                  11              777968
 1.950                   0                   4              624490
 2.000                   0                   3              497770
 2.050                   0                   1              391457
 2.100                   0                   1              305598
 2.150                   0                   0              236471
 2.200                   0                   0              181536
 2.250                   0                   0              136827
 2.300                   0                   0              102821
 2.350                   0                   0               76523
 2.400                   0                   0               56604
 2.450                   0                   1               40734
 2.500                   0                   0               29419
 2.550                   0                   0               21194
 2.600                   0                   0               15123
 2.650                   0                   0               10636
 2.700                   0                   0                7266
 2.750                   0                   0                5120
 2.800                   0                   0                3403
 2.850                   0                   0                2296
 2.900                   0                   0                1544
 2.950                   0                   0                1097
 3.000                   0                   0                 661
 3.050                   0                   0                 433
 3.100                   0                   0                 279
 3.150                   0                   0                 206
 3.200                   0                   0                 121
 3.250                   0                   0                  80
 3.300                   0                   0                  38
 3.350                   0                   0                  32
 3.400                   0                   0                  14
 3.450                   0                   0                  10
 3.500                   0                   0                   9
 3.550                   0                   0                   6
 3.600                   0                   0                   4
 3.650                   0                   0                   1
 3.700                   0                   0                   4
 3.750                   0                   0                   1
 3.800                   0                   0                   0
 3.850                   0                   0                   0
 3.900                   0                   0                   0
 3.950                   0                   0                   0
 4.000                   0                   0                   0
 4.050                   0                   0                   0
 4.100                   0                   0                   0
 4.150                   0                   1                   0
 4.200                   0                   1                   0
 4.250                   0                   0                   0
 4.300                   0                   0                   0
 4.350                   0                   1                   0
 4.400                   0                   0                   0
 4.450                   0                   4                   0
 4.500                   0                   4                   0
 4.550                   0                   1                   0
 4.600                   0                   2                   0
 4.650                   0                   6                   0
 4.700                   0                   9                   0
 4.750                   0                  11                   0
 4.800                   0                   6                   0
 4.850                   0                  19                   0
 4.900                   0                  41                   0
 4.950                   0                  86                   0
