 0.000             3324750             3038258             3889680
 0.050              293269              199565              289350
 0.100              264987              238115              267251
 0.150              264583              260450              262797
 0.200              273449              266829              260428
 0.250              284848              269676              256553
 0.300              300270              276920              250066
 0.350              316896              289379              237548
 0.400              336652              306899              222305
 0.450              360299              329410              204352
 0.500              386345              355247              187841
 0.550              416405              385427              169115
 0.600              450573              419057              151963
 0.650              489032              457679              133984
 0.700              536869              504560              117321
 0.750              592527              561313              102837
 0.800              662671              628112               91160
 0.850              742128              721868               81525
 0.900              826942              850040               73262
 0.950              937973             1038735               67951
 1.000             1082697             1305927              981569
 1.050             1265891             1701948             1505699
 1.100             1600577             3581723             1928260
 1.150            17298584            10623658             2420644
 1.200            13563195            12520265             2887453
 1.250             9275205             9924522             3261360
 1.300             3266584             5603448             3503545
 1.350              424572             2208257             3617893
 1.400               18203              688367             3622617
 1.450                 342              201377             3520147
 1.500                   0               64433             3348427
 1.550                   0               22516             3108001
 1.600                   0                8350             2835604
 1.650                   0                3073             2542914
 1.700                   0                1179             2243821
 1.750                   0                 467             1956712
 1.800                   0                 170             1681535
 1.850                   0                  57             1429329
 1.900                   0                  28             1200199
 1.950                   0                   7              997331
 2.000                   0                   4              822108
 2.050                   0                   2              671846
 2.100                   0                   0              541749
 2.150                   0                   0              434596
 2.200                   0                   0              343975
 2.250                   0                   0              270912
 2.300                   0                   0              210905
 2.350                   0                   1              162538
 2.400                   0                   0              124687
 2.450                   0                   0               94954
 2.500                   0                   0               71709
 2.550                   0                   0               53268
 2.600                   0                   0               39594
 2.650                   0                   0               29373
 2.700                   0                   0               21340
 2.750                   0                   0               15479
 2.800                   0                   0               11013
 2.850                   0                   0                8037
 2.900                   0                   0                5711
 2.950                   0                   0                3967
 3.000                   0                   0                2839
 3.050                   0                   0                1963
 3.100                   0                   0                1381
 3.150                   0                   0                 867
 3.200                   0                   0                 592
 3.250                   0                   0                 415
 3.300                   0                   0                 286
 3.350                   0                   0                 170
 3.400                   0                   0                 108
 3.450                   0                   0                  79
 3.500                   0                   0                  45
 3.550                   0                   0                  30
 3.600                   0                   2                  22
 3.650                   0                   1                   9
 3.700                   0                   0                  14
 3.750                   0                   1                   5
 3.800                   0                   3                   5
 3.850                   0                   0                   4
 3.900                   0                   3                   1
 3.950                   0                   0                   4
 4.000                   0                   1                   0
 4.050                   0                   3                   0
 4.100                   0                   3                   0
 4.150                   0                   1                   0
 4.200                   0                   0                   0
 4.250                   0                   3                   0
 4.300                   0                   1                   0
 4.350                   0                   2                   0
 4.400                   0                   1                   0
 4.450                   0                   3                   0
 4.500                   0                   2                   0
 4.550                   0                   7                   0
 4.600                   0                   5                   0
 4.650                   0                  11                   0
 4.700                   0                  13                   0
 4.750                   0                  11                   0
 4.800                   0                  30                   0
 4.850                   0                  32                   0
 4.900                   0                  65                   0
 4.950                   0                 165                   0
