 0.000             4329498             3992320             5058726
 0.050              356125              250275              332373
 0.100              324513              299599              285554
 0.150              324621              324059              257256
 0.200              334984              328057              232557
 0.250              351036              333062              211834
 0.300              369486              343731              189137
 0.350              389506              359309              162036
 0.400              413048              384371              137789
 0.450              439271              412719              115535
 0.500              469377              444804               95152
 0.550              506336              480144               79195
 0.600              547430              522679               67180
 0.650              588919              568164               58464
 0.700              641233              623444               52378
 0.750              698125              688098               47833
 0.800              766636              767099               45064
 0.850              836636              870620               44681
 0.900              913595             1010123               45477
 0.950             1010333             1188855               47469
 1.000             1157298             1470928             2699946
 1.050             4102371             4516854             3328315
 1.100            13151226            10331634             3492093
 1.150            10259148             9757311             3709048
 1.200             5135446             6048348             3810047
 1.250             1043588             2349278             3686080
 1.300               73620              638101             3403170
 1.350                 969              159430             3049255
 1.400                   0               45570             2671656
 1.450                   0               15813             2288939
 1.500                   0                5954             1935991
 1.550                   0                2285             1613544
 1.600                   0                 821             1332011
 1.650                   0                 326             1085256
 1.700                   0                 113              874155
 1.750                   0                  49              698700
 1.800                   0                  15              552877
 1.850                   0                   7              433205
 1.900                   0                   1              335980
 1.950                   0                   2              257227
 2.000                   0                   2              195402
 2.050                   0                   0              145354
 2.100                   0                   0              107593
 2.150                   0                   0               78462
 2.200                   0                   0               56340
 2.250                   0                   0               40392
 2.300                   0                   0               28317
 2.350                   0                   0               20006
 2.400                   0                   0               13337
 2.450                   0                   0                9109
 2.500                   0                   0                6057
 2.550                   0                   0                3891
 2.600                   0                   0                2548
 2.650                   0                   0                1656
 2.700                   0                   0                1091
 2.750                   0                   0                 686
 2.800                   0                   0                 368
 2.850                   0                   0                 248
 2.900                   0                   0                 141
 2.950                   0                   0                  76
 3.000                   0                   0                  57
 3.050                   0                   0                  28
 3.100                   0                   0                  12
 3.150                   0                   0                   6
 3.200                   0                   0                   4
 3.250                   0                   0                   2
 3.300                   0                   0                   4
 3.350                   0                   0                   0
 3.400                   0                   0                   0
 3.450                   0                   0                   1
 3.500                   0                   0                   1
 3.550                   0                   0                   0
 3.600                   0                   0                   0
 3.650                   0                   0                   0
 3.700                   0                   0                   0
 3.750                   0                   0                   0
 3.800                   0                   0                   0
 3.850                   0                   0                   0
 3.900                   0                   0                   0
 3.950                   0                   0                   0
 4.000                   0                   0                   0
 4.050                   0                   0                   0
 4.100                   0                   0                   0
 4.150                   0                   0                   0
 4.200                   0                   0                   0
 4.250                   0                   0                   0
 4.300                   0                   0                   0
 4.350                   0                   0                   0
 4.400                   0                   0                   0
 4.450                   0                   0                   0
 4.500                   0                   0                   0
 4.550                   0                   0                   0
 4.600                   0                   0                   0
 4.650                   0                   0                   0
 4.700                   0                   0                   0
 4.750                   0                   0                   0
 4.800                   0                   0                   0
 4.850                   0                   0                   0
 4.900                   0                   0                   0
 4.950                   0                   0                   0
