 0.000             3484186             3166436             4056775
 0.050              310501              203044              290450
 0.100              285640              247978              268881
 0.150              284839              275739              261296
 0.200              292685              286136              253850
 0.250              304685              291317              248896
 0.300              321618              300000              241974
 0.350              338231              312324              230518
 0.400              358850              329271              214472
 0.450              381294              351103              196888
 0.500              403799              377368              176450
 0.550              430600              405321              157972
 0.600              461874              437422              139621
 0.650              499669              472899              123307
 0.700              539618              514502              107544
 0.750              584186              567677               94890
 0.800              637891              630013               84716
 0.850              699245              713835               75629
 0.900              775824              837194               68489
 0.950              866090             1015798               64789
 1.000              983216             1268104             1066356
 1.050             1159606             1676322             1685446
 1.100             3341565             4554975             2108643
 1.150            17826906            11433374             2595909
 1.200            12722044            12082100             3045198
 1.250             7800667             8862693             3388912
 1.300             2261816             4581559             3580498
 1.350              240544             1678335             3642122
 1.400                6418              504730             3584352
 1.450                   0              149527             3441598
 1.500                   0               48845             3223287
 1.550                   0               17575             2959974
 1.600                   0                6539             2667898
 1.650                   0                2517             2364914
 1.700                   0                 937             2066519
 1.750                   0                 388             1780710
 1.800                   0                 131             1519692
 1.850                   0                  55             1275658
 1.900                   0                  12             1064181
 1.950                   0                   5              876211
 2.000                   0                   5              713883
 2.050                   0                   1              576608
 2.100                   0                   0              460526
 2.150                   0                   0              365138
 2.200                   0                   0              286708
 2.250                   0                   0              223212
 2.300                   0                   0              173313
 2.350                   0                   0              131257
 2.400                   0                   0              100152
 2.450                   0                   1               75025
 2.500                   0                   0               55940
 2.550                   0                   0               41208
 2.600                   0                   0               30104
 2.650                   0                   0               22130
 2.700                   0                   0               15884
 2.750                   0                   0               11239
 2.800                   0                   0                7962
 2.850                   0                   1                5682
 2.900                   0                   0                3935
 2.950                   0                   0                2718
 3.000                   0                   0                1856
 3.050                   0                   0                1334
 3.100                   0                   1                 841
 3.150                   0                   0                 534
 3.200                   0                   0                 408
 3.250                   0                   0                 252
 3.300                   0                   0                 154
 3.350                   0                   0                 106
 3.400                   0                   0                  66
 3.450                   0                   0                  50
 3.500                   0                   1                  23
 3.550                   0                   0                  17
 3.600                   0                   0                  18
 3.650                   0                   0                   8
 3.700                   0                   0                   6
 3.750                   0                   0                   2
 3.800                   0                   0                   2
 3.850                   0                   0                   2
 3.900                   0                   0                   0
 3.950                   0                   0                   1
 4.000                   0                   1                   1
 4.050                   0                   0                   1
 4.100                   0                   0                   0
 4.150                   0                   0                   0
 4.200                   0                   0                   0
 4.250                   0                   0                   0
 4.300                   0                   0                   0
 4.350                   0                   5                   0
 4.400                   0                   4                   0
 4.450                   0                   3                   0
 4.500                   0                   6                   0
 4.550                   0                   5                   0
 4.600                   0                   5                   0
 4.650                   0                   4                   0
 4.700                   0                   8                   0
 4.750                   0                  13                   0
 4.800                   0                  14                   0
 4.850                   0                  24                   0
 4.900                   0                  62                   0
 4.950                   0                 159                   0
