 0.000             3729088             3451265             4356434
 0.050              311302              215460              287608
 0.100              282920              253538              275673
 0.150              284563              274634              259881
 0.200              296144              281852              241644
 0.250              310053              288371              227419
 0.300              325400              298593              210195
 0.350              342876              315512              190775
 0.400              363516              336200              169980
 0.450              386963              360644              150853
 0.500              416013              388460              130832
 0.550              447406              420457              113269
 0.600              482982              456383               96581
 0.650              526886              498800               83982
 0.700              579628              549795               73507
 0.750              641783              611594               63816
 0.800              700578              688322               57638
 0.850              767646              783462               52523
 0.900              847388              916818               49509
 0.950              956834             1096524               48907
 1.000             1097867             1357443             1647775
 1.050             1318532             1957773             2399409
 1.100             9927175             7706666             2775354
 1.150            13952869            11851732             3239644
 1.200            10123722            10083394             3592983
 1.250             4062595             5733209             3747306
 1.300              603643             2122546             3729495
 1.350               32196              590385             3578441
 1.400                 450              155946             3334955
 1.450                   0               46990             3029754
 1.500                   0               16585             2695313
 1.550                   0                6085             2356275
 1.600                   0                2254             2024456
 1.650                   0                 832             1713871
 1.700                   0                 303             1435850
 1.750                   0                 122             1187322
 1.800                   0                  33              970290
 1.850                   0                  24              787285
 1.900                   0                   5              629940
 1.950                   0                   4              500125
 2.000                   0                   0              393083
 2.050                   0                   1              304992
 2.100                   0                   0              234658
 2.150                   0                   0              177947
 2.200                   0                   0              134588
 2.250                   0                   0              100136
 2.300                   0                   0               73949
 2.350                   0                   1               53680
 2.400                   0                   0               38751
 2.450                   0                   0               27653
 2.500                   0                   0               19658
 2.550                   0                   0               13592
 2.600                   0                   0                9331
 2.650                   0                   0                6555
 2.700                   0                   1                4351
 2.750                   0                   0                3020
 2.800                   0                   0                1979
 2.850                   0                   0                1306
 2.900                   0                   0                 908
 2.950                   0                   0                 597
 3.000                   0                   0                 379
 3.050                   0                   0                 238
 3.100                   0                   0                 145
 3.150                   0                   0                 104
 3.200                   0                   0                  54
 3.250                   0                   0                  43
 3.300                   0                   0                  26
 3.350                   0                   0                  18
 3.400                   0                   0                   5
 3.450                   0                   0                  10
 3.500                   0                   0                   3
 3.550                   0                   0                   2
 3.600                   0                   0                   3
 3.650                   0                   0                   0
 3.700                   0                   0                   0
 3.750                   0                   0                   0
 3.800                   0                   1                   0
 3.850                   0                   2                   0
 3.900                   0                   1                   0
 3.950                   0                   2                   0
 4.000                   0                   3                   0
 4.050                   0                   0                   0
 4.100                   0                   0                   0
 4.150                   0                   4                   0
 4.200                   0                   1                   0
 4.250                   0                   3                   0
 4.300                   0                   3                   0
 4.350                   0                   3                   0
 4.400                   0                   0                   0
 4.450                   0                   5                   0
 4.500                   0                   2                   0
 4.550                   0                   8                   0
 4.600                   0                   6                   0
 4.650                   0                   7                   0
 4.700                   0                  10                   0
 4.750                   0                  17                   0
 4.800                   0                  30                   0
 4.850                   0                  33                   0
 4.900                   0                  79                   0
 4.950                   0                 162                   0
