 0.000             5881910             5425641             6947451
 0.050              450676              273383              393853
 0.100              402666              343952              282251
 0.150              396861              392909              214045
 0.200              407650              412777              154693
 0.250              425484              421701              115048
 0.300              446516              433390               87955
 0.350              470332              449867               69676
 0.400              502345              478757               56492
 0.450              535749              511415               46990
 0.500              573804              547136               40980
 0.550              615618              588847               37931
 0.600              656504              637573               36667
 0.650              701145              691619               37787
 0.700              743963              749580               39251
 0.750              784776              811420               41608
 0.800              819156              879284               45112
 0.850              850742              953998               49832
 0.900              903462             1033514               55471
 0.950             1020774             1151374               64464
 1.000             2631625             3024892             5596615
 1.050             7663452             7472085             5816464
 1.100             8558573             7691950             4715418
 1.150             3535625             3889618             3598345
 1.200              533986             1054098             2639659
 1.250               19053              177024             2050017
 1.300                  20               26385             1579113
 1.350                   0                5590             1235497
 1.400                   0                1726             1002485
 1.450                   0                 638              813834
 1.500                   0                 224              656473
 1.550                   0                  68              520869
 1.600                   0                  23              406588
 1.650                   0                   5              312344
 1.700                   0                   2              236156
 1.750                   0                   1              174176
 1.800                   0                   1              125073
 1.850                   0                   0               87197
 1.900                   0                   0               59182
 1.950                   0                   0               38040
 2.000                   0                   0               23457
 2.050                   0                   0               13677
 2.100                   0                   0                7551
 2.150                   0                   0                3707
 2.200                   0                   0                1753
 2.250                   0                   0                 768
 2.300                   0                   0                 290
 2.350                   0                   0                 113
 2.400                   0                   0                  35
 2.450                   0                   0                  10
 2.500                   0                   0                   3
 2.550                   0                   0                   1
 2.600                   0                   0                   0
 2.650                   0                   0                   0
 2.700                   0                   0                   0
 2.750                   0                   0                   0
 2.800                   0                   0                   0
 2.850                   0                   0                   0
 2.900                   0                   0                   0
 2.950                   0                   0                   0
 3.000                   0                   0                   0
 3.050                   0                   0                   0
 3.100                   0                   0                   0
 3.150                   0                   0                   0
 3.200                   0                   0                   0
 3.250                   0                   0                   0
 3.300                   0                   0                   0
 3.350                   0                   0                   0
 3.400                   0                   0                   0
 3.450                   0                   0                   0
 3.500                   0                   0                   0
 3.550                   0                   0                   0
 3.600                   0                   0                   0
 3.650                   0                   0                   0
 3.700                   0                   0                   0
 3.750                   0                   0                   0
 3.800                   0                   0                   0
 3.850                   0                   0                   0
 3.900                   0                   0                   0
 3.950                   0                   0                   0
 4.000                   0                   0                   0
 4.050                   0                   0                   0
 4.100                   0                   0                   0
 4.150                   0                   0                   0
 4.200                   0                   0                   0
 4.250                   0                   0                   0
 4.300                   0                   0                   0
 4.350                   0                   0                   0
 4.400                   0                   0                   0
 4.450                   0                   0                   0
 4.500                   0                   0                   0
 4.550                   0                   0                   0
 4.600                   0                   0                   0
 4.650                   0                   0                   0
 4.700                   0                   0                   0
 4.750                   0                   0                   0
 4.800                   0                   0                   0
 4.850                   0                   0                   0
 4.900                   0                   0                   0
 4.950                   0                   0                   0
