 0.000             3344752             3050733             3912987
 0.050              294178              199615              284909
 0.100              265382              239496              269884
 0.150              264592              261760              263178
 0.200              273274              268691              260411
 0.250              287680              271856              256754
 0.300              302361              279639              248718
 0.350              321125              292679              236089
 0.400              340364              309664              221439
 0.450              364061              332208              204739
 0.500              392982              359037              188367
 0.550              419161              389102              169637
 0.600              451909              423521              151201
 0.650              490998              462600              133394
 0.700              538799              507774              116917
 0.750              592985              561597              102180
 0.800              660297              630221               90584
 0.850              742035              723040               80818
 0.900              832847              854240               72842
 0.950              944051             1043289               68000
 1.000             1081937             1307591              982274
 1.050             1265991             1705266             1521500
 1.100             1693366             3671761             1946725
 1.150            17256132            10648337             2430171
 1.200            13576096            12480775             2897440
 1.250             9167863             9841828             3269840
 1.300             3123628             5496869             3513038
 1.350              435774             2160820             3621887
 1.400               17005              670810             3617118
 1.450                 301              198141             3516389
 1.500                   0               63827             3333325
 1.550                   0               22136             3096411
 1.600                   0                8030             2820510
 1.650                   0                3074             2523648
 1.700                   0                1176             2230424
 1.750                   0                 466             1938697
 1.800                   0                 156             1666542
 1.850                   0                  57             1414101
 1.900                   0                  28             1187358
 1.950                   0                   7              987998
 2.000                   0                   5              814138
 2.050                   0                   2              662538
 2.100                   0                   0              535049
 2.150                   0                   0              428532
 2.200                   0                   0              339645
 2.250                   0                   0              266727
 2.300                   0                   1              207493
 2.350                   0                   0              159969
 2.400                   0                   0              122870
 2.450                   0                   1               93208
 2.500                   0                   0               70291
 2.550                   0                   0               52377
 2.600                   0                   0               38895
 2.650                   0                   0               28674
 2.700                   0                   0               20841
 2.750                   0                   0               15206
 2.800                   0                   0               10876
 2.850                   0                   0                7793
 2.900                   0                   0                5512
 2.950                   0                   0                3937
 3.000                   0                   0                2713
 3.050                   0                   0                1933
 3.100                   0                   0                1285
 3.150                   0                   0                 857
 3.200                   0                   0                 571
 3.250                   0                   0                 448
 3.300                   0                   0                 256
 3.350                   0                   0                 179
 3.400                   0                   0                 116
 3.450                   0                   0                  77
 3.500                   0                   1                  45
 3.550                   0                   0                  29
 3.600                   0                   0                  19
 3.650                   0                   0                  12
 3.700                   0                   0                  11
 3.750                   0                   1                   5
 3.800                   0                   0                   6
 3.850                   0                   0                   3
 3.900                   0                   0                   2
 3.950                   0                   0                   3
 4.000                   0                   0                   0
 4.050                   0                   1                   0
 4.100                   0                   1                   0
 4.150                   0                   3                   0
 4.200                   0                   0                   0
 4.250                   0                   0                   0
 4.300                   0                   2                   0
 4.350                   0                   2                   0
 4.400                   0                   2                   0
 4.450                   0                   3                   0
 4.500                   0                   3                   0
 4.550                   0                   6                   0
 4.600                   0                   3                   0
 4.650                   0                   7                   0
 4.700                   0                   9                   0
 4.750                   0                  19                   0
 4.800                   0                  25                   0
 4.850                   0                  27                   0
 4.900                   0                  75                   0
 4.950                   0                 151                   0
