 0.000             3695276             3413222             4320691
 0.050              308911              214565              287168
 0.100              281542              251733              264788
 0.150              282489              274282              254265
 0.200              292311              283040              242191
 0.250              306696              287699              226586
 0.300              323346              296822              211793
 0.350              342907              312756              193878
 0.400              364781              333533              172240
 0.450              387774              359300              151973
 0.500              414676              388273              132952
 0.550              445689              420037              114537
 0.600              482214              455785               98702
 0.650              522382              495865               85075
 0.700              571396              545090               74187
 0.750              627044              601844               65205
 0.800              687269              673110               57873
 0.850              753589              768716               53263
 0.900              838035              902678               49839
 0.950              939246             1082588               48960
 1.000             1072081             1340800             1637952
 1.050             1294838             1917001             2350984
 1.100             9702054             7571373             2750862
 1.150            14045005            11876243             3202390
 1.200            10338990            10220200             3571651
 1.250             4346244             5956573             3749540
 1.300              696077             2268408             3740963
 1.350               38789              641680             3596247
 1.400                1674              171970             3361333
 1.450                   1               50407             3065164
 1.500                   0               17347             2734611
 1.550                   0                6474             2393669
 1.600                   0                2467             2064587
 1.650                   0                 924             1752723
 1.700                   0                 321             1469590
 1.750                   0                 131             1218296
 1.800                   0                  38              997213
 1.850                   0                  16              807662
 1.900                   0                   9              650224
 1.950                   0                   3              515130
 2.000                   0                   1              406545
 2.050                   0                   0              315934
 2.100                   0                   1              243715
 2.150                   0                   0              185091
 2.200                   0                   0              140030
 2.250                   0                   0              104420
 2.300                   0                   0               77259
 2.350                   0                   0               56543
 2.400                   0                   1               40690
 2.450                   0                   0               29312
 2.500                   0                   0               20713
 2.550                   0                   1               14523
 2.600                   0                   0               10192
 2.650                   0                   0                6845
 2.700                   0                   0                4790
 2.750                   0                   0                3163
 2.800                   0                   0                2176
 2.850                   0                   0                1377
 2.900                   0                   0                 925
 2.950                   0                   0                 647
 3.000                   0                   0                 416
 3.050                   0                   0                 246
 3.100                   0                   0                 175
 3.150                   0                   0                  91
 3.200                   0                   1                  74
 3.250                   0                   0                  46
 3.300                   0                   0                  25
 3.350                   0                   0                  14
 3.400                   0                   0                  13
 3.450                   0                   2                   1
 3.500                   0                   0                   7
 3.550                   0                   0                   2
 3.600                   0                   0                   1
 3.650                   0                   1                   2
 3.700                   0                   0                   0
 3.750                   0                   0                   0
 3.800                   0                   0                   0
 3.850                   0                   1                   0
 3.900                   0                   0                   0
 3.950                   0                   1                   0
 4.000                   0                   1                   0
 4.050                   0                   1                   0
 4.100                   0                   1                   0
 4.150                   0                   2                   0
 4.200                   0                   0                   0
 4.250                   0                   1                   0
 4.300                   0                   1                   0
 4.350                   0                   2                   0
 4.400                   0                   2                   0
 4.450                   0                   4                   0
 4.500                   0                   2                   0
 4.550                   0                   3                   0
 4.600                   0                   5                   0
 4.650                   0                   7                   0
 4.700                   0                  15                   0
 4.750                   0                  16                   0
 4.800                   0                  22                   0
 4.850                   0                  44                   0
 4.900                   0                  64                   0
 4.950                   0                 163                   0
