 0.000             5864078             5379306             6904469
 0.050              452907              265888              404528
 0.100              406699              340767              290985
 0.150              400725              393478              214301
 0.200              411694              418142              157720
 0.250              427433              428391              121387
 0.300              449316              436634               94024
 0.350              475135              455399               73311
 0.400              505575              480622               59162
 0.450              540532              515895               50685
 0.500              580464              554517               45119
 0.550              621731              597360               41919
 0.600              665361              645561               40668
 0.650              702487              701757               41063
 0.700              740606              759872               42743
 0.750              783575              821372               44642
 0.800              832686              895399               48639
 0.850              887765              974074               53313
 0.900              967547             1074574               59647
 0.950             1103383             1225738               69070
 1.000             3382885             3815833             6317575
 1.050             8631283             8182545             5848206
 1.100             7717060             7094891             4548509
 1.150             3174440             3534509             3387495
 1.200              405804              946408             2628657
 1.250                8380              162902             2097453
 1.300                   0               27564             1648270
 1.350                   0                6729             1297587
 1.400                   0                2190             1023572
 1.450                   0                 843              807139
 1.500                   0                 245              640721
 1.550                   0                 104              506911
 1.600                   0                  25              399878
 1.650                   0                  11              311176
 1.700                   0                   4              237543
 1.750                   0                   1              177774
 1.800                   0                   0              130692
 1.850                   0                   0               93975
 1.900                   0                   1               65630
 1.950                   0                   0               44344
 2.000                   0                   0               28274
 2.050                   0                   0               17943
 2.100                   0                   0               10504
 2.150                   0                   0                5992
 2.200                   0                   0                3284
 2.250                   0                   0                1715
 2.300                   0                   0                 756
 2.350                   0                   0                 347
 2.400                   0                   0                 147
 2.450                   0                   0                  62
 2.500                   0                   0                  17
 2.550                   0                   0                   7
 2.600                   0                   0                   1
 2.650                   0                   0                   0
 2.700                   0                   0                   0
 2.750                   0                   0                   0
 2.800                   0                   0                   0
 2.850                   0                   0                   0
 2.900                   0                   0                   0
 2.950                   0                   0                   0
 3.000                   0                   0                   0
 3.050                   0                   0                   0
 3.100                   0                   0                   0
 3.150                   0                   0                   0
 3.200                   0                   0                   0
 3.250                   0                   0                   0
 3.300                   0                   0                   0
 3.350                   0                   0                   0
 3.400                   0                   0                   0
 3.450                   0                   0                   0
 3.500                   0                   0                   0
 3.550                   0                   0                   0
 3.600                   0                   0                   0
 3.650                   0                   0                   0
 3.700                   0                   0                   0
 3.750                   0                   0                   0
 3.800                   0                   0                   0
 3.850                   0                   0                   0
 3.900                   0                   0                   0
 3.950                   0                   0                   0
 4.000                   0                   0                   0
 4.050                   0                   0                   0
 4.100                   0                   0                   0
 4.150                   0                   0                   0
 4.200                   0                   0                   0
 4.250                   0                   0                   0
 4.300                   0                   0                   0
 4.350                   0                   0                   0
 4.400                   0                   0                   0
 4.450                   0                   0                   0
 4.500                   0                   0                   0
 4.550                   0                   0                   0
 4.600                   0                   0                   0
 4.650                   0                   0                   0
 4.700                   0                   0                   0
 4.750                   0                   0                   0
 4.800                   0                   0                   0
 4.850                   0                   0                   0
 4.900                   0                   0                   0
 4.950                   0                   0                   0
