 0.000             3491134             3171595             4066406
 0.050              308661              203449              287127
 0.100              284438              247938              269324
 0.150              284140              275512              259038
 0.200              292854              285752              253117
 0.250              306823              291632              249143
 0.300              324338              300145              240597
 0.350              340455              311197              230007
 0.400              357605              329223              213610
 0.450              377841              350926              195279
 0.500              401231              376397              176013
 0.550              431337              405478              157183
 0.600              463902              438298              138466
 0.650              498553              474674              121914
 0.700              538234              517871              106634
 0.750              584559              567693               94315
 0.800              643135              631635               84103
 0.850              707787              716328               74808
 0.900              776128              838494               68547
 0.950              862508             1018517               63916
 1.000              982980             1271496             1080900
 1.050             1156057             1681851             1692231
 1.100             3774277             4670918             2114790
 1.150            17398411            11398856             2599723
 1.200            12709379            12007266             3056245
 1.250             7766941             8823977             3394432
 1.300             2199732             4533038             3587666
 1.350              221145             1640493             3643477
 1.400                4808              488592             3584855
 1.450                   0              145107             3434625
 1.500                   0               47610             3214733
 1.550                   0               17196             2952677
 1.600                   0                6357             2656359
 1.650                   0                2384             2353834
 1.700                   0                 919             2053669
 1.750                   0                 372             1770366
 1.800                   0                 134             1504489
 1.850                   0                  47             1265791
 1.900                   0                  10             1054568
 1.950                   0                   8              865691
 2.000                   0                   3              705677
 2.050                   0                   1              569205
 2.100                   0                   2              454089
 2.150                   0                   1              360401
 2.200                   0                   0              281543
 2.250                   0                   0              220134
 2.300                   0                   0              169604
 2.350                   0                   0              128881
 2.400                   0                   0               98432
 2.450                   0                   1               73309
 2.500                   0                   0               54648
 2.550                   0                   0               40106
 2.600                   0                   0               29475
 2.650                   0                   0               21418
 2.700                   0                   0               15430
 2.750                   0                   0               10862
 2.800                   0                   0                7805
 2.850                   0                   1                5531
 2.900                   0                   0                3756
 2.950                   0                   0                2722
 3.000                   0                   0                1756
 3.050                   0                   0                1288
 3.100                   0                   0                 769
 3.150                   0                   0                 548
 3.200                   0                   0                 386
 3.250                   0                   0                 234
 3.300                   0                   0                 151
 3.350                   0                   0                  91
 3.400                   0                   0                  62
 3.450                   0                   0                  39
 3.500                   0                   0                  25
 3.550                   0                   0                  23
 3.600                   0                   0                  16
 3.650                   0                   0                   4
 3.700                   0                   0                   6
 3.750                   0                   0                   2
 3.800                   0                   1                   3
 3.850                   0                   0                   2
 3.900                   0                   1                   0
 3.950                   0                   0                   2
 4.000                   0                   0                   0
 4.050                   0                   0                   1
 4.100                   0                   2                   0
 4.150                   0                   1                   0
 4.200                   0                   1                   0
 4.250                   0                   2                   0
 4.300                   0                   1                   0
 4.350                   0                   3                   0
 4.400                   0                   2                   0
 4.450                   0                   0                   0
 4.500                   0                   5                   0
 4.550                   0                   1                   0
 4.600                   0                   7                   0
 4.650                   0                   8                   0
 4.700                   0                   6                   0
 4.750                   0                  15                   0
 4.800                   0                  15                   0
 4.850                   0                  26                   0
 4.900                   0                  57                   0
 4.950                   0                 134                   0
