 0.000             5876929             5409039             6934593
 0.050              451645              273157              399589
 0.100              401635              344716              280392
 0.150              397862              392962              216759
 0.200              408404              414381              160733
 0.250              426369              423805              117118
 0.300              448105              434743               90355
 0.350              472959              453710               70151
 0.400              504180              479994               57421
 0.450              536894              512803               48336
 0.500              578700              552024               42372
 0.550              619410              594502               38968
 0.600              660773              645080               37743
 0.650              700917              696973               38475
 0.700              739718              750597               39654
 0.750              784132              812643               42325
 0.800              824081              880702               45764
 0.850              864380              954590               50404
 0.900              916893             1038871               56224
 0.950             1024459             1165803               65397
 1.000             2634876             3053245             5741237
 1.050             7867806             7648864             5693594
 1.100             8502674             7628245             4683558
 1.150             3483162             3852779             3604271
 1.200              504331             1026799             2690535
 1.250               20059              174818             2064247
 1.300                   0               26776             1611174
 1.350                   0                5894             1249010
 1.400                   0                1823              997876
 1.450                   0                 655              810490
 1.500                   0                 251              650917
 1.550                   0                  71              518449
 1.600                   0                  28              406453
 1.650                   0                   7              312904
 1.700                   0                   2              236614
 1.750                   0                   1              175858
 1.800                   0                   0              127183
 1.850                   0                   0               88775
 1.900                   0                   0               60503
 1.950                   0                   0               39410
 2.000                   0                   0               24623
 2.050                   0                   0               14736
 2.100                   0                   0                8276
 2.150                   0                   0                4265
 2.200                   0                   0                2083
 2.250                   0                   0                 927
 2.300                   0                   0                 404
 2.350                   0                   0                 154
 2.400                   0                   0                  37
 2.450                   0                   0                  12
 2.500                   0                   0                   4
 2.550                   0                   0                   1
 2.600                   0                   0                   0
 2.650                   0                   0                   0
 2.700                   0                   0                   0
 2.750                   0                   0                   0
 2.800                   0                   0                   0
 2.850                   0                   0                   0
 2.900                   0                   0                   0
 2.950                   0                   0                   0
 3.000                   0                   0                   0
 3.050                   0                   0                   0
 3.100                   0                   0                   0
 3.150                   0                   0                   0
 3.200                   0                   0                   0
 3.250                   0                   0                   0
 3.300                   0                   0                   0
 3.350                   0                   0                   0
 3.400                   0                   0                   0
 3.450                   0                   0                   0
 3.500                   0                   0                   0
 3.550                   0                   0                   0
 3.600                   0                   0                   0
 3.650                   0                   0                   0
 3.700                   0                   0                   0
 3.750                   0                   0                   0
 3.800                   0                   0                   0
 3.850                   0                   0                   0
 3.900                   0                   0                   0
 3.950                   0                   0                   0
 4.000                   0                   0                   0
 4.050                   0                   0                   0
 4.100                   0                   0                   0
 4.150                   0                   0                   0
 4.200                   0                   0                   0
 4.250                   0                   0                   0
 4.300                   0                   0                   0
 4.350                   0                   0                   0
 4.400                   0                   0                   0
 4.450                   0                   0                   0
 4.500                   0                   0                   0
 4.550                   0                   0                   0
 4.600                   0                   0                   0
 4.650                   0                   0                   0
 4.700                   0                   0                   0
 4.750                   0                   0                   0
 4.800                   0                   0                   0
 4.850                   0                   0                   0
 4.900                   0                   0                   0
 4.950                   0                   0                   0
