 0.000             3933926             3644545             4609436
 0.050              322571              224362              322116
 0.100              293298              266259              274969
 0.150              292737              289424              253942
 0.200              301724              294870              237468
 0.250              316564              300205              221605
 0.300              333312              308762              202202
 0.350              354721              326369              181606
 0.400              378128              347431              161238
 0.450              403831              372329              141099
 0.500              434330              403548              121434
 0.550              464830              437309              104302
 0.600              502592              477889               89488
 0.650              546003              523256               76955
 0.700              594681              572631               67057
 0.750              653824              636669               58708
 0.800              723968              715259               52847
 0.850              800121              816390               49961
 0.900              892029              956342               47515
 0.950              994553             1149268               47286
 1.000             1132888             1415527             1916157
 1.050             1368566             2383095             2685415
 1.100            12669550             9322690             2993309
 1.150            12821717            11545802             3408462
 1.200             8230361             8698024             3700559
 1.250             2660895             4335647             3787146
 1.300              307306             1437396             3685928
 1.350               15382              384383             3449555
 1.400                 362              105874             3146802
 1.450                   0               33935             2809546
 1.500                   0               11972             2460599
 1.550                   0                4589             2119208
 1.600                   0                1738             1799274
 1.650                   0                 616             1503228
 1.700                   0                 238             1245727
 1.750                   0                  83             1021283
 1.800                   0                  28              827269
 1.850                   0                   3              663257
 1.900                   0                   8              525770
 1.950                   0                   3              413154
 2.000                   0                   0              320035
 2.050                   0                   0              245807
 2.100                   0                   0              185882
 2.150                   0                   0              140570
 2.200                   0                   1              104272
 2.250                   0                   1               76888
 2.300                   0                   0               55333
 2.350                   0                   1               40098
 2.400                   1                   0               28642
 2.450                   0                   0               20092
 2.500                   0                   0               14237
 2.550                   0                   0                9684
 2.600                   0                   0                6669
 2.650                   0                   0                4560
 2.700                   0                   0                3049
 2.750                   0                   0                1975
 2.800                   0                   0                1361
 2.850                   0                   0                 889
 2.900                   0                   0                 555
 2.950                   0                   0                 346
 3.000                   0                   0                 224
 3.050                   0                   0                 175
 3.100                   0                   0                 106
 3.150                   0                   0                  62
 3.200                   0                   1                  28
 3.250                   0                   0                  24
 3.300                   0                   0                  11
 3.350                   0                   0                   3
 3.400                   0                   0                   8
 3.450                   0                   1                   1
 3.500                   0                   0                   2
 3.550                   0                   1                   0
 3.600                   0                   0                   1
 3.650                   0                   1                   1
 3.700                   0                   3                   0
 3.750                   0                   0                   1
 3.800                   0                   0                   0
 3.850                   0                   0                   0
 3.900                   0                   0                   0
 3.950                   0                   1                   0
 4.000                   0                   0                   0
 4.050                   0                   2                   0
 4.100                   0                   1                   0
 4.150                   0                   1                   0
 4.200                   0                   2                   0
 4.250                   0                   2                   0
 4.300                   0                   2                   0
 4.350                   0                   2                   0
 4.400                   0                   2                   0
 4.450                   0                   2                   0
 4.500                   0                   3                   0
 4.550                   0                   2                   0
 4.600                   0                   4                   0
 4.650                   0                   6                   0
 4.700                   0                   6                   0
 4.750                   0                  13                   0
 4.800                   0                  21                   0
 4.850                   0                  29                   0
 4.900                   0                  48                   0
 4.950                   2                 137                   0
