 0.000             3545429             3244528             4126975
 0.050              298356              203756              298429
 0.100              272513              243516              271235
 0.150              274190              266652              253019
 0.200              284069              274089              243017
 0.250              298740              279424              231076
 0.300              317488              289953              219366
 0.350              337263              304338              203054
 0.400              357126              324239              185963
 0.450              379163              349299              166272
 0.500              406184              376754              148365
 0.550              436887              409485              130195
 0.600              471408              443952              113946
 0.650              515222              487333               99425
 0.700              565402              536262               86970
 0.750              621803              596278               75974
 0.800              685520              669346               67769
 0.850              756276              770882               60756
 0.900              839198              909623               56780
 0.950              948499             1103126               54454
 1.000             1107670             1380632             1452925
 1.050             1342355             1925494             2025074
 1.100             8288521             6603355             2474117
 1.150            14446815            11630442             2933851
 1.200            11766871            11089907             3315091
 1.250             5596266             7184663             3583225
 1.300             1066342             3065939             3678981
 1.350               96999              968682             3635826
 1.400                2112              271001             3480664
 1.450                   0               79945             3260444
 1.500                   0               26630             2980396
 1.550                   0                9415             2672121
 1.600                   0                3576             2357288
 1.650                   0                1333             2045498
 1.700                   0                 522             1749104
 1.750                   0                 194             1479076
 1.800                   0                  77             1233565
 1.850                   0                  28             1021176
 1.900                   0                   9              833815
 1.950                   0                   6              674118
 2.000                   0                   0              538840
 2.050                   0                   1              427222
 2.100                   0                   0              335087
 2.150                   0                   1              261061
 2.200                   0                   0              200147
 2.250                   0                   0              153240
 2.300                   0                   0              115765
 2.350                   0                   0               86349
 2.400                   0                   0               63687
 2.450                   0                   0               47246
 2.500                   0                   0               34278
 2.550                   0                   0               24822
 2.600                   0                   0               17501
 2.650                   0                   0               12393
 2.700                   0                   0                8744
 2.750                   0                   0                5982
 2.800                   0                   0                4168
 2.850                   0                   0                2874
 2.900                   0                   0                1859
 2.950                   0                   1                1284
 3.000                   0                   0                 843
 3.050                   0                   0                 563
 3.100                   0                   0                 370
 3.150                   0                   0                 256
 3.200                   0                   0                 163
 3.250                   0                   1                 101
 3.300                   0                   0                  78
 3.350                   0                   0                  49
 3.400                   0                   1                  26
 3.450                   0                   1                  19
 3.500                   0                   0                  11
 3.550                   0                   0                   7
 3.600                   0                   0                   2
 3.650                   0                   1                   3
 3.700                   0                   1                   2
 3.750                   0                   0                   2
 3.800                   0                   0                   0
 3.850                   0                   0                   0
 3.900                   0                   1                   1
 3.950                   0                   2                   0
 4.000                   0                   1                   0
 4.050                   0                   1                   0
 4.100                   0                   1                   0
 4.150                   0                   2                   0
 4.200                   0                   4                   0
 4.250                   0                   1                   0
 4.300                   0                   1                   0
 4.350                   0                   0                   0
 4.400                   0                   4                   0
 4.450                   0                   1                   0
 4.500                   0                   4                   0
 4.550                   0                   7                   0
 4.600                   0                   6                   0
 4.650                   0                   3                   0
 4.700                   0                   6                   0
 4.750                   0                   4                   0
 4.800                   0                  19                   0
 4.850                   0                  24                   0
 4.900                   0                  32                   0
 4.950                   1                 116                   0
