 0.000             3499054             3183896             4073944
 0.050              311014              202171              287172
 0.100              283505              246386              266007
 0.150              283386              275271              258930
 0.200              292516              286704              252789
 0.250              305159              291002              248600
 0.300              319671              298330              241584
 0.350              339112              310634              227915
 0.400              357728              328658              211472
 0.450              380169              350944              193085
 0.500              402981              376339              173960
 0.550              429088              405561              154177
 0.600              461439              437155              135837
 0.650              497040              473350              119663
 0.700              538581              516919              105682
 0.750              586229              566190               92682
 0.800              644907              628973               82155
 0.850              703490              714334               73492
 0.900              768235              838583               67123
 0.950              857083             1015723               63061
 1.000              983776             1272865             1099631
 1.050             1160673             1696254             1709477
 1.100             4507061             4863480             2134916
 1.150            16791984            11401703             2628697
 1.200            12837550            12000771             3082950
 1.250             7589755             8741148             3420080
 1.300             1970797             4358729             3605322
 1.350              170403             1535936             3647864
 1.400                1999              451653             3584347
 1.450                   5              134317             3422146
 1.500                   3               44769             3199015
 1.550                   2               15870             2927114
 1.600                   0                6090             2631030
 1.650                   0                2317             2325223
 1.700                   0                 862             2026202
 1.750                   0                 319             1740951
 1.800                   0                 123             1479949
 1.850                   0                  37             1242080
 1.900                   0                  16             1031099
 1.950                   0                   5              846829
 2.000                   0                   3              687993
 2.050                   0                   1              554643
 2.100                   0                   3              442708
 2.150                   0                   1              348568
 2.200                   0                   0              274229
 2.250                   0                   0              212910
 2.300                   0                   0              163393
 2.350                   0                   0              124619
 2.400                   0                   0               93781
 2.450                   0                   0               69970
 2.500                   0                   0               52345
 2.550                   0                   0               38205
 2.600                   0                   0               28084
 2.650                   0                   0               20292
 2.700                   0                   0               14504
 2.750                   0                   0               10303
 2.800                   0                   0                7365
 2.850                   0                   0                5039
 2.900                   0                   0                3560
 2.950                   0                   0                2413
 3.000                   0                   0                1719
 3.050                   0                   0                1059
 3.100                   0                   0                 781
 3.150                   0                   0                 501
 3.200                   0                   0                 335
 3.250                   0                   0                 213
 3.300                   0                   0                 121
 3.350                   0                   0                  91
 3.400                   0                   0                  57
 3.450                   0                   0                  32
 3.500                   0                   0                  28
 3.550                   0                   0                  22
 3.600                   0                   0                   6
 3.650                   0                   0                   6
 3.700                   0                   0                   2
 3.750                   0                   0                   4
 3.800                   0                   0                   1
 3.850                   0                   0                   1
 3.900                   0                   0                   2
 3.950                   0                   1                   0
 4.000                   0                   0                   1
 4.050                   0                   1                   0
 4.100                   0                   1                   0
 4.150                   0                   0                   0
 4.200                   0                   0                   0
 4.250                   0                   2                   0
 4.300                   0                   0                   0
 4.350                   0                   0                   0
 4.400                   0                   2                   0
 4.450                   0                   1                   0
 4.500                   0                   2                   0
 4.550                   0                   1                   0
 4.600                   0                   6                   0
 4.650                   0                   4                   0
 4.700                   0                   6                   0
 4.750                   0                  15                   0
 4.800                   0                  12                   0
 4.850                   0                  21                   0
 4.900                   0                  43                   0
 4.950                   0                 119                   0
