 0.000             4411967             4079573             5172796
 0.050              360522              252865              331080
 0.100              326770              302764              289342
 0.150              327050              324787              259868
 0.200              333827              330062              230569
 0.250              347365              332566              200267
 0.300              363156              340752              172344
 0.350              382203              355271              144793
 0.400              402636              377645              120035
 0.450              430291              402792               99711
 0.500              460898              435217               83021
 0.550              497300              469776               69944
 0.600              536159              510777               60880
 0.650              579251              556014               52718
 0.700              623341              609475               47504
 0.750              681150              675823               44114
 0.800              743475              756399               42376
 0.850              815378              859206               42285
 0.900              903571              993985               43271
 0.950             1021714             1177025               46190
 1.000             1195587             1495617             3034164
 1.050             5624438             5411101             3646460
 1.100            12485574            10362644             3619196
 1.150             9417509             9177406             3820316
 1.200             4485964             5412726             3826057
 1.250              967653             2062595             3624456
 1.300               71801              545721             3308392
 1.350                 210              130477             2910482
 1.400                   0               36281             2501420
 1.450                   0               12301             2127634
 1.500                   0                4515             1779495
 1.550                   0                1661             1472337
 1.600                   0                 606             1204804
 1.650                   0                 212              977338
 1.700                   0                  81              785842
 1.750                   0                  27              624973
 1.800                   0                  11              491179
 1.850                   0                   4              381452
 1.900                   0                   0              292881
 1.950                   0                   0              222841
 2.000                   0                   0              167075
 2.050                   0                   0              124026
 2.100                   0                   0               90679
 2.150                   0                   0               65233
 2.200                   0                   0               46397
 2.250                   0                   0               32453
 2.300                   0                   0               22234
 2.350                   0                   0               15174
 2.400                   0                   0               10088
 2.450                   0                   0                6587
 2.500                   0                   0                4387
 2.550                   0                   0                2895
 2.600                   0                   0                1819
 2.650                   0                   0                1117
 2.700                   0                   0                 712
 2.750                   0                   0                 459
 2.800                   0                   0                 247
 2.850                   0                   0                 153
 2.900                   0                   0                  89
 2.950                   0                   0                  49
 3.000                   0                   0                  21
 3.050                   0                   0                  13
 3.100                   0                   0                  12
 3.150                   0                   0                   5
 3.200                   0                   0                   3
 3.250                   0                   0                   3
 3.300                   0                   0                   0
 3.350                   0                   0                   1
 3.400                   0                   0                   1
 3.450                   0                   0                   1
 3.500                   0                   0                   0
 3.550                   0                   0                   0
 3.600                   0                   0                   0
 3.650                   0                   0                   0
 3.700                   0                   0                   0
 3.750                   0                   0                   0
 3.800                   0                   0                   0
 3.850                   0                   0                   0
 3.900                   0                   0                   0
 3.950                   0                   0                   0
 4.000                   0                   0                   0
 4.050                   0                   0                   0
 4.100                   0                   0                   0
 4.150                   0                   0                   0
 4.200                   0                   0                   0
 4.250                   0                   0                   0
 4.300                   0                   0                   0
 4.350                   0                   0                   0
 4.400                   0                   0                   0
 4.450                   0                   0                   0
 4.500                   0                   0                   0
 4.550                   0                   0                   0
 4.600                   0                   0                   0
 4.650                   0                   0                   0
 4.700                   0                   0                   0
 4.750                   0                   0                   0
 4.800                   0                   0                   0
 4.850                   0                   0                   0
 4.900                   0                   0                   0
 4.950                   0                   0                   0
