 0.000             4473627             4146222             5240700
 0.050              361362              254655              344740
 0.100              326924              304607              296545
 0.150              324548              321933              255947
 0.200              332503              324588              222155
 0.250              346571              328718              194251
 0.300              362712              339924              164032
 0.350              382032              357062              138218
 0.400              406969              378705              115283
 0.450              434803              406788               95474
 0.500              468473              437826               80582
 0.550              506873              474535               67972
 0.600              544046              519110               57982
 0.650              587205              569970               50766
 0.700              638658              620143               45742
 0.750              693658              683139               42696
 0.800              754125              761477               41324
 0.850              818361              863519               41322
 0.900              905649              997009               42945
 0.950             1017746             1180230               45814
 1.000             1179763             1491581             3235614
 1.050             5793021             5528231             3747238
 1.100            12256445            10349618             3694300
 1.150             9541937             9168687             3821873
 1.200             4198776             5209742             3825879
 1.250              757684             1830264             3603173
 1.300               34716              449000             3220330
 1.350                  75              105606             2822905
 1.400                   0               30007             2424844
 1.450                   0               10363             2050000
 1.500                   0                3840             1711187
 1.550                   0                1387             1412665
 1.600                   0                 504             1156809
 1.650                   0                 169              936353
 1.700                   0                  58              751509
 1.750                   0                  28              595286
 1.800                   0                  10              465289
 1.850                   0                   5              360573
 1.900                   0                   1              276075
 1.950                   0                   1              209543
 2.000                   0                   0              156485
 2.050                   0                   0              114766
 2.100                   0                   0               83403
 2.150                   0                   0               59445
 2.200                   0                   0               41830
 2.250                   0                   0               29171
 2.300                   0                   0               20009
 2.350                   0                   0               13269
 2.400                   0                   0                8936
 2.450                   0                   0                5900
 2.500                   0                   0                3795
 2.550                   0                   0                2358
 2.600                   0                   0                1540
 2.650                   0                   0                 987
 2.700                   0                   0                 579
 2.750                   0                   0                 358
 2.800                   0                   0                 207
 2.850                   0                   0                 125
 2.900                   0                   0                  76
 2.950                   0                   0                  32
 3.000                   0                   0                  19
 3.050                   0                   0                  11
 3.100                   0                   0                  11
 3.150                   0                   0                   5
 3.200                   0                   0                   4
 3.250                   0                   0                   2
 3.300                   0                   0                   2
 3.350                   0                   0                   1
 3.400                   0                   0                   1
 3.450                   0                   0                   0
 3.500                   0                   0                   0
 3.550                   0                   0                   0
 3.600                   0                   0                   0
 3.650                   0                   0                   0
 3.700                   0                   0                   0
 3.750                   0                   0                   0
 3.800                   0                   0                   0
 3.850                   0                   0                   0
 3.900                   0                   0                   0
 3.950                   0                   0                   0
 4.000                   0                   0                   0
 4.050                   0                   0                   0
 4.100                   0                   0                   0
 4.150                   0                   0                   0
 4.200                   0                   0                   0
 4.250                   0                   0                   0
 4.300                   0                   0                   0
 4.350                   0                   0                   0
 4.400                   0                   0                   0
 4.450                   0                   0                   0
 4.500                   0                   0                   0
 4.550                   0                   0                   0
 4.600                   0                   0                   0
 4.650                   0                   0                   0
 4.700                   0                   0                   0
 4.750                   0                   0                   0
 4.800                   0                   0                   0
 4.850                   0                   0                   0
 4.900                   0                   0                   0
 4.950                   0                   0                   0
