 0.000             3546184             3243144             4113222
 0.050              300496              201940              295499
 0.100              274121              241945              280263
 0.150              273898              265189              260764
 0.200              283984              275896              246527
 0.250              298704              280664              236362
 0.300              314751              290820              222986
 0.350              332830              303305              205886
 0.400              352120              321380              189159
 0.450              375621              345277              170187
 0.500              401895              372048              151914
 0.550              432245              403937              134064
 0.600              467426              440778              118158
 0.650              506168              481083              102804
 0.700              551378              527438               90002
 0.750              606430              586659               78674
 0.800              673027              663045               69781
 0.850              752252              763275               63115
 0.900              847581              904062               57884
 0.950              960743             1106834               55620
 1.000             1098082             1383931             1378005
 1.050             1312258             1919054             1949454
 1.100             8324647             6501062             2368988
 1.150            14587332            11625666             2871669
 1.200            11652783            11112633             3301188
 1.250             5860013             7381598             3543744
 1.300             1170616             3248266             3653302
 1.350               77597             1027825             3634958
 1.400                2129              288100             3504532
 1.450                   0               85141             3291806
 1.500                   0               28806             3023233
 1.550                   0               10269             2724910
 1.600                   0                3840             2408644
 1.650                   0                1527             2097860
 1.700                   0                 541             1803970
 1.750                   0                 206             1528469
 1.800                   0                  77             1280484
 1.850                   0                  27             1061072
 1.900                   0                  14              871004
 1.950                   0                   7              705789
 2.000                   0                   1              567847
 2.050                   0                   0              449877
 2.100                   0                   0              354708
 2.150                   0                   1              276565
 2.200                   0                   0              212962
 2.250                   0                   0              163096
 2.300                   0                   0              123594
 2.350                   0                   0               93424
 2.400                   0                   0               69343
 2.450                   0                   0               51129
 2.500                   0                   0               37154
 2.550                   0                   0               27224
 2.600                   0                   0               19405
 2.650                   0                   0               13900
 2.700                   0                   0                9619
 2.750                   0                   0                6887
 2.800                   0                   0                4651
 2.850                   0                   1                3265
 2.900                   0                   0                2129
 2.950                   0                   0                1479
 3.000                   0                   1                 962
 3.050                   0                   0                 624
 3.100                   0                   0                 401
 3.150                   0                   0                 264
 3.200                   0                   0                 209
 3.250                   0                   2                 121
 3.300                   0                   1                  71
 3.350                   0                   0                  62
 3.400                   0                   0                  31
 3.450                   0                   0                  25
 3.500                   0                   0                   9
 3.550                   0                   0                   5
 3.600                   0                   0                   6
 3.650                   0                   0                   2
 3.700                   0                   1                   3
 3.750                   0                   0                   1
 3.800                   0                   1                   2
 3.850                   0                   1                   0
 3.900                   0                   1                   0
 3.950                   0                   1                   0
 4.000                   0                   1                   0
 4.050                   0                   2                   0
 4.100                   0                   2                   0
 4.150                   0                   3                   0
 4.200                   0                   1                   0
 4.250                   0                   3                   0
 4.300                   0                   1                   0
 4.350                   0                   1                   0
 4.400                   0                   1                   0
 4.450                   0                   0                   0
 4.500                   0                   7                   0
 4.550                   0                   5                   0
 4.600                   0                  12                   0
 4.650                   0                   8                   0
 4.700                   0                   6                   0
 4.750                   0                  15                   0
 4.800                   0                  17                   0
 4.850                   0                  24                   0
 4.900                   0                  52                   0
 4.950                   0                 132                   0
