 0.000             3912394             3625210             4583360
 0.050              321854              223669              322425
 0.100              292499              265135              277243
 0.150              292919              288215              253990
 0.200              301741              295466              236751
 0.250              314555              300059              222357
 0.300              331437              307928              202433
 0.350              350459              323323              182696
 0.400              373310              343627              161244
 0.450              401044              368846              142151
 0.500              431880              400156              122226
 0.550              466347              435230              104776
 0.600              505678              474291               90291
 0.650              550643              521246               77640
 0.700              600580              574622               67445
 0.750              655769              638791               59625
 0.800              722567              718162               53134
 0.850              801883              821473               49818
 0.900              897109              960988               47775
 0.950             1006144             1155104               47460
 1.000             1139825             1420799             1888742
 1.050             1361018             2312139             2665983
 1.100            12396957             9193968             2983643
 1.150            13114936            11684979             3377788
 1.200             8281163             8795178             3683185
 1.250             2664488             4371924             3781906
 1.300              347063             1471867             3690617
 1.350               15783              397327             3464273
 1.400                1020              109025             3162043
 1.450                   0               34682             2828057
 1.500                   0               12141             2480225
 1.550                   0                4722             2139053
 1.600                   0                1723             1819361
 1.650                   0                 661             1520701
 1.700                   0                 262             1262746
 1.750                   0                  86             1036611
 1.800                   0                  22              841000
 1.850                   0                  11              675252
 1.900                   0                   3              534573
 1.950                   0                   4              419896
 2.000                   0                   0              327337
 2.050                   0                   0              251003
 2.100                   0                   0              190670
 2.150                   0                   0              143634
 2.200                   0                   0              106730
 2.250                   0                   0               78784
 2.300                   0                   1               57465
 2.350                   0                   0               40823
 2.400                   0                   1               29639
 2.450                   0                   0               20685
 2.500                   0                   0               14547
 2.550                   0                   0                9982
 2.600                   0                   1                6949
 2.650                   0                   0                4721
 2.700                   0                   0                3217
 2.750                   0                   0                2094
 2.800                   0                   0                1399
 2.850                   0                   1                 946
 2.900                   0                   0                 612
 2.950                   0                   0                 349
 3.000                   0                   0                 258
 3.050                   0                   3                 160
 3.100                   0                   1                 110
 3.150                   0                   0                  67
 3.200                   0                   0                  34
 3.250                   0                   0                  16
 3.300                   0                   0                  20
 3.350                   0                   2                   5
 3.400                   0                   0                   5
 3.450                   0                   0                   1
 3.500                   0                   0                   2
 3.550                   0                   1                   0
 3.600                   0                   0                   0
 3.650                   0                   1                   2
 3.700                   0                   1                   0
 3.750                   0                   0                   0
 3.800                   0                   1                   1
 3.850                   0                   1                   0
 3.900                   0                   3                   0
 3.950                   0                   0                   0
 4.000                   0                   1                   0
 4.050                   0                   1                   0
 4.100                   0                   0                   0
 4.150                   0                   1                   0
 4.200                   0                   2                   0
 4.250                   0                   0                   0
 4.300                   0                   2                   0
 4.350                   0                   1                   0
 4.400                   0                   4                   0
 4.450                   0                   2                   0
 4.500                   0                   5                   0
 4.550                   0                   7                   0
 4.600                   0                   5                   0
 4.650                   0                   3                   0
 4.700                   0                   7                   0
 4.750                   0                  10                   0
 4.800                   0                  14                   0
 4.850                   0                  26                   0
 4.900                   0                  44                   0
 4.950                   0                 151                   0
