 0.000             4695685             4356353             5498230
 0.050              371984              254542              354773
 0.100              334240              306868              298878
 0.150              334537              336277              250349
 0.200              344087              340468              215999
 0.250              358582              346181              185170
 0.300              376022              355016              156000
 0.350              398589              372254              129578
 0.400              425098              396339              108810
 0.450              455392              424593               91188
 0.500              488351              459067               75142
 0.550              526072              497679               63198
 0.600              566829              542525               53972
 0.650              614202              589742               47458
 0.700              664530              645473               43434
 0.750              721439              713560               40762
 0.800              780849              794360               40300
 0.850              849820              897089               40950
 0.900              933686             1024376               42541
 0.950             1037602             1191466               46368
 1.000             1188471             1476880             3424701
 1.050             5587589             5551961             3824621
 1.100            12052142            10141937             3834511
 1.150             9184720             8839113             3844696
 1.200             3522725             4592055             3723417
 1.250              558379             1485578             3449310
 1.300               30184              352532             3058606
 1.350                 227               81862             2665247
 1.400                   0               23486             2274563
 1.450                   0                7866             1916108
 1.500                   0                2907             1586326
 1.550                   0                1030             1298317
 1.600                   0                 388             1055903
 1.650                   0                 123              848151
 1.700                   0                  60              676121
 1.750                   0                  14              532547
 1.800                   0                   8              414587
 1.850                   0                   2              318772
 1.900                   0                   1              242064
 1.950                   0                   0              181500
 2.000                   0                   1              133327
 2.050                   0                   1               96735
 2.100                   0                   0               69645
 2.150                   0                   0               49059
 2.200                   0                   0               33823
 2.250                   0                   0               23165
 2.300                   0                   0               15460
 2.350                   0                   0               10022
 2.400                   0                   0                6550
 2.450                   0                   0                4218
 2.500                   0                   0                2689
 2.550                   0                   0                1643
 2.600                   0                   0                1064
 2.650                   0                   0                 574
 2.700                   0                   0                 385
 2.750                   0                   0                 208
 2.800                   0                   0                 118
 2.850                   0                   0                  80
 2.900                   0                   0                  41
 2.950                   0                   0                  25
 3.000                   0                   0                  19
 3.050                   0                   0                   5
 3.100                   0                   0                   4
 3.150                   0                   0                   2
 3.200                   0                   0                   1
 3.250                   0                   0                   3
 3.300                   0                   0                   0
 3.350                   0                   0                   0
 3.400                   0                   0                   0
 3.450                   0                   0                   0
 3.500                   0                   0                   0
 3.550                   0                   0                   0
 3.600                   0                   0                   0
 3.650                   0                   0                   0
 3.700                   0                   0                   0
 3.750                   0                   0                   0
 3.800                   0                   0                   0
 3.850                   0                   0                   0
 3.900                   0                   0                   0
 3.950                   0                   0                   0
 4.000                   0                   0                   0
 4.050                   0                   0                   0
 4.100                   0                   0                   0
 4.150                   0                   0                   0
 4.200                   0                   0                   0
 4.250                   0                   0                   0
 4.300                   0                   0                   0
 4.350                   0                   0                   0
 4.400                   0                   0                   0
 4.450                   0                   0                   0
 4.500                   0                   0                   0
 4.550                   0                   0                   0
 4.600                   0                   0                   0
 4.650                   0                   0                   0
 4.700                   0                   0                   0
 4.750                   0                   0                   0
 4.800                   0                   0                   0
 4.850                   0                   0                   0
 4.900                   0                   0                   0
 4.950                   0                   0                   0
