 0.000             3813385             3534478             4465132
 0.050              310891              217601              306866
 0.100              282363              255963              276177
 0.150              282348              275801              260507
 0.200              293025              283655              242457
 0.250              307053              288456              224493
 0.300              324923              298768              208075
 0.350              346115              314547              187978
 0.400              369788              335808              168430
 0.450              394986              361195              146061
 0.500              424540              393010              127306
 0.550              458787              430077              110119
 0.600              497690              469954               94707
 0.650              545067              515304               81492
 0.700              593350              569405               71013
 0.750              647624              631124               62245
 0.800              721562              708491               56152
 0.850              807128              811178               51453
 0.900              897079              950487               48630
 0.950             1013016             1144155               48108
 1.000             1156633             1419627             1723396
 1.050             1381631             2103868             2541135
 1.100            10923705             8394097             2867353
 1.150            13966831            11996479             3296579
 1.200             9124345             9464028             3608752
 1.250             3129714             4926521             3749856
 1.300              418939             1708788             3695018
 1.350               19378              463633             3516583
 1.400                   0              124509             3253138
 1.450                   0               39120             2933381
 1.500                   0               13608             2593660
 1.550                   0                5146             2249776
 1.600                   0                1894             1924063
 1.650                   0                 708             1626648
 1.700                   0                 274             1354946
 1.750                   0                  84             1115163
 1.800                   0                  36              911247
 1.850                   0                   9              736181
 1.900                   0                   7              589094
 1.950                   0                   2              464303
 2.000                   0                   1              362702
 2.050                   0                   1              280656
 2.100                   0                   0              216178
 2.150                   0                   0              163013
 2.200                   0                   0              121787
 2.250                   0                   0               90486
 2.300                   0                   0               66367
 2.350                   0                   0               48122
 2.400                   0                   0               34962
 2.450                   0                   0               24631
 2.500                   0                   0               17153
 2.550                   0                   0               12344
 2.600                   0                   0                8297
 2.650                   0                   0                5591
 2.700                   0                   0                3913
 2.750                   0                   0                2686
 2.800                   0                   0                1722
 2.850                   0                   0                1191
 2.900                   0                   0                 766
 2.950                   0                   0                 481
 3.000                   0                   0                 310
 3.050                   0                   1                 171
 3.100                   0                   1                 120
 3.150                   0                   0                  94
 3.200                   0                   0                  51
 3.250                   0                   1                  36
 3.300                   0                   0                  20
 3.350                   0                   0                  18
 3.400                   0                   0                   7
 3.450                   0                   0                   6
 3.500                   0                   1                   3
 3.550                   0                   2                   0
 3.600                   0                   0                   3
 3.650                   0                   1                   0
 3.700                   0                   0                   0
 3.750                   0                   0                   0
 3.800                   0                   0                   0
 3.850                   0                   0                   1
 3.900                   0                   0                   0
 3.950                   0                   3                   0
 4.000                   0                   1                   0
 4.050                   0                   1                   0
 4.100                   0                   0                   0
 4.150                   0                   1                   0
 4.200                   0                   3                   0
 4.250                   0                   0                   0
 4.300                   0                   3                   0
 4.350                   0                   1                   0
 4.400                   0                   3                   0
 4.450                   0                   1                   0
 4.500                   0                   5                   0
 4.550                   0                   5                   0
 4.600                   0                   5                   0
 4.650                   0                   3                   0
 4.700                   0                  17                   0
 4.750                   0                  14                   0
 4.800                   0                  17                   0
 4.850                   0                  29                   0
 4.900                   0                  65                   0
 4.950                   0                 150                   0
