 0.000             4060562             3758059             4741079
 0.050              331698              231595              319113
 0.100              300467              274669              275765
 0.150              301515              297918              258540
 0.200              312137              304620              241889
 0.250              326887              309906              220711
 0.300              343565              321876              200112
 0.350              364712              336342              177838
 0.400              386510              358887              157032
 0.450              414363              385930              136799
 0.500              443312              416039              117951
 0.550              475851              447880              100599
 0.600              513778              484759               86241
 0.650              554726              529678               73432
 0.700              600861              577099               64232
 0.750              650542              637519               56848
 0.800              707776              710814               51526
 0.850              782972              812524               48251
 0.900              867807              949306               46823
 0.950              966170             1135965               47029
 1.000             1098289             1397029             2043237
 1.050             1332377             2638349             2817550
 1.100            13774594             9860725             3096200
 1.150            12204388            11245289             3487736
 1.200             7392056             8061844             3737247
 1.250             2250238             3843237             3761882
 1.300              293284             1261486             3629270
 1.350               13177              336361             3377661
 1.400                  50               92380             3058468
 1.450                   0               29504             2706474
 1.500                   0               10673             2352288
 1.550                   0                3989             2009563
 1.600                   0                1540             1691912
 1.650                   0                 571             1413139
 1.700                   0                 195             1162578
 1.750                   0                  66              948103
 1.800                   0                  26              764141
 1.850                   0                   9              608257
 1.900                   0                   4              480920
 1.950                   0                   2              374059
 2.000                   0                   0              289320
 2.050                   0                   0              221034
 2.100                   0                   0              165921
 2.150                   0                   0              124593
 2.200                   0                   0               91819
 2.250                   0                   0               67061
 2.300                   0                   0               48515
 2.350                   0                   0               35057
 2.400                   0                   0               24772
 2.450                   0                   0               17482
 2.500                   0                   0               11926
 2.550                   0                   0                8111
 2.600                   0                   0                5583
 2.650                   0                   0                3659
 2.700                   0                   0                2524
 2.750                   0                   0                1645
 2.800                   0                   0                1015
 2.850                   0                   0                 671
 2.900                   0                   0                 470
 2.950                   0                   0                 281
 3.000                   0                   0                 201
 3.050                   0                   0                 108
 3.100                   0                   0                  60
 3.150                   0                   1                  46
 3.200                   0                   0                  16
 3.250                   0                   0                  10
 3.300                   0                   1                   9
 3.350                   0                   0                   4
 3.400                   0                   0                   3
 3.450                   0                   0                   1
 3.500                   0                   0                   3
 3.550                   0                   0                   0
 3.600                   0                   0                   0
 3.650                   0                   1                   0
 3.700                   0                   0                   0
 3.750                   0                   0                   0
 3.800                   0                   1                   0
 3.850                   0                   0                   0
 3.900                   0                   0                   0
 3.950                   0                   0                   0
 4.000                   0                   1                   0
 4.050                   0                   0                   0
 4.100                   0                   0                   0
 4.150                   0                   0                   0
 4.200                   0                   0                   0
 4.250                   0                   1                   0
 4.300                   0                   1                   0
 4.350                   0                   1                   0
 4.400                   0                   2                   0
 4.450                   0                   1                   0
 4.500                   0                   1                   0
 4.550                   0                   5                   0
 4.600                   0                   6                   0
 4.650                   0                   7                   0
 4.700                   0                   9                   0
 4.750                   0                   7                   0
 4.800                   0                  13                   0
 4.850                   0                  28                   0
 4.900                   0                  40                   0
 4.950                   0                 122                   0
