 0.000             5844277             5355193             6909276
 0.050              459703              268336              404301
 0.100              411814              344476              289573
 0.150              408018              398132              214916
 0.200              419109              423714              159894
 0.250              435312              433879              120607
 0.300              457980              443509               93786
 0.350              483079              460027               74588
 0.400              513044              486017               60171
 0.450              544634              518654               51779
 0.500              582257              557940               46269
 0.550              621521              603895               43417
 0.600              667940              651584               41928
 0.650              710795              707617               42677
 0.700              755293              770261               44243
 0.750              801649              834245               46592
 0.800              848941              910493               50096
 0.850              900237              995000               55065
 0.900              971591             1092725               61748
 0.950             1114191             1239706               71935
 1.000             3580050             4016248             6380031
 1.050             8879463             8375566             6014510
 1.100             7786317             7129183             4657315
 1.150             2795363             3290165             3443696
 1.200              404618              899258             2573702
 1.250               14482              164718             2020493
 1.300                   0               29443             1623184
 1.350                   0                7656             1290867
 1.400                   0                2590             1026159
 1.450                   0                 915              812920
 1.500                   0                 344              642204
 1.550                   0                 133              507621
 1.600                   0                  36              397218
 1.650                   0                  10              308889
 1.700                   0                   5              236866
 1.750                   0                   4              178388
 1.800                   0                   1              131078
 1.850                   0                   0               95474
 1.900                   0                   0               67103
 1.950                   0                   0               45723
 2.000                   0                   0               30174
 2.050                   0                   0               19144
 2.100                   0                   0               11763
 2.150                   0                   0                6768
 2.200                   0                   0                3725
 2.250                   0                   0                1986
 2.300                   0                   0                1030
 2.350                   0                   0                 442
 2.400                   0                   0                 203
 2.450                   0                   0                  89
 2.500                   0                   0                  35
 2.550                   0                   0                  10
 2.600                   0                   0                   4
 2.650                   0                   0                   2
 2.700                   0                   0                   1
 2.750                   0                   0                   0
 2.800                   0                   0                   0
 2.850                   0                   0                   0
 2.900                   0                   0                   0
 2.950                   0                   0                   0
 3.000                   0                   0                   0
 3.050                   0                   0                   0
 3.100                   0                   0                   0
 3.150                   0                   0                   0
 3.200                   0                   0                   0
 3.250                   0                   0                   0
 3.300                   0                   0                   0
 3.350                   0                   0                   0
 3.400                   0                   0                   0
 3.450                   0                   0                   0
 3.500                   0                   0                   0
 3.550                   0                   0                   0
 3.600                   0                   0                   0
 3.650                   0                   0                   0
 3.700                   0                   0                   0
 3.750                   0                   0                   0
 3.800                   0                   0                   0
 3.850                   0                   0                   0
 3.900                   0                   0                   0
 3.950                   0                   0                   0
 4.000                   0                   0                   0
 4.050                   0                   0                   0
 4.100                   0                   0                   0
 4.150                   0                   0                   0
 4.200                   0                   0                   0
 4.250                   0                   0                   0
 4.300                   0                   0                   0
 4.350                   0                   0                   0
 4.400                   0                   0                   0
 4.450                   0                   0                   0
 4.500                   0                   0                   0
 4.550                   0                   0                   0
 4.600                   0                   0                   0
 4.650                   0                   0                   0
 4.700                   0                   0                   0
 4.750                   0                   0                   0
 4.800                   0                   0                   0
 4.850                   0                   0                   0
 4.900                   0                   0                   0
 4.950                   0                   0                   0
