 0.000             5870735             5803838             6786801
 0.050              401569              312874              357471
 0.100              344635              286089              192924
 0.150              332295              287161               90308
 0.200              335022              297990               42036
 0.250              346172              311788               28604
 0.300              363304              327077               26725
 0.350              379896              342228               27747
 0.400              402836              363308               28388
 0.450              430161              390207               28409
 0.500              461570              422260               29067
 0.550              498818              464487               28720
 0.600              542371              515336               29848
 0.650              595204              574149               30530
 0.700              653195              645192               31988
 0.750              720008              728088               33349
 0.800              791187              820294               35097
 0.850              869970              918319               37613
 0.900              966069             1032434               41016
 0.950             1098209             1174774               47694
 1.000             2091867             2190830             3082494
 1.050             4104688             4454731             5250697
 1.100             6342735             6124829             5056322
 1.150             6258294             5801389             4063981
 1.200             2955142             3204867             3032241
 1.250              644295              934713             2258415
 1.300               65058              130545             1792441
 1.350                1958                7295             1464760
 1.400                   0                 153             1229739
 1.450                   0                  18             1046411
 1.500                   0                   0              861655
 1.550                   0                   0              686761
 1.600                   0                   0              507583
 1.650                   0                   0              326368
 1.700                   0                   0              166076
 1.750                   0                   0               65215
 1.800                   0                   0               18776
 1.850                   0                   0                2913
 1.900                   0                   0                  78
 1.950                   0                   0                   0
 2.000                   0                   0                   2
 2.050                   0                   0                   0
 2.100                   0                   0                   0
 2.150                   0                   0                   0
 2.200                   0                   0                   0
 2.250                   0                   0                   0
 2.300                   0                   0                   0
 2.350                   0                   0                   0
 2.400                   0                   0                   0
 2.450                   0                   0                   0
 2.500                   0                   0                   0
 2.550                   0                   0                   0
 2.600                   0                   0                   0
 2.650                   0                   0                   0
 2.700                   0                   0                   0
 2.750                   0                   0                   0
 2.800                   0                   0                   0
 2.850                   0                   0                   0
 2.900                   0                   0                   0
 2.950                   0                   0                   0
 3.000                   0                   0                   0
 3.050                   0                   0                   0
 3.100                   0                   0                   0
 3.150                   0                   0                   0
 3.200                   0                   0                   0
 3.250                   0                   0                   0
 3.300                   0                   0                   0
 3.350                   0                   0                   0
 3.400                   0                   0                   0
 3.450                   0                   0                   0
 3.500                   0                   0                   0
 3.550                   0                   0                   0
 3.600                   0                   0                   0
 3.650                   0                   0                   0
 3.700                   0                   0                   0
 3.750                   0                   0                   0
 3.800                   0                   0                   0
 3.850                   0                   0                   0
 3.900                   0                   0                   0
 3.950                   0                   0                   0
 4.000                   0                   0                   0
 4.050                   0                   0                   0
 4.100                   0                   0                   0
 4.150                   0                   0                   0
 4.200                   0                   0                   0
 4.250                   0                   0                   0
 4.300                   0                   0                   0
 4.350                   0                   0                   0
 4.400                   0                   0                   0
 4.450                   0                   0                   0
 4.500                   0                   0                   0
 4.550                   0                   0                   0
 4.600                   0                   0                   0
 4.650                   0                   0                   0
 4.700                   0                   0                   0
 4.750                   0                   0                   0
 4.800                   0                   0                   0
 4.850                   0                   0                   0
 4.900                   0                   0                   0
 4.950                   0                   0                   0
