 0.000             3570426             3272617             4175974
 0.050              308208              213512              290925
 0.100              279140              252999              265013
 0.150              278471              274497              250324
 0.200              288845              280036              239293
 0.250              301277              283495              227747
 0.300              318214              292589              211914
 0.350              337987              305872              195514
 0.400              360369              326575              179478
 0.450              384251              350775              161906
 0.500              411659              376726              144601
 0.550              440989              409716              127119
 0.600              472565              446814              110809
 0.650              510980              488794               96081
 0.700              554608              533995               83885
 0.750              605844              589595               73598
 0.800              663516              660469               65107
 0.850              737504              751740               59377
 0.900              822920              884447               55307
 0.950              933452             1074730               53046
 1.000             1084209             1339018             1451960
 1.050             1311168             1853921             2101197
 1.100             7894962             6466835             2507509
 1.150            14501956            11618556             2988017
 1.200            11772503            11088238             3389170
 1.250             5511195             7103784             3618455
 1.300             1061859             2981060             3694763
 1.350               73519              912239             3632006
 1.400                5601              251542             3468584
 1.450                  84               74042             3224249
 1.500                   0               24744             2930253
 1.550                   0                8893             2614301
 1.600                   0                3421             2287659
 1.650                   0                1248             1980960
 1.700                   0                 483             1687233
 1.750                   0                 158             1415470
 1.800                   0                  66             1178752
 1.850                   0                  26              971204
 1.900                   0                   8              788441
 1.950                   0                   4              634046
 2.000                   0                   0              504694
 2.050                   0                   1              399401
 2.100                   0                   1              311125
 2.150                   0                   0              240569
 2.200                   0                   0              184623
 2.250                   0                   0              140388
 2.300                   0                   0              105381
 2.350                   0                   0               78438
 2.400                   0                   0               57926
 2.450                   0                   0               42252
 2.500                   0                   0               30456
 2.550                   0                   0               21697
 2.600                   0                   0               15545
 2.650                   0                   0               10877
 2.700                   0                   0                7566
 2.750                   0                   0                5249
 2.800                   0                   0                3458
 2.850                   0                   0                2402
 2.900                   0                   0                1599
 2.950                   0                   0                1159
 3.000                   0                   0                 717
 3.050                   0                   0                 461
 3.100                   0                   0                 291
 3.150                   0                   0                 206
 3.200                   0                   0                 135
 3.250                   0                   0                  90
 3.300                   0                   0                  45
 3.350                   0                   0                  30
 3.400                   0                   0                  20
 3.450                   0                   0                   8
 3.500                   0                   0                  12
 3.550                   0                   0                   6
 3.600                   0                   0                   3
 3.650                   0                   0                   3
 3.700                   0                   0                   1
 3.750                   0                   0                   2
 3.800                   0                   0                   1
 3.850                   0                   0                   0
 3.900                   0                   1                   0
 3.950                   0                   1                   0
 4.000                   0                   0                   0
 4.050                   0                   0                   0
 4.100                   0                   2                   0
 4.150                   0                   0                   0
 4.200                   0                   0                   0
 4.250                   0                   2                   0
 4.300                   0                   2                   0
 4.350                   0                   2                   0
 4.400                   0                   1                   0
 4.450                   0                   3                   0
 4.500                   0                   2                   0
 4.550                   0                   4                   0
 4.600                   0                   2                   0
 4.650                   0                   3                   0
 4.700                   0                   2                   0
 4.750                   0                   7                   0
 4.800                   0                  13                   0
 4.850                   0                  23                   0
 4.900                   0                  31                   0
 4.950                   0                  97                   0
