 0.000             3772006             3494570             4388380
 0.050              309122              216451              303689
 0.100              280947              254241              281564
 0.150              281364              273254              257311
 0.200              292210              278520              242794
 0.250              305877              284609              226674
 0.300              321280              294951              208054
 0.350              340336              311183              189553
 0.400              363391              331929              169180
 0.450              389126              358741              148679
 0.500              417559              386971              129491
 0.550              451378              421576              111141
 0.600              489438              462177               95930
 0.650              534275              506568               82994
 0.700              581104              556844               72135
 0.750              637447              619991               63498
 0.800              707614              694478               56783
 0.850              784979              791808               52207
 0.900              873447              928546               49603
 0.950              979542             1118424               48436
 1.000             1117765             1380595             1657387
 1.050             1345800             1998587             2447735
 1.100            10186034             7893299             2832429
 1.150            13899631            11893981             3269379
 1.200            10093500            10027037             3598188
 1.250             3628097             5448767             3751557
 1.300              442069             1901157             3719054
 1.350               18065              511373             3556667
 1.400                   2              136649             3302366
 1.450                   0               42434             2992395
 1.500                   0               14922             2656396
 1.550                   0                5497             2313188
 1.600                   0                2044             1981733
 1.650                   0                 778             1679288
 1.700                   0                 286             1401992
 1.750                   0                 105             1158196
 1.800                   0                  43              945339
 1.850                   0                  11              764579
 1.900                   0                   3              610576
 1.950                   0                   3              485431
 2.000                   0                   0              380118
 2.050                   0                   1              294869
 2.100                   0                   1              225792
 2.150                   0                   0              171825
 2.200                   0                   0              129213
 2.250                   0                   0               95860
 2.300                   0                   1               70292
 2.350                   0                   0               51077
 2.400                   0                   0               36993
 2.450                   0                   0               26164
 2.500                   0                   0               18573
 2.550                   0                   0               12727
 2.600                   0                   0                8950
 2.650                   0                   0                6123
 2.700                   0                   0                4210
 2.750                   0                   0                2752
 2.800                   0                   0                1921
 2.850                   0                   0                1287
 2.900                   0                   0                 844
 2.950                   0                   0                 556
 3.000                   0                   0                 336
 3.050                   0                   0                 205
 3.100                   0                   1                 146
 3.150                   0                   0                  71
 3.200                   0                   0                  62
 3.250                   0                   0                  38
 3.300                   0                   1                  24
 3.350                   0                   0                  10
 3.400                   0                   0                  14
 3.450                   0                   0                   5
 3.500                   0                   0                   5
 3.550                   0                   0                   3
 3.600                   0                   0                   0
 3.650                   0                   0                   0
 3.700                   0                   0                   0
 3.750                   0                   0                   0
 3.800                   0                   2                   0
 3.850                   0                   1                   0
 3.900                   0                   1                   0
 3.950                   0                   1                   0
 4.000                   0                   1                   0
 4.050                   0                   3                   0
 4.100                   0                   3                   0
 4.150                   0                   2                   0
 4.200                   0                   3                   0
 4.250                   0                   3                   0
 4.300                   0                   2                   0
 4.350                   0                   2                   0
 4.400                   0                   3                   0
 4.450                   0                   1                   0
 4.500                   0                   6                   0
 4.550                   0                   4                   0
 4.600                   0                   3                   0
 4.650                   0                  10                   0
 4.700                   0                  12                   0
 4.750                   0                  10                   0
 4.800                   0                  23                   0
 4.850                   0                  51                   0
 4.900                   0                  60                   0
 4.950                   0                 159                   0
