 0.000             3544232             3240736             4119678
 0.050              299881              203858              299962
 0.100              272779              243813              272723
 0.150              274228              266064              255272
 0.200              283582              275292              243194
 0.250              297608              280098              232882
 0.300              315482              289161              219155
 0.350              334558              304225              203907
 0.400              356607              323052              186313
 0.450              381145              347312              167964
 0.500              407922              375959              149126
 0.550              436424              408937              131545
 0.600              470985              444732              115124
 0.650              507022              485081              100725
 0.700              555583              532542               87682
 0.750              610919              590244               76730
 0.800              679429              662608               68441
 0.850              755680              763481               61351
 0.900              840013              904009               57247
 0.950              951530             1104054               54479
 1.000             1101391             1379240             1430128
 1.050             1333259             1928128             1997563
 1.100             8272582             6595698             2439584
 1.150            14650524            11652924             2931815
 1.200            11542270            11062025             3312004
 1.250             5791630             7262670             3566425
 1.300             1075045             3122602             3676090
 1.350               87932              984523             3636125
 1.400                2494              275661             3490385
 1.450                   0               81347             3270673
 1.500                   0               27153             2997436
 1.550                   0                9656             2688766
 1.600                   0                3620             2372707
 1.650                   0                1386             2062114
 1.700                   0                 540             1765906
 1.750                   0                 181             1493164
 1.800                   0                  78             1248238
 1.850                   0                  26             1033351
 1.900                   0                  14              843971
 1.950                   0                   4              685233
 2.000                   0                   2              546821
 2.050                   0                   1              434083
 2.100                   0                   0              340666
 2.150                   0                   0              264823
 2.200                   0                   0              204781
 2.250                   0                   0              155395
 2.300                   0                   1              118642
 2.350                   0                   0               88211
 2.400                   0                   0               65597
 2.450                   0                   0               48268
 2.500                   0                   0               35306
 2.550                   0                   0               25501
 2.600                   0                   0               18111
 2.650                   0                   0               12835
 2.700                   0                   0                9008
 2.750                   0                   0                6134
 2.800                   0                   1                4370
 2.850                   0                   0                2964
 2.900                   0                   0                1932
 2.950                   0                   0                1302
 3.000                   0                   0                 878
 3.050                   0                   0                 557
 3.100                   0                   0                 371
 3.150                   0                   0                 268
 3.200                   0                   0                 175
 3.250                   0                   0                 109
 3.300                   0                   1                  72
 3.350                   0                   0                  54
 3.400                   0                   0                  30
 3.450                   0                   0                  14
 3.500                   0                   1                  11
 3.550                   0                   0                   8
 3.600                   0                   0                   4
 3.650                   0                   1                   3
 3.700                   0                   0                   1
 3.750                   0                   0                   3
 3.800                   0                   0                   0
 3.850                   0                   0                   0
 3.900                   0                   2                   1
 3.950                   0                   1                   0
 4.000                   0                   2                   0
 4.050                   0                   3                   0
 4.100                   0                   1                   0
 4.150                   0                   0                   0
 4.200                   0                   2                   0
 4.250                   0                   3                   0
 4.300                   0                   1                   0
 4.350                   0                   1                   0
 4.400                   0                   1                   0
 4.450                   0                   6                   0
 4.500                   0                   3                   0
 4.550                   0                   2                   0
 4.600                   0                   6                   0
 4.650                   0                   4                   0
 4.700                   0                   3                   0
 4.750                   0                   8                   0
 4.800                   0                  20                   0
 4.850                   0                  19                   0
 4.900                   0                  50                   0
 4.950                   0                 105                   0
