 0.000             4850675             4508733             5694029
 0.050              374807              260544              338147
 0.100              340332              313394              280502
 0.150              338824              340051              244200
 0.200              346827              344787              209850
 0.250              363128              347993              179167
 0.300              381250              358242              151715
 0.350              402766              376720              125346
 0.400              427472              402263              103365
 0.450              455214              430687               84787
 0.500              490918              463655               70039
 0.550              529514              504778               59299
 0.600              573945              549342               50513
 0.650              618879              597084               44213
 0.700              669298              649756               40660
 0.750              722441              713120               38966
 0.800              773672              787312               38630
 0.850              828697              883631               39537
 0.900              896850             1002399               41826
 0.950              997117             1152646               44666
 1.000             1156513             1436948             3702355
 1.050             6030138             5904979             4176705
 1.100            12054080            10299888             3947451
 1.150             8406298             8300105             3814916
 1.200             3222518             4150183             3650429
 1.250              512149             1312256             3317468
 1.300               25909              301704             2935611
 1.350                 167               67760             2535124
 1.400                   0               19161             2130417
 1.450                   0                6455             1776738
 1.500                   0                2438             1469344
 1.550                   0                 883             1199401
 1.600                   0                 320              968689
 1.650                   0                 107              776668
 1.700                   0                  47              614868
 1.750                   0                  20              481943
 1.800                   0                   4              373168
 1.850                   0                   1              285970
 1.900                   0                   2              213580
 1.950                   0                   0              159723
 2.000                   0                   0              116074
 2.050                   0                   0               83629
 2.100                   0                   0               59191
 2.150                   0                   0               40658
 2.200                   0                   0               27797
 2.250                   0                   0               18680
 2.300                   0                   0               12497
 2.350                   0                   0                8051
 2.400                   0                   0                5159
 2.450                   0                   0                3311
 2.500                   0                   0                2041
 2.550                   0                   0                1327
 2.600                   0                   0                 808
 2.650                   0                   0                 459
 2.700                   0                   0                 293
 2.750                   0                   0                 170
 2.800                   0                   0                 107
 2.850                   0                   0                  52
 2.900                   0                   0                  32
 2.950                   0                   0                  18
 3.000                   0                   0                   8
 3.050                   0                   0                   3
 3.100                   0                   0                   4
 3.150                   0                   0                   3
 3.200                   0                   0                   1
 3.250                   0                   0                   0
 3.300                   0                   0                   0
 3.350                   0                   0                   0
 3.400                   0                   0                   0
 3.450                   0                   0                   0
 3.500                   0                   0                   0
 3.550                   0                   0                   0
 3.600                   0                   0                   0
 3.650                   0                   0                   0
 3.700                   0                   0                   0
 3.750                   0                   0                   0
 3.800                   0                   0                   0
 3.850                   0                   0                   0
 3.900                   0                   0                   0
 3.950                   0                   0                   0
 4.000                   0                   0                   0
 4.050                   0                   0                   0
 4.100                   0                   0                   0
 4.150                   0                   0                   0
 4.200                   0                   0                   0
 4.250                   0                   0                   0
 4.300                   0                   0                   0
 4.350                   0                   0                   0
 4.400                   0                   0                   0
 4.450                   0                   0                   0
 4.500                   0                   0                   0
 4.550                   0                   0                   0
 4.600                   0                   0                   0
 4.650                   0                   0                   0
 4.700                   0                   0                   0
 4.750                   0                   0                   0
 4.800                   0                   0                   0
 4.850                   0                   0                   0
 4.900                   0                   0                   0
 4.950                   0                   0                   0
