 0.000             5898154             5440055             6966287
 0.050              451884              273258              392971
 0.100              402956              347912              279341
 0.150              397266              396132              206298
 0.200              405490              413560              148380
 0.250              421756              421608              113463
 0.300              443049              430568               87304
 0.350              467253              447558               68652
 0.400              498941              472172               55094
 0.450              533683              504510               45520
 0.500              570028              543081               39558
 0.550              615720              587840               37088
 0.600              662480              637823               35874
 0.650              707784              694876               37015
 0.700              751944              756818               38655
 0.750              785742              817783               40964
 0.800              806325              881552               44546
 0.850              832689              943768               49051
 0.900              885826             1011918               54765
 0.950              992310             1120226               63958
 1.000             2397702             2799054             5580643
 1.050             7665379             7553257             5849556
 1.100             8607429             7658726             4704358
 1.150             3578696             3930843             3521810
 1.200              606242             1101491             2672817
 1.250               23148              188418             2017802
 1.300                 199               26994             1539812
 1.350                   0                5677             1231938
 1.400                   0                1671             1009068
 1.450                   0                 619              820124
 1.500                   0                 220              661538
 1.550                   0                  64              522019
 1.600                   0                  18              406011
 1.650                   0                   3              311981
 1.700                   0                   2              234858
 1.750                   0                   0              171912
 1.800                   0                   0              123155
 1.850                   0                   0               85897
 1.900                   0                   0               57238
 1.950                   0                   0               36089
 2.000                   0                   0               21917
 2.050                   0                   0               12497
 2.100                   0                   0                6601
 2.150                   0                   0                3267
 2.200                   0                   0                1422
 2.250                   0                   0                 629
 2.300                   0                   0                 226
 2.350                   0                   0                  77
 2.400                   0                   0                  24
 2.450                   0                   0                   2
 2.500                   0                   0                   2
 2.550                   0                   0                   1
 2.600                   0                   0                   0
 2.650                   0                   0                   0
 2.700                   0                   0                   0
 2.750                   0                   0                   0
 2.800                   0                   0                   0
 2.850                   0                   0                   0
 2.900                   0                   0                   0
 2.950                   0                   0                   0
 3.000                   0                   0                   0
 3.050                   0                   0                   0
 3.100                   0                   0                   0
 3.150                   0                   0                   0
 3.200                   0                   0                   0
 3.250                   0                   0                   0
 3.300                   0                   0                   0
 3.350                   0                   0                   0
 3.400                   0                   0                   0
 3.450                   0                   0                   0
 3.500                   0                   0                   0
 3.550                   0                   0                   0
 3.600                   0                   0                   0
 3.650                   0                   0                   0
 3.700                   0                   0                   0
 3.750                   0                   0                   0
 3.800                   0                   0                   0
 3.850                   0                   0                   0
 3.900                   0                   0                   0
 3.950                   0                   0                   0
 4.000                   0                   0                   0
 4.050                   0                   0                   0
 4.100                   0                   0                   0
 4.150                   0                   0                   0
 4.200                   0                   0                   0
 4.250                   0                   0                   0
 4.300                   0                   0                   0
 4.350                   0                   0                   0
 4.400                   0                   0                   0
 4.450                   0                   0                   0
 4.500                   0                   0                   0
 4.550                   0                   0                   0
 4.600                   0                   0                   0
 4.650                   0                   0                   0
 4.700                   0                   0                   0
 4.750                   0                   0                   0
 4.800                   0                   0                   0
 4.850                   0                   0                   0
 4.900                   0                   0                   0
 4.950                   0                   0                   0
