 0.000             3586341             3285048             4191034
 0.050              310775              215610              291351
 0.100              281175              256040              263924
 0.150              282001              278445              248745
 0.200              290835              283992              238032
 0.250              306146              286249              223743
 0.300              322287              294953              209214
 0.350              340449              307234              194287
 0.400              360528              327415              177955
 0.450              381033              351250              160478
 0.500              404874              376648              142320
 0.550              431102              407853              125013
 0.600              463257              442263              108834
 0.650              498957              480291               94500
 0.700              545966              526215               82130
 0.750              600197              582395               71886
 0.800              658780              650988               64168
 0.850              731137              743135               58485
 0.900              820984              878360               54794
 0.950              918201             1063690               52426
 1.000             1071605             1326120             1478208
 1.050             1297206             1852322             2152384
 1.100             8027243             6613698             2554649
 1.150            14616994            11712023             3024416
 1.200            11631790            11022868             3404832
 1.250             5375985             6970234             3641071
 1.300              959578             2859255             3709807
 1.350               75687              858587             3635582
 1.400                4031              235441             3454387
 1.450                   0               69679             3206524
 1.500                   0               23260             2903686
 1.550                   0                8542             2580106
 1.600                   0                3163             2259993
 1.650                   0                1191             1946575
 1.700                   0                 425             1650949
 1.750                   0                 160             1385989
 1.800                   0                  61             1152001
 1.850                   0                  22              942611
 1.900                   0                  11              766070
 1.950                   0                   4              612983
 2.000                   0                   3              489099
 2.050                   0                   1              384129
 2.100                   0                   0              299235
 2.150                   0                   0              231273
 2.200                   0                   0              177643
 2.250                   0                   1              133025
 2.300                   0                   0              100114
 2.350                   0                   0               74823
 2.400                   0                   0               54389
 2.450                   0                   0               39762
 2.500                   0                   0               28474
 2.550                   0                   0               20623
 2.600                   0                   0               14482
 2.650                   0                   0               10199
 2.700                   0                   0                7052
 2.750                   0                   0                4737
 2.800                   0                   0                3240
 2.850                   0                   0                2149
 2.900                   0                   0                1541
 2.950                   0                   0                 993
 3.000                   0                   0                 615
 3.050                   0                   0                 431
 3.100                   0                   1                 296
 3.150                   0                   0                 179
 3.200                   0                   0                 116
 3.250                   0                   0                  67
 3.300                   0                   0                  43
 3.350                   0                   0                  24
 3.400                   0                   0                  13
 3.450                   0                   0                  11
 3.500                   0                   0                   9
 3.550                   0                   0                   4
 3.600                   0                   0                   3
 3.650                   0                   0                   2
 3.700                   0                   0                   2
 3.750                   0                   0                   1
 3.800                   0                   0                   0
 3.850                   0                   0                   0
 3.900                   0                   0                   0
 3.950                   0                   0                   0
 4.000                   0                   1                   0
 4.050                   0                   0                   0
 4.100                   0                   0                   0
 4.150                   0                   1                   0
 4.200                   0                   0                   0
 4.250                   0                   4                   0
 4.300                   0                   0                   0
 4.350                   0                   1                   0
 4.400                   0                   0                   0
 4.450                   0                   1                   0
 4.500                   0                   3                   0
 4.550                   0                   4                   0
 4.600                   0                   4                   0
 4.650                   0                   6                   0
 4.700                   0                   4                   0
 4.750                   0                  11                   0
 4.800                   0                  13                   0
 4.850                   0                  21                   0
 4.900                   0                  43                   0
 4.950                   0                  85                   0
