 0.000             3525619             3216482             4095511
 0.050              302431              198458              279708
 0.100              278840              239478              268586
 0.150              281012              267401              262129
 0.200              291638              278910              255739
 0.250              302981              285016              249307
 0.300              319959              295634              239640
 0.350              335788              309569              223631
 0.400              354416              327886              206987
 0.450              375916              350445              187865
 0.500              400454              375505              168084
 0.550              430396              403783              148974
 0.600              465383              438475              131320
 0.650              501264              477367              115504
 0.700              546546              521786              100825
 0.750              594187              573639               88865
 0.800              649751              639567               77645
 0.850              709059              728809               70379
 0.900              774484              851409               64627
 0.950              869878             1032818               60530
 1.000              988590             1288931             1142282
 1.050             1165894             1726962             1807125
 1.100             4667810             5107226             2228647
 1.150            17845060            11940404             2735999
 1.200            12792160            12180843             3178256
 1.250             6674904             8279706             3486977
 1.300             1281865             3733940             3640620
 1.350               85216             1223571             3655717
 1.400                2267              355094             3570047
 1.450                   2              107013             3385658
 1.500                   0               36282             3145196
 1.550                   0               13281             2859383
 1.600                   0                5072             2553369
 1.650                   0                1852             2246434
 1.700                   0                 752             1946885
 1.750                   0                 244             1668548
 1.800                   0                  91             1408644
 1.850                   0                  40             1177892
 1.900                   0                  12              972954
 1.950                   0                  12              794359
 2.000                   0                   2              643700
 2.050                   0                   2              517114
 2.100                   0                   1              409500
 2.150                   0                   0              323827
 2.200                   0                   0              251707
 2.250                   0                   0              194501
 2.300                   0                   0              148113
 2.350                   0                   0              112482
 2.400                   0                   0               84033
 2.450                   0                   1               62960
 2.500                   0                   0               46453
 2.550                   0                   0               34125
 2.600                   0                   0               24620
 2.650                   0                   0               17860
 2.700                   0                   0               12701
 2.750                   0                   0                9137
 2.800                   0                   0                6297
 2.850                   0                   0                4373
 2.900                   0                   0                2953
 2.950                   0                   0                2112
 3.000                   0                   0                1411
 3.050                   0                   0                 973
 3.100                   0                   0                 638
 3.150                   0                   0                 407
 3.200                   0                   0                 278
 3.250                   0                   0                 171
 3.300                   0                   0                 108
 3.350                   0                   0                  75
 3.400                   0                   0                  51
 3.450                   0                   0                  39
 3.500                   0                   0                  13
 3.550                   0                   0                  14
 3.600                   0                   0                  10
 3.650                   0                   0                   6
 3.700                   0                   0                   3
 3.750                   0                   0                   3
 3.800                   0                   0                   1
 3.850                   0                   0                   1
 3.900                   0                   0                   0
 3.950                   0                   0                   0
 4.000                   0                   1                   0
 4.050                   0                   0                   0
 4.100                   0                   0                   0
 4.150                   0                   0                   0
 4.200                   0                   0                   0
 4.250                   0                   1                   0
 4.300                   0                   2                   0
 4.350                   0                   0                   0
 4.400                   0                   1                   0
 4.450                   0                   1                   0
 4.500                   0                   2                   0
 4.550                   0                   0                   0
 4.600                   0                   1                   0
 4.650                   0                   2                   0
 4.700                   0                   4                   0
 4.750                   0                   4                   0
 4.800                   0                   7                   0
 4.850                   0                  12                   0
 4.900                   0                  25                   0
 4.950                   0                  88                   0
