 0.000             3548490             3233073             4112506
 0.050              305088              202881              280860
 0.100              277310              242609              266184
 0.150              276310              267668              264135
 0.200              283774              277588              255649
 0.250              295652              282877              244194
 0.300              311275              290669              229812
 0.350              327900              302102              214096
 0.400              346771              318703              195718
 0.450              369203              340217              178324
 0.500              394111              366978              158607
 0.550              424175              395735              140094
 0.600              458126              431589              123167
 0.650              495660              471339              107542
 0.700              542047              519228               94132
 0.750              600009              576080               82545
 0.800              664825              650917               74010
 0.850              747848              752879               66250
 0.900              842696              899032               61020
 0.950              958118             1106202               57812
 1.000             1110362             1390212             1299169
 1.050             1332166             1917966             1893566
 1.100             7399085             6219480             2302285
 1.150            15819118            11863146             2791688
 1.200            11600099            11253797             3220436
 1.250             5891712             7482258             3511116
 1.300             1346869             3420363             3644892
 1.350              106793             1130779             3639448
 1.400                1454              324364             3519042
 1.450                   0               95744             3328460
 1.500                   0               32095             3075337
 1.550                   0               11727             2779431
 1.600                   0                4217             2473617
 1.650                   0                1581             2164766
 1.700                   0                 569             1866335
 1.750                   0                 220             1589483
 1.800                   0                 102             1337613
 1.850                   0                  36             1109228
 1.900                   0                  12              914241
 1.950                   0                   8              744083
 2.000                   0                   2              600625
 2.050                   0                   1              479202
 2.100                   0                   1              377746
 2.150                   0                   0              295264
 2.200                   0                   0              229105
 2.250                   0                   0              175894
 2.300                   0                   0              133726
 2.350                   0                   0              100150
 2.400                   0                   0               75217
 2.450                   0                   1               55966
 2.500                   0                   0               40793
 2.550                   0                   0               30231
 2.600                   0                   0               21343
 2.650                   0                   0               15553
 2.700                   0                   1               10955
 2.750                   0                   0                7463
 2.800                   0                   1                5334
 2.850                   0                   0                3758
 2.900                   0                   0                2541
 2.950                   0                   0                1736
 3.000                   0                   0                1058
 3.050                   0                   0                 745
 3.100                   0                   1                 480
 3.150                   0                   0                 336
 3.200                   0                   0                 203
 3.250                   0                   0                 161
 3.300                   0                   0                  94
 3.350                   0                   0                  73
 3.400                   0                   0                  40
 3.450                   0                   0                  24
 3.500                   0                   0                  19
 3.550                   0                   0                   8
 3.600                   0                   1                   4
 3.650                   0                   1                   3
 3.700                   0                   0                   3
 3.750                   0                   0                   2
 3.800                   0                   0                   0
 3.850                   0                   1                   2
 3.900                   0                   1                   1
 3.950                   0                   1                   0
 4.000                   0                   1                   0
 4.050                   0                   4                   0
 4.100                   0                   2                   0
 4.150                   0                   1                   0
 4.200                   0                   2                   0
 4.250                   0                   0                   0
 4.300                   0                   4                   0
 4.350                   0                   1                   0
 4.400                   0                   0                   0
 4.450                   0                   2                   0
 4.500                   0                   4                   0
 4.550                   0                   2                   0
 4.600                   0                   8                   0
 4.650                   0                   7                   0
 4.700                   0                   6                   0
 4.750                   0                  10                   0
 4.800                   0                  27                   0
 4.850                   0                  36                   0
 4.900                   0                  54                   0
 4.950                   0                 115                   0
