 0.000            13850627            12656013            18958516
 0.050              911524              546517             3649477
 0.100              776581              709379             1560328
 0.150              752753              843965              940944
 0.200              775564              911477              658385
 0.250              826983              942652              511005
 0.300              896957              971885              436883
 0.350              997150             1027948              397724
 0.400             1130071             1123285              373599
 0.450             1284646             1271632              365515
 0.500             1485361             1474859              370206
 0.550             1755195             1745662              388682
 0.600             2124371             2119060              420106
 0.650             2605897             2648091              460971
 0.700             3280136             3433400              510714
 0.750             4227759             4647903              567247
 0.800             5702506             6593080              635442
 0.850             8222552             9823259              712477
 0.900            13692690            15610296              806894
 0.950            34049016            37661205             2860275
 1.000           745744015           662078340           614268330
 1.050           134589602           164947640            63235647
 1.100            33974552            61980298            49481690
 1.150             8718084            20166426            47082317
 1.200             1508163             5666005            42923946
 1.250              116707             1573403            38109021
 1.300                 480              498276            32899207
 1.350                  41              192391            28046260
 1.400                  13               79844            22971397
 1.450                   4               32848            17730508
 1.500                   0               13477            12775861
 1.550                   0                5432             8570199
 1.600                   0                2282             5285872
 1.650                   0                 996             2909098
 1.700                   0                 433             1382496
 1.750                   0                 200              541813
 1.800                   0                  73              162456
 1.850                   0                  40               34026
 1.900                   0                  17                4255
 1.950                   0                   5                 209
 2.000                   0                   4                   2
 2.050                   0                   1                   0
 2.100                   0                   1                   0
 2.150                   0                   0                   0
 2.200                   0                   0                   0
 2.250                   0                   0                   0
 2.300                   0                   0                   0
 2.350                   0                   0                   0
 2.400                   0                   0                   0
 2.450                   0                   0                   0
 2.500                   0                   0                   0
 2.550                   0                   0                   0
 2.600                   0                   0                   0
 2.650                   0                   0                   0
 2.700                   0                   0                   0
 2.750                   0                   0                   0
 2.800                   0                   0                   0
 2.850                   0                   0                   0
 2.900                   0                   0                   0
 2.950                   0                   0                   0
 3.000                   0                   0                   0
 3.050                   0                   0                   0
 3.100                   0                   0                   0
 3.150                   0                   0                   0
 3.200                   0                   0                   0
 3.250                   0                   0                   0
 3.300                   0                   0                   0
 3.350                   0                   0                   0
 3.400                   0                   0                   0
 3.450                   0                   0                   0
 3.500                   0                   0                   0
 3.550                   0                   0                   0
 3.600                   0                   0                   0
 3.650                   0                   0                   0
 3.700                   0                   0                   0
 3.750                   0                   0                   0
 3.800                   0                   0                   0
 3.850                   0                   0                   0
 3.900                   0                   0                   0
 3.950                   0                   0                   0
 4.000                   0                   0                   0
 4.050                   0                   0                   0
 4.100                   0                   0                   0
 4.150                   0                   0                   0
 4.200                   0                   0                   0
 4.250                   0                   0                   0
 4.300                   0                   0                   0
 4.350                   0                   0                   0
 4.400                   0                   0                   0
 4.450                   0                   0                   0
 4.500                   0                   0                   0
 4.550                   0                   0                   0
 4.600                   0                   0                   0
 4.650                   0                   0                   0
 4.700                   0                   0                   0
 4.750                   0                   0                   0
 4.800                   0                   0                   0
 4.850                   0                   0                   0
 4.900                   0                   0                   0
 4.950                   0                   0                   0
