 0.000            13204341            12228649            14342764
 0.050              663405              343462              955363
 0.100              553609              508590              642341
 0.150              525393              634122              539158
 0.200              524638              681809              471413
 0.250              546545              675043              425596
 0.300              579040              653770              369245
 0.350              625480              653995              330118
 0.400              688497              686485              328953
 0.450              762547              750986              352222
 0.500              859264              842229              384646
 0.550              985520              963495              423493
 0.600             1152667             1124661              467801
 0.650             1372060             1336580              519040
 0.700             1665107             1615465              579110
 0.750             2039841             2007668              645650
 0.800             2582048             2589077              726619
 0.850             3431537             3564614              819722
 0.900             4821026             5348480              928710
 0.950             7952926             9890621             1627386
 1.000           735626766           733611063           742291495
 1.050           117201351           103495931            51313173
 1.100            78833626            80494945            33986916
 1.150            32831442            39341265            30339608
 1.200            11044894            14848543            28882554
 1.250             2578623             4197294            28056304
 1.300              338819              769591            25714360
 1.350                8983              102526            22344749
 1.400                   5               25656            16952571
 1.450                   0                8817            10811222
 1.500                   0                3110             5342423
 1.550                   0                1020             1789002
 1.600                   0                 298              284961
 1.650                   0                 101               11279
 1.700                   0                  32                  33
 1.750                   0                   6                   0
 1.800                   0                   0                   0
 1.850                   0                   0                   0
 1.900                   0                   0                   0
 1.950                   0                   1                   0
 2.000                   0                   0                   0
 2.050                   0                   0                   0
 2.100                   0                   0                   0
 2.150                   0                   0                   0
 2.200                   0                   0                   0
 2.250                   0                   0                   0
 2.300                   0                   0                   0
 2.350                   0                   0                   0
 2.400                   0                   0                   0
 2.450                   0                   0                   0
 2.500                   0                   0                   0
 2.550                   0                   0                   0
 2.600                   0                   0                   0
 2.650                   0                   0                   0
 2.700                   0                   0                   0
 2.750                   0                   0                   0
 2.800                   0                   0                   0
 2.850                   0                   0                   0
 2.900                   0                   0                   0
 2.950                   0                   0                   0
 3.000                   0                   0                   0
 3.050                   0                   0                   0
 3.100                   0                   0                   0
 3.150                   0                   0                   0
 3.200                   0                   0                   0
 3.250                   0                   0                   0
 3.300                   0                   0                   0
 3.350                   0                   0                   0
 3.400                   0                   0                   0
 3.450                   0                   0                   0
 3.500                   0                   0                   0
 3.550                   0                   0                   0
 3.600                   0                   0                   0
 3.650                   0                   0                   0
 3.700                   0                   0                   0
 3.750                   0                   0                   0
 3.800                   0                   0                   0
 3.850                   0                   0                   0
 3.900                   0                   0                   0
 3.950                   0                   0                   0
 4.000                   0                   0                   0
 4.050                   0                   0                   0
 4.100                   0                   0                   0
 4.150                   0                   0                   0
 4.200                   0                   0                   0
 4.250                   0                   0                   0
 4.300                   0                   0                   0
 4.350                   0                   0                   0
 4.400                   0                   0                   0
 4.450                   0                   0                   0
 4.500                   0                   0                   0
 4.550                   0                   0                   0
 4.600                   0                   0                   0
 4.650                   0                   0                   0
 4.700                   0                   0                   0
 4.750                   0                   0                   0
 4.800                   0                   0                   0
 4.850                   0                   0                   0
 4.900                   0                   0                   0
 4.950                   0                   0                   0
