 0.000            13204550            12200915            14601399
 0.050              680324              357525             1068451
 0.100              574162              524705              661786
 0.150              543878              654242              538348
 0.200              545987              709962              470185
 0.250              569156              704386              429187
 0.300              606311              684717              379459
 0.350              659218              685732              338014
 0.400              720176              719881              329898
 0.450              802383              782745              349985
 0.500              906193              876889              381410
 0.550             1035517             1002915              418930
 0.600             1198820             1167217              463416
 0.650             1416531             1381596              513911
 0.700             1717194             1678331              572471
 0.750             2132421             2101939              638433
 0.800             2695922             2737141              719222
 0.850             3608861             3787471              809380
 0.900             5163344             5726569              917870
 0.950             8636158            10765203             1652980
 1.000           727779144           724870496           735318492
 1.050           128188239           112212415            51334938
 1.100            77326373            80900194            34821990
 1.150            31065269            38282862            31023071
 1.200             9724458            13813369            29431865
 1.250             2218441             3823019            28602368
 1.300              270763              695215            26202440
 1.350               10207              108765            22839186
 1.400                   0               28476            17557873
 1.450                   0                9963            11551477
 1.500                   0                3465             6129515
 1.550                   0                1182             2369042
 1.600                   0                 356              523739
 1.650                   0                  98               38868
 1.700                   0                  35                 401
 1.750                   0                   8                   0
 1.800                   0                   0                   0
 1.850                   0                   0                   0
 1.900                   0                   0                   0
 1.950                   0                   1                   0
 2.000                   0                   0                   0
 2.050                   0                   0                   0
 2.100                   0                   0                   0
 2.150                   0                   0                   0
 2.200                   0                   0                   0
 2.250                   0                   0                   0
 2.300                   0                   0                   0
 2.350                   0                   0                   0
 2.400                   0                   0                   0
 2.450                   0                   0                   0
 2.500                   0                   0                   0
 2.550                   0                   0                   0
 2.600                   0                   0                   0
 2.650                   0                   0                   0
 2.700                   0                   0                   0
 2.750                   0                   0                   0
 2.800                   0                   0                   0
 2.850                   0                   0                   0
 2.900                   0                   0                   0
 2.950                   0                   0                   0
 3.000                   0                   0                   0
 3.050                   0                   0                   0
 3.100                   0                   0                   0
 3.150                   0                   0                   0
 3.200                   0                   0                   0
 3.250                   0                   0                   0
 3.300                   0                   0                   0
 3.350                   0                   0                   0
 3.400                   0                   0                   0
 3.450                   0                   0                   0
 3.500                   0                   0                   0
 3.550                   0                   0                   0
 3.600                   0                   0                   0
 3.650                   0                   0                   0
 3.700                   0                   0                   0
 3.750                   0                   0                   0
 3.800                   0                   0                   0
 3.850                   0                   0                   0
 3.900                   0                   0                   0
 3.950                   0                   0                   0
 4.000                   0                   0                   0
 4.050                   0                   0                   0
 4.100                   0                   0                   0
 4.150                   0                   0                   0
 4.200                   0                   0                   0
 4.250                   0                   0                   0
 4.300                   0                   0                   0
 4.350                   0                   0                   0
 4.400                   0                   0                   0
 4.450                   0                   0                   0
 4.500                   0                   0                   0
 4.550                   0                   0                   0
 4.600                   0                   0                   0
 4.650                   0                   0                   0
 4.700                   0                   0                   0
 4.750                   0                   0                   0
 4.800                   0                   0                   0
 4.850                   0                   0                   0
 4.900                   0                   0                   0
 4.950                   0                   0                   0
