 0.000            13226216            12353768            13036322
 0.050              541921              311738              623140
 0.100              449618              451817              668461
 0.150              421804              557115              567534
 0.200              418417              585055              424666
 0.250              429267              548484              321519
 0.300              453464              515424              305050
 0.350              489450              512207              319553
 0.400              538955              543757              344659
 0.450              603889              601520              378697
 0.500              691842              684183              415567
 0.550              803897              794375              459842
 0.600              942492              939359              508893
 0.650             1117908             1119034              567395
 0.700             1362080             1366477              633148
 0.750             1689197             1709876              710898
 0.800             2137667             2185953              800534
 0.850             2795456             2916074              903898
 0.900             3874530             4099951             1030144
 0.950             5914698             6564711             1566329
 1.000           783146803           782132694           778598553
 1.050            72482439            69582644            55865290
 1.100            66022213            63401661            31279653
 1.150            42836390            45002937            27858215
 1.200            15960605            18408170            26987281
 1.250             4069640             5173194            25370104
 1.300              554540              851594            22833826
 1.350               24308               70207            17739457
 1.400                 294               10599             9911355
 1.450                   0                3372             2781178
 1.500                   0                1313              188352
 1.550                   0                 465                 487
 1.600                   0                 181                   0
 1.650                   0                  54                   0
 1.700                   0                  25                   0
 1.750                   0                   8                   0
 1.800                   0                   2                   0
 1.850                   0                   1                   0
 1.900                   0                   0                   0
 1.950                   0                   1                   0
 2.000                   0                   0                   0
 2.050                   0                   0                   0
 2.100                   0                   0                   0
 2.150                   0                   0                   0
 2.200                   0                   0                   0
 2.250                   0                   0                   0
 2.300                   0                   0                   0
 2.350                   0                   0                   0
 2.400                   0                   0                   0
 2.450                   0                   0                   0
 2.500                   0                   0                   0
 2.550                   0                   0                   0
 2.600                   0                   0                   0
 2.650                   0                   0                   0
 2.700                   0                   0                   0
 2.750                   0                   0                   0
 2.800                   0                   0                   0
 2.850                   0                   0                   0
 2.900                   0                   0                   0
 2.950                   0                   0                   0
 3.000                   0                   0                   0
 3.050                   0                   0                   0
 3.100                   0                   0                   0
 3.150                   0                   0                   0
 3.200                   0                   0                   0
 3.250                   0                   0                   0
 3.300                   0                   0                   0
 3.350                   0                   0                   0
 3.400                   0                   0                   0
 3.450                   0                   0                   0
 3.500                   0                   0                   0
 3.550                   0                   0                   0
 3.600                   0                   0                   0
 3.650                   0                   0                   0
 3.700                   0                   0                   0
 3.750                   0                   0                   0
 3.800                   0                   0                   0
 3.850                   0                   0                   0
 3.900                   0                   0                   0
 3.950                   0                   0                   0
 4.000                   0                   0                   0
 4.050                   0                   0                   0
 4.100                   0                   0                   0
 4.150                   0                   0                   0
 4.200                   0                   0                   0
 4.250                   0                   0                   0
 4.300                   0                   0                   0
 4.350                   0                   0                   0
 4.400                   0                   0                   0
 4.450                   0                   0                   0
 4.500                   0                   0                   0
 4.550                   0                   0                   0
 4.600                   0                   0                   0
 4.650                   0                   0                   0
 4.700                   0                   0                   0
 4.750                   0                   0                   0
 4.800                   0                   0                   0
 4.850                   0                   0                   0
 4.900                   0                   0                   0
 4.950                   0                   0                   0
