 0.000            13969018            12759223            19720010
 0.050              964239              592623             4071011
 0.100              828547              746691             1770523
 0.150              809953              872923             1070759
 0.200              832956              944702              733995
 0.250              883051              991055              550247
 0.300              956353             1034927              455617
 0.350             1060015             1100700              404762
 0.400             1199076             1209604              378160
 0.450             1383630             1367630              369147
 0.500             1611582             1591479              371671
 0.550             1909536             1895417              386738
 0.600             2292190             2318633              416489
 0.650             2806255             2919207              455495
 0.700             3545330             3808803              503561
 0.750             4640198             5192219              558631
 0.800             6396779             7406901              625759
 0.850             9357431            11079466              700094
 0.900            15580678            17594082              793604
 0.950            41631712            43328683             3268168
 1.000           751438523           656467606           594780046
 1.050           118140383           160407448            63628927
 1.100            31746198            59938514            51607413
 1.150             8651914            20104217            50873259
 1.200             1303861             5826394            45978031
 1.250               60272             1594603            39678561
 1.300                 253              535559            33901000
 1.350                  40              214342            28837311
 1.400                  17               90906            23654697
 1.450                   3               37769            18393093
 1.500                   3               15914            13494388
 1.550                   3                6677             9294279
 1.600                   0                2804             5943154
 1.650                   0                1228             3442319
 1.700                   0                 580             1760830
 1.750                   0                 260              769695
 1.800                   1                 105              270914
 1.850                   0                  61               72672
 1.900                   0                  29               13530
 1.950                   0                  10                1392
 2.000                   0                   2                  48
 2.050                   0                   3                   0
 2.100                   0                   1                   0
 2.150                   0                   0                   0
 2.200                   0                   0                   0
 2.250                   0                   0                   0
 2.300                   0                   0                   0
 2.350                   0                   0                   0
 2.400                   0                   0                   0
 2.450                   0                   0                   0
 2.500                   0                   0                   0
 2.550                   0                   0                   0
 2.600                   0                   0                   0
 2.650                   0                   0                   0
 2.700                   0                   0                   0
 2.750                   0                   0                   0
 2.800                   0                   0                   0
 2.850                   0                   0                   0
 2.900                   0                   0                   0
 2.950                   0                   0                   0
 3.000                   0                   0                   0
 3.050                   0                   0                   0
 3.100                   0                   0                   0
 3.150                   0                   0                   0
 3.200                   0                   0                   0
 3.250                   0                   0                   0
 3.300                   0                   0                   0
 3.350                   0                   0                   0
 3.400                   0                   0                   0
 3.450                   0                   0                   0
 3.500                   0                   0                   0
 3.550                   0                   0                   0
 3.600                   0                   0                   0
 3.650                   0                   0                   0
 3.700                   0                   0                   0
 3.750                   0                   0                   0
 3.800                   0                   0                   0
 3.850                   0                   0                   0
 3.900                   0                   0                   0
 3.950                   0                   0                   0
 4.000                   0                   0                   0
 4.050                   0                   0                   0
 4.100                   0                   0                   0
 4.150                   0                   0                   0
 4.200                   0                   0                   0
 4.250                   0                   0                   0
 4.300                   0                   0                   0
 4.350                   0                   0                   0
 4.400                   0                   0                   0
 4.450                   0                   0                   0
 4.500                   0                   0                   0
 4.550                   0                   0                   0
 4.600                   0                   0                   0
 4.650                   0                   0                   0
 4.700                   0                   0                   0
 4.750                   0                   0                   0
 4.800                   0                   0                   0
 4.850                   0                   0                   0
 4.900                   0                   0                   0
 4.950                   0                   0                   0
