 0.000            13539332            12364609            17950221
 0.050              878184              536023             2984362
 0.100              746275              695766             1280346
 0.150              717225              814376              795728
 0.200              733905              873767              574505
 0.250              776205              893787              468427
 0.300              837154              910434              421545
 0.350              923884              951049              389403
 0.400             1026699             1030020              366529
 0.450             1166924             1155899              360707
 0.500             1343916             1330837              368188
 0.550             1585610             1571184              391217
 0.600             1906436             1893117              426331
 0.650             2333844             2348364              470337
 0.700             2923208             2998387              520704
 0.750             3807971             4008447              580363
 0.800             5160569             5622099              650056
 0.850             7398453             8349207              729672
 0.900            11835570            13261953              826471
 0.950            24601249            30459192             2537500
 1.000           727355822           667339686           642331470
 1.050           159895916           168300281            61083721
 1.100            39784905            66329784            45890318
 1.150            10587055            21523110            42056548
 1.200             2003059             6218561            39505584
 1.250              127763             1512318            35949687
 1.300                2737              435912            31413524
 1.350                 129              162491            26955983
 1.400                   1               65357            22071902
 1.450                   0               26517            16735745
 1.500                   0               10537            11694204
 1.550                   0                4123             7506779
 1.600                   0                1596             4333316
 1.650                   0                 700             2158663
 1.700                   0                 277              882227
 1.750                   0                 126              274402
 1.800                   0                  53               56456
 1.850                   0                  33                6578
 1.900                   0                  13                 279
 1.950                   0                   5                   2
 2.000                   0                   1                   0
 2.050                   0                   2                   0
 2.100                   0                   0                   0
 2.150                   0                   0                   0
 2.200                   0                   0                   0
 2.250                   0                   0                   0
 2.300                   0                   0                   0
 2.350                   0                   0                   0
 2.400                   0                   0                   0
 2.450                   0                   0                   0
 2.500                   0                   0                   0
 2.550                   0                   0                   0
 2.600                   0                   0                   0
 2.650                   0                   0                   0
 2.700                   0                   0                   0
 2.750                   0                   0                   0
 2.800                   0                   0                   0
 2.850                   0                   0                   0
 2.900                   0                   0                   0
 2.950                   0                   0                   0
 3.000                   0                   0                   0
 3.050                   0                   0                   0
 3.100                   0                   0                   0
 3.150                   0                   0                   0
 3.200                   0                   0                   0
 3.250                   0                   0                   0
 3.300                   0                   0                   0
 3.350                   0                   0                   0
 3.400                   0                   0                   0
 3.450                   0                   0                   0
 3.500                   0                   0                   0
 3.550                   0                   0                   0
 3.600                   0                   0                   0
 3.650                   0                   0                   0
 3.700                   0                   0                   0
 3.750                   0                   0                   0
 3.800                   0                   0                   0
 3.850                   0                   0                   0
 3.900                   0                   0                   0
 3.950                   0                   0                   0
 4.000                   0                   0                   0
 4.050                   0                   0                   0
 4.100                   0                   0                   0
 4.150                   0                   0                   0
 4.200                   0                   0                   0
 4.250                   0                   0                   0
 4.300                   0                   0                   0
 4.350                   0                   0                   0
 4.400                   0                   0                   0
 4.450                   0                   0                   0
 4.500                   0                   0                   0
 4.550                   0                   0                   0
 4.600                   0                   0                   0
 4.650                   0                   0                   0
 4.700                   0                   0                   0
 4.750                   0                   0                   0
 4.800                   0                   0                   0
 4.850                   0                   0                   0
 4.900                   0                   0                   0
 4.950                   0                   0                   0
