 0.000            13192198            12309717            12646412
 0.050              509657              365695              749248
 0.100              421655              523918              716596
 0.150              395354              587448              434955
 0.200              391250              557895              308324
 0.250              402920              495679              299373
 0.300              426890              466974              313066
 0.350              463913              478654              336909
 0.400              516467              518537              368026
 0.450              582300              583687              405656
 0.500              666585              671203              445128
 0.550              776528              784904              493473
 0.600              920042              935419              549105
 0.650             1112239             1132496              612592
 0.700             1358554             1389797              685414
 0.750             1709264             1743239              771119
 0.800             2194189             2234505              870525
 0.850             2849075             2905061              987260
 0.900             3808432             3849112             1129007
 0.950             5380230             5650095             1617906
 1.000           800664118           799817970           795131556
 1.050            66473789            65442934            59039785
 1.100            55941724            54083754            32602006
 1.150            43868430            44852766            28187487
 1.200            16077564            17908377            27229442
 1.250             2748858             3440472            25110228
 1.300              147556              253415            20028505
 1.350                 219               11326            10263021
 1.400                   0                3101             1650364
 1.450                   0                1118               17509
 1.500                   0                 455                   3
 1.550                   0                 168                   0
 1.600                   0                  67                   0
 1.650                   0                  33                   0
 1.700                   0                   6                   0
 1.750                   0                   2                   0
 1.800                   0                   0                   0
 1.850                   0                   0                   0
 1.900                   0                   0                   0
 1.950                   0                   1                   0
 2.000                   0                   0                   0
 2.050                   0                   0                   0
 2.100                   0                   0                   0
 2.150                   0                   0                   0
 2.200                   0                   0                   0
 2.250                   0                   0                   0
 2.300                   0                   0                   0
 2.350                   0                   0                   0
 2.400                   0                   0                   0
 2.450                   0                   0                   0
 2.500                   0                   0                   0
 2.550                   0                   0                   0
 2.600                   0                   0                   0
 2.650                   0                   0                   0
 2.700                   0                   0                   0
 2.750                   0                   0                   0
 2.800                   0                   0                   0
 2.850                   0                   0                   0
 2.900                   0                   0                   0
 2.950                   0                   0                   0
 3.000                   0                   0                   0
 3.050                   0                   0                   0
 3.100                   0                   0                   0
 3.150                   0                   0                   0
 3.200                   0                   0                   0
 3.250                   0                   0                   0
 3.300                   0                   0                   0
 3.350                   0                   0                   0
 3.400                   0                   0                   0
 3.450                   0                   0                   0
 3.500                   0                   0                   0
 3.550                   0                   0                   0
 3.600                   0                   0                   0
 3.650                   0                   0                   0
 3.700                   0                   0                   0
 3.750                   0                   0                   0
 3.800                   0                   0                   0
 3.850                   0                   0                   0
 3.900                   0                   0                   0
 3.950                   0                   0                   0
 4.000                   0                   0                   0
 4.050                   0                   0                   0
 4.100                   0                   0                   0
 4.150                   0                   0                   0
 4.200                   0                   0                   0
 4.250                   0                   0                   0
 4.300                   0                   0                   0
 4.350                   0                   0                   0
 4.400                   0                   0                   0
 4.450                   0                   0                   0
 4.500                   0                   0                   0
 4.550                   0                   0                   0
 4.600                   0                   0                   0
 4.650                   0                   0                   0
 4.700                   0                   0                   0
 4.750                   0                   0                   0
 4.800                   0                   0                   0
 4.850                   0                   0                   0
 4.900                   0                   0                   0
 4.950                   0                   0                   0
