 0.000            13931086            12712295            19200381
 0.050              930390              567560             3796243
 0.100              793985              725556             1629286
 0.150              765025              849616              982304
 0.200              788361              922188              681930
 0.250              837157              957528              522599
 0.300              916220              990892              442852
 0.350             1012259             1048217              399662
 0.400             1149133             1146476              374853
 0.450             1322174             1297870              366894
 0.500             1533754             1505375              370738
 0.550             1795216             1789915              387792
 0.600             2151491             2180645              419038
 0.650             2646471             2731448              459135
 0.700             3359459             3541605              508080
 0.750             4357912             4805793              564638
 0.800             5891996             6839457              632056
 0.850             8563348            10216841              708518
 0.900            14176675            16207769              802481
 0.950            36424573            39386626             2962825
 1.000           748641693           660633094           607915882
 1.050           128821838           163504265            63330734
 1.100            32912347            61235015            50285851
 1.150             8717999            20062526            48285727
 1.200             1456494             5704448            43875308
 1.250              101835             1582232            38622970
 1.300                 728              512632            33225872
 1.350                 187              199806            28314163
 1.400                  85               83314            23192957
 1.450                  48               34569            17949016
 1.500                  35               14166            13019331
 1.550                  17                5909             8813901
 1.600                   6                2395             5503282
 1.650                   3                1080             3084487
 1.700                   0                 497             1506383
 1.750                   0                 231              614665
 1.800                   0                  79              195343
 1.850                   0                  44               44880
 1.900                   0                  16                6531
 1.950                   0                   4                 404
 2.000                   0                   5                   8
 2.050                   0                   0                   0
 2.100                   0                   1                   0
 2.150                   0                   0                   0
 2.200                   0                   0                   0
 2.250                   0                   0                   0
 2.300                   0                   0                   0
 2.350                   0                   0                   0
 2.400                   0                   0                   0
 2.450                   0                   0                   0
 2.500                   0                   0                   0
 2.550                   0                   0                   0
 2.600                   0                   0                   0
 2.650                   0                   0                   0
 2.700                   0                   0                   0
 2.750                   0                   0                   0
 2.800                   0                   0                   0
 2.850                   0                   0                   0
 2.900                   0                   0                   0
 2.950                   0                   0                   0
 3.000                   0                   0                   0
 3.050                   0                   0                   0
 3.100                   0                   0                   0
 3.150                   0                   0                   0
 3.200                   0                   0                   0
 3.250                   0                   0                   0
 3.300                   0                   0                   0
 3.350                   0                   0                   0
 3.400                   0                   0                   0
 3.450                   0                   0                   0
 3.500                   0                   0                   0
 3.550                   0                   0                   0
 3.600                   0                   0                   0
 3.650                   0                   0                   0
 3.700                   0                   0                   0
 3.750                   0                   0                   0
 3.800                   0                   0                   0
 3.850                   0                   0                   0
 3.900                   0                   0                   0
 3.950                   0                   0                   0
 4.000                   0                   0                   0
 4.050                   0                   0                   0
 4.100                   0                   0                   0
 4.150                   0                   0                   0
 4.200                   0                   0                   0
 4.250                   0                   0                   0
 4.300                   0                   0                   0
 4.350                   0                   0                   0
 4.400                   0                   0                   0
 4.450                   0                   0                   0
 4.500                   0                   0                   0
 4.550                   0                   0                   0
 4.600                   0                   0                   0
 4.650                   0                   0                   0
 4.700                   0                   0                   0
 4.750                   0                   0                   0
 4.800                   0                   0                   0
 4.850                   0                   0                   0
 4.900                   0                   0                   0
 4.950                   0                   0                   0
