 0.000            13208049            12311921            13512337
 0.050              585869              302368              697255
 0.100              491642              453615              625279
 0.150              462926              578572              556776
 0.200              460180              624633              472726
 0.250              474985              602794              386502
 0.300              501706              573692              321645
 0.350              540693              567062              315142
 0.400              590971              593691              333746
 0.450              654919              646924              363757
 0.500              737449              725271              399701
 0.550              845464              828427              440145
 0.600              977127              963167              487818
 0.650             1160817             1144363              542501
 0.700             1407284             1390865              604244
 0.750             1756502             1735980              676993
 0.800             2246987             2256806              761955
 0.850             2942629             3071526              859803
 0.900             4080633             4458287              976286
 0.950             6476282             7624177             1571616
 1.000           764491371           763417854           764055509
 1.050            85558128            79096964            53158859
 1.100            75363622            73330675            31486870
 1.150            39143795            42896616            28735755
 1.200            14460415            17505001            27623221
 1.250             3837994             5261956            26209573
 1.300              514845              910050            24068956
 1.350               26545              101119            20259734
 1.400                 171               16922            14063401
 1.450                   0                5591             7154039
 1.500                   0                2071             2068168
 1.550                   0                 672              206983
 1.600                   0                 234                2705
 1.650                   0                  86                   0
 1.700                   0                  33                   0
 1.750                   0                  11                   0
 1.800                   0                   2                   0
 1.850                   0                   1                   0
 1.900                   0                   0                   0
 1.950                   0                   0                   0
 2.000                   0                   0                   0
 2.050                   0                   1                   0
 2.100                   0                   0                   0
 2.150                   0                   0                   0
 2.200                   0                   0                   0
 2.250                   0                   0                   0
 2.300                   0                   0                   0
 2.350                   0                   0                   0
 2.400                   0                   0                   0
 2.450                   0                   0                   0
 2.500                   0                   0                   0
 2.550                   0                   0                   0
 2.600                   0                   0                   0
 2.650                   0                   0                   0
 2.700                   0                   0                   0
 2.750                   0                   0                   0
 2.800                   0                   0                   0
 2.850                   0                   0                   0
 2.900                   0                   0                   0
 2.950                   0                   0                   0
 3.000                   0                   0                   0
 3.050                   0                   0                   0
 3.100                   0                   0                   0
 3.150                   0                   0                   0
 3.200                   0                   0                   0
 3.250                   0                   0                   0
 3.300                   0                   0                   0
 3.350                   0                   0                   0
 3.400                   0                   0                   0
 3.450                   0                   0                   0
 3.500                   0                   0                   0
 3.550                   0                   0                   0
 3.600                   0                   0                   0
 3.650                   0                   0                   0
 3.700                   0                   0                   0
 3.750                   0                   0                   0
 3.800                   0                   0                   0
 3.850                   0                   0                   0
 3.900                   0                   0                   0
 3.950                   0                   0                   0
 4.000                   0                   0                   0
 4.050                   0                   0                   0
 4.100                   0                   0                   0
 4.150                   0                   0                   0
 4.200                   0                   0                   0
 4.250                   0                   0                   0
 4.300                   0                   0                   0
 4.350                   0                   0                   0
 4.400                   0                   0                   0
 4.450                   0                   0                   0
 4.500                   0                   0                   0
 4.550                   0                   0                   0
 4.600                   0                   0                   0
 4.650                   0                   0                   0
 4.700                   0                   0                   0
 4.750                   0                   0                   0
 4.800                   0                   0                   0
 4.850                   0                   0                   0
 4.900                   0                   0                   0
 4.950                   0                   0                   0
