 0.000            13776199            12593984            18718986
 0.050              896983              542498             3493142
 0.100              765383              702906             1489320
 0.150              740095              832727              901783
 0.200              756493              897558              636323
 0.250              806176              926357              499060
 0.300              877799              954280              431878
 0.350              988645             1009305              396073
 0.400             1119967             1104555              371747
 0.450             1266286             1245309              364509
 0.500             1456080             1437204              369376
 0.550             1706031             1695413              389410
 0.600             2065254             2053822              421512
 0.650             2537611             2560816              463054
 0.700             3178324             3320694              513116
 0.750             4081745             4482518              570131
 0.800             5501416             6339949              638868
 0.850             7991193             9451236              716839
 0.900            13346810            15058518              810943
 0.950            31636554            35963794             2772015
 1.000           742466249           663678458           620978721
 1.050           139980545           165747553            62958272
 1.100            35406867            62961591            48544334
 1.150             8894267            20353375            45822190
 1.200             1639529             5734057            42047383
 1.250              117050             1555911            37569676
 1.300                 417              481773            32563493
 1.350                  23              184965            27775947
 1.400                   3               76011            22748753
 1.450                   2               31375            17500599
 1.500                   3               12679            12524547
 1.550                   1                5126             8318828
 1.600                   0                2064             5060912
 1.650                   0                 921             2729814
 1.700                   0                 387             1257839
 1.750                   0                 167              471306
 1.800                   0                  75              132014
 1.850                   0                  39               24606
 1.900                   0                  21                2584
 1.950                   0                   5                  96
 2.000                   0                   2                   1
 2.050                   0                   1                   0
 2.100                   0                   1                   0
 2.150                   0                   0                   0
 2.200                   0                   0                   0
 2.250                   0                   0                   0
 2.300                   0                   0                   0
 2.350                   0                   0                   0
 2.400                   0                   0                   0
 2.450                   0                   0                   0
 2.500                   0                   0                   0
 2.550                   0                   0                   0
 2.600                   0                   0                   0
 2.650                   0                   0                   0
 2.700                   0                   0                   0
 2.750                   0                   0                   0
 2.800                   0                   0                   0
 2.850                   0                   0                   0
 2.900                   0                   0                   0
 2.950                   0                   0                   0
 3.000                   0                   0                   0
 3.050                   0                   0                   0
 3.100                   0                   0                   0
 3.150                   0                   0                   0
 3.200                   0                   0                   0
 3.250                   0                   0                   0
 3.300                   0                   0                   0
 3.350                   0                   0                   0
 3.400                   0                   0                   0
 3.450                   0                   0                   0
 3.500                   0                   0                   0
 3.550                   0                   0                   0
 3.600                   0                   0                   0
 3.650                   0                   0                   0
 3.700                   0                   0                   0
 3.750                   0                   0                   0
 3.800                   0                   0                   0
 3.850                   0                   0                   0
 3.900                   0                   0                   0
 3.950                   0                   0                   0
 4.000                   0                   0                   0
 4.050                   0                   0                   0
 4.100                   0                   0                   0
 4.150                   0                   0                   0
 4.200                   0                   0                   0
 4.250                   0                   0                   0
 4.300                   0                   0                   0
 4.350                   0                   0                   0
 4.400                   0                   0                   0
 4.450                   0                   0                   0
 4.500                   0                   0                   0
 4.550                   0                   0                   0
 4.600                   0                   0                   0
 4.650                   0                   0                   0
 4.700                   0                   0                   0
 4.750                   0                   0                   0
 4.800                   0                   0                   0
 4.850                   0                   0                   0
 4.900                   0                   0                   0
 4.950                   0                   0                   0
