 0.000            13195551            12277562            13774258
 0.050              616916              312785              770129
 0.100              515312              470061              620435
 0.150              481628              597007              548473
 0.200              478603              645404              476273
 0.250              495042              628461              406507
 0.300              526261              599479              338536
 0.350              572576              597124              317236
 0.400              633602              628603              330970
 0.450              708152              687068              358423
 0.500              798826              772206              394190
 0.550              906426              885652              433441
 0.600             1040569             1020909              479877
 0.650             1220499             1200584              534182
 0.700             1460544             1443710              593596
 0.750             1802864             1788798              665373
 0.800             2295701             2311409              748185
 0.850             3030110             3164873              844369
 0.900             4249121             4683492              957396
 0.950             6879707             8258146             1582843
 1.000           754478427           753361566           756903807
 1.050            95145573            86236893            52178549
 1.100            78222663            77147814            32325648
 1.150            36926378            41611975            28974785
 1.200            13311597            16623505            28190953
 1.250             3526193             5030057            26693615
 1.300              458423              878597            24677058
 1.350               22493              105886            21055750
 1.400                 243               20128            15259967
 1.450                   0                6705             8659582
 1.500                   0                2350             3282535
 1.550                   0                 802              595946
 1.600                   0                 267               27021
 1.650                   0                  80                  92
 1.700                   0                  32                   0
 1.750                   0                   7                   0
 1.800                   0                   2                   0
 1.850                   0                   0                   0
 1.900                   0                   0                   0
 1.950                   0                   0                   0
 2.000                   0                   0                   0
 2.050                   0                   1                   0
 2.100                   0                   0                   0
 2.150                   0                   0                   0
 2.200                   0                   0                   0
 2.250                   0                   0                   0
 2.300                   0                   0                   0
 2.350                   0                   0                   0
 2.400                   0                   0                   0
 2.450                   0                   0                   0
 2.500                   0                   0                   0
 2.550                   0                   0                   0
 2.600                   0                   0                   0
 2.650                   0                   0                   0
 2.700                   0                   0                   0
 2.750                   0                   0                   0
 2.800                   0                   0                   0
 2.850                   0                   0                   0
 2.900                   0                   0                   0
 2.950                   0                   0                   0
 3.000                   0                   0                   0
 3.050                   0                   0                   0
 3.100                   0                   0                   0
 3.150                   0                   0                   0
 3.200                   0                   0                   0
 3.250                   0                   0                   0
 3.300                   0                   0                   0
 3.350                   0                   0                   0
 3.400                   0                   0                   0
 3.450                   0                   0                   0
 3.500                   0                   0                   0
 3.550                   0                   0                   0
 3.600                   0                   0                   0
 3.650                   0                   0                   0
 3.700                   0                   0                   0
 3.750                   0                   0                   0
 3.800                   0                   0                   0
 3.850                   0                   0                   0
 3.900                   0                   0                   0
 3.950                   0                   0                   0
 4.000                   0                   0                   0
 4.050                   0                   0                   0
 4.100                   0                   0                   0
 4.150                   0                   0                   0
 4.200                   0                   0                   0
 4.250                   0                   0                   0
 4.300                   0                   0                   0
 4.350                   0                   0                   0
 4.400                   0                   0                   0
 4.450                   0                   0                   0
 4.500                   0                   0                   0
 4.550                   0                   0                   0
 4.600                   0                   0                   0
 4.650                   0                   0                   0
 4.700                   0                   0                   0
 4.750                   0                   0                   0
 4.800                   0                   0                   0
 4.850                   0                   0                   0
 4.900                   0                   0                   0
 4.950                   0                   0                   0
