 0.000            13967479            12753245            19459292
 0.050              952059              583661             3938083
 0.100              817853              738603             1700012
 0.150              790107              864303             1025426
 0.200              811175              934356              707100
 0.250              859798              971201              536254
 0.300              931674             1012691              448723
 0.350             1037058             1077324              401877
 0.400             1171778             1180424              376839
 0.450             1350489             1330823              367801
 0.500             1570124             1542064              371316
 0.550             1843299             1837418              387096
 0.600             2214791             2242584              417875
 0.650             2728209             2812617              457262
 0.700             3429217             3665485              505670
 0.750             4471805             4982751              561630
 0.800             6116360             7110319              628949
 0.850             8924419            10625574              704432
 0.900            14836251            16858998              797903
 0.950            38980612            41294529             3100078
 1.000           750625361           658825864           601316622
 1.050           123105427           161876362            63461232
 1.100            32288329            60578753            51060363
 1.150             8731827            20069239            49544378
 1.200             1369653             5769082            44923066
 1.250               74242             1582704            39133402
 1.300                 406              522536            33567411
 1.350                  80              207072            28577384
 1.400                  45               87272            23422022
 1.450                  29               36074            18170649
 1.500                  17               15042            13259772
 1.550                   8                6256             9057516
 1.600                   9                2655             5724738
 1.650                   3                1146             3262708
 1.700                   3                 529             1633503
 1.750                   2                 250              691811
 1.800                   0                  97              231700
 1.850                   1                  55               57670
 1.900                   0                  21                9647
 1.950                   1                  10                 766
 2.000                   0                   6                  22
 2.050                   0                   2                   0
 2.100                   0                   2                   0
 2.150                   0                   0                   0
 2.200                   0                   1                   0
 2.250                   0                   0                   0
 2.300                   0                   0                   0
 2.350                   0                   0                   0
 2.400                   0                   0                   0
 2.450                   0                   0                   0
 2.500                   0                   0                   0
 2.550                   0                   0                   0
 2.600                   0                   0                   0
 2.650                   0                   0                   0
 2.700                   0                   0                   0
 2.750                   0                   0                   0
 2.800                   0                   0                   0
 2.850                   0                   0                   0
 2.900                   0                   0                   0
 2.950                   0                   0                   0
 3.000                   0                   0                   0
 3.050                   0                   0                   0
 3.100                   0                   0                   0
 3.150                   0                   0                   0
 3.200                   0                   0                   0
 3.250                   0                   0                   0
 3.300                   0                   0                   0
 3.350                   0                   0                   0
 3.400                   0                   0                   0
 3.450                   0                   0                   0
 3.500                   0                   0                   0
 3.550                   0                   0                   0
 3.600                   0                   0                   0
 3.650                   0                   0                   0
 3.700                   0                   0                   0
 3.750                   0                   0                   0
 3.800                   0                   0                   0
 3.850                   0                   0                   0
 3.900                   0                   0                   0
 3.950                   0                   0                   0
 4.000                   0                   0                   0
 4.050                   0                   0                   0
 4.100                   0                   0                   0
 4.150                   0                   0                   0
 4.200                   0                   0                   0
 4.250                   0                   0                   0
 4.300                   0                   0                   0
 4.350                   0                   0                   0
 4.400                   0                   0                   0
 4.450                   0                   0                   0
 4.500                   0                   0                   0
 4.550                   0                   0                   0
 4.600                   0                   0                   0
 4.650                   0                   0                   0
 4.700                   0                   0                   0
 4.750                   0                   0                   0
 4.800                   0                   0                   0
 4.850                   0                   0                   0
 4.900                   0                   0                   0
 4.950                   0                   0                   0
