 0.000            13183870            12247073            14055694
 0.050              639472              322900              858964
 0.100              532185              483341              626937
 0.150              500089              607144              542772
 0.200              499218              656218              473496
 0.250              517402              651029              419266
 0.300              549801              629911              355975
 0.350              593550              626682              322226
 0.400              653949              656459              329277
 0.450              731515              719406              354941
 0.500              829315              808209              388657
 0.550              958373              926089              428077
 0.600             1113105             1075635              473493
 0.650             1310070             1275152              525865
 0.700             1572907             1533327              585763
 0.750             1933637             1894614              655148
 0.800             2448204             2444551              736331
 0.850             3218104             3359264              831045
 0.900             4520903             5002277              941956
 0.950             7366752             9055087             1602097
 1.000           744566334           743182257           749541027
 1.050           105991562            94583802            51527973
 1.100            79398852            79547651            33210284
 1.150            34760502            40384333            29564952
 1.200            12154429            15750032            28560719
 1.250             3042007             4610064            27354073
 1.300              399012              830658            25227730
 1.350               14396              101822            21746403
 1.400                 471               23285            16210333
 1.450                   8                7711             9869141
 1.500                   3                2711             4397387
 1.550                   3                 890             1167223
 1.600                   0                 296              113156
 1.650                   0                  82                1618
 1.700                   0                  27                   1
 1.750                   0                   8                   0
 1.800                   0                   2                   0
 1.850                   0                   0                   0
 1.900                   0                   0                   0
 1.950                   0                   1                   0
 2.000                   0                   0                   0
 2.050                   0                   0                   0
 2.100                   0                   0                   0
 2.150                   0                   0                   0
 2.200                   0                   0                   0
 2.250                   0                   0                   0
 2.300                   0                   0                   0
 2.350                   0                   0                   0
 2.400                   0                   0                   0
 2.450                   0                   0                   0
 2.500                   0                   0                   0
 2.550                   0                   0                   0
 2.600                   0                   0                   0
 2.650                   0                   0                   0
 2.700                   0                   0                   0
 2.750                   0                   0                   0
 2.800                   0                   0                   0
 2.850                   0                   0                   0
 2.900                   0                   0                   0
 2.950                   0                   0                   0
 3.000                   0                   0                   0
 3.050                   0                   0                   0
 3.100                   0                   0                   0
 3.150                   0                   0                   0
 3.200                   0                   0                   0
 3.250                   0                   0                   0
 3.300                   0                   0                   0
 3.350                   0                   0                   0
 3.400                   0                   0                   0
 3.450                   0                   0                   0
 3.500                   0                   0                   0
 3.550                   0                   0                   0
 3.600                   0                   0                   0
 3.650                   0                   0                   0
 3.700                   0                   0                   0
 3.750                   0                   0                   0
 3.800                   0                   0                   0
 3.850                   0                   0                   0
 3.900                   0                   0                   0
 3.950                   0                   0                   0
 4.000                   0                   0                   0
 4.050                   0                   0                   0
 4.100                   0                   0                   0
 4.150                   0                   0                   0
 4.200                   0                   0                   0
 4.250                   0                   0                   0
 4.300                   0                   0                   0
 4.350                   0                   0                   0
 4.400                   0                   0                   0
 4.450                   0                   0                   0
 4.500                   0                   0                   0
 4.550                   0                   0                   0
 4.600                   0                   0                   0
 4.650                   0                   0                   0
 4.700                   0                   0                   0
 4.750                   0                   0                   0
 4.800                   0                   0                   0
 4.850                   0                   0                   0
 4.900                   0                   0                   0
 4.950                   0                   0                   0
