 0.000             5999738             5599599             7051069
 0.050              440420              266639              369631
 0.100              390909              332334              265333
 0.150              384178              374911              195002
 0.200              393268              394603              148772
 0.250              409421              405043              114584
 0.300              431744              415752               86286
 0.350              455064              432576               64159
 0.400              481503              457521               48305
 0.450              515793              488818               38991
 0.500              551493              526658               33817
 0.550              594906              570417               32419
 0.600              639322              617745               32827
 0.650              687801              670392               33865
 0.700              731854              732042               36154
 0.750              770662              798697               38558
 0.800              801688              865759               41536
 0.850              836351              930633               45681
 0.900              889087             1005127               51618
 0.950              987181             1107752               60747
 1.000             2367883             2722379             5460340
 1.050             7003169             7083827             5943801
 1.100             8229231             7372257             4682318
 1.150             4020040             4131384             3439239
 1.200              771071             1264749             2415083
 1.250               40927              221287             1869321
 1.300                1244               29752             1525813
 1.350                   0                5106             1249698
 1.400                   0                1453             1028357
 1.450                   0                 520              834138
 1.500                   0                 158              664854
 1.550                   0                  44              522112
 1.600                   0                  10              404291
 1.650                   0                   1              307801
 1.700                   0                   1              228231
 1.750                   0                   2              166196
 1.800                   0                   0              115152
 1.850                   0                   0               76558
 1.900                   0                   0               48319
 1.950                   0                   0               27677
 2.000                   0                   0               14980
 2.050                   0                   0                7199
 2.100                   0                   0                3182
 2.150                   0                   0                1288
 2.200                   0                   0                 476
 2.250                   0                   0                 136
 2.300                   0                   0                  28
 2.350                   0                   0                   5
 2.400                   0                   0                   0
 2.450                   0                   0                   1
 2.500                   0                   0                   0
 2.550                   0                   0                   0
 2.600                   0                   0                   0
 2.650                   0                   0                   0
 2.700                   0                   0                   0
 2.750                   0                   0                   0
 2.800                   0                   0                   0
 2.850                   0                   0                   0
 2.900                   0                   0                   0
 2.950                   0                   0                   0
 3.000                   0                   0                   0
 3.050                   0                   0                   0
 3.100                   0                   0                   0
 3.150                   0                   0                   0
 3.200                   0                   0                   0
 3.250                   0                   0                   0
 3.300                   0                   0                   0
 3.350                   0                   0                   0
 3.400                   0                   0                   0
 3.450                   0                   0                   0
 3.500                   0                   0                   0
 3.550                   0                   0                   0
 3.600                   0                   0                   0
 3.650                   0                   0                   0
 3.700                   0                   0                   0
 3.750                   0                   0                   0
 3.800                   0                   0                   0
 3.850                   0                   0                   0
 3.900                   0                   0                   0
 3.950                   0                   0                   0
 4.000                   0                   0                   0
 4.050                   0                   0                   0
 4.100                   0                   0                   0
 4.150                   0                   0                   0
 4.200                   0                   0                   0
 4.250                   0                   0                   0
 4.300                   0                   0                   0
 4.350                   0                   0                   0
 4.400                   0                   0                   0
 4.450                   0                   0                   0
 4.500                   0                   0                   0
 4.550                   0                   0                   0
 4.600                   0                   0                   0
 4.650                   0                   0                   0
 4.700                   0                   0                   0
 4.750                   0                   0                   0
 4.800                   0                   0                   0
 4.850                   0                   0                   0
 4.900                   0                   0                   0
 4.950                   0                   0                   0
