 0.000             5905393             5448774             6974728
 0.050              452379              273829              391401
 0.100              401522              346904              278428
 0.150              396279              393889              202501
 0.200              404820              412518              147033
 0.250              420476              420728              113233
 0.300              442839              427929               87229
 0.350              466080              445653               68531
 0.400              499741              470811               54574
 0.450              534007              503141               45490
 0.500              570267              543325               39235
 0.550              616698              588897               36434
 0.600              660863              640340               35898
 0.650              705615              695517               36341
 0.700              745628              754549               38481
 0.750              777050              813604               40829
 0.800              805861              877884               44263
 0.850              831376              938897               48316
 0.900              880687             1008511               54800
 0.950              990255             1114349               63916
 1.000             2378290             2782356             5563685
 1.050             7655608             7547880             5839792
 1.100             8584424             7618472             4723833
 1.150             3587103             3949467             3519183
 1.200              625927             1118591             2671215
 1.250               29911              195722             1998472
 1.300                  40               28139             1528924
 1.350                   0                5808             1234032
 1.400                   0                1719             1011222
 1.450                   0                 612              822930
 1.500                   0                 228              661855
 1.550                   0                  72              522334
 1.600                   0                  16              406048
 1.650                   0                   6              312355
 1.700                   0                   1              233970
 1.750                   0                   1              171639
 1.800                   0                   0              122990
 1.850                   0                   0               85490
 1.900                   0                   0               56297
 1.950                   0                   0               35819
 2.000                   0                   0               21528
 2.050                   0                   0               12135
 2.100                   0                   0                6352
 2.150                   0                   0                3120
 2.200                   0                   0                1373
 2.250                   0                   0                 561
 2.300                   0                   0                 222
 2.350                   0                   0                  77
 2.400                   0                   0                  19
 2.450                   0                   0                   5
 2.500                   0                   0                   0
 2.550                   0                   0                   1
 2.600                   0                   0                   0
 2.650                   0                   0                   0
 2.700                   0                   0                   0
 2.750                   0                   0                   0
 2.800                   0                   0                   0
 2.850                   0                   0                   0
 2.900                   0                   0                   0
 2.950                   0                   0                   0
 3.000                   0                   0                   0
 3.050                   0                   0                   0
 3.100                   0                   0                   0
 3.150                   0                   0                   0
 3.200                   0                   0                   0
 3.250                   0                   0                   0
 3.300                   0                   0                   0
 3.350                   0                   0                   0
 3.400                   0                   0                   0
 3.450                   0                   0                   0
 3.500                   0                   0                   0
 3.550                   0                   0                   0
 3.600                   0                   0                   0
 3.650                   0                   0                   0
 3.700                   0                   0                   0
 3.750                   0                   0                   0
 3.800                   0                   0                   0
 3.850                   0                   0                   0
 3.900                   0                   0                   0
 3.950                   0                   0                   0
 4.000                   0                   0                   0
 4.050                   0                   0                   0
 4.100                   0                   0                   0
 4.150                   0                   0                   0
 4.200                   0                   0                   0
 4.250                   0                   0                   0
 4.300                   0                   0                   0
 4.350                   0                   0                   0
 4.400                   0                   0                   0
 4.450                   0                   0                   0
 4.500                   0                   0                   0
 4.550                   0                   0                   0
 4.600                   0                   0                   0
 4.650                   0                   0                   0
 4.700                   0                   0                   0
 4.750                   0                   0                   0
 4.800                   0                   0                   0
 4.850                   0                   0                   0
 4.900                   0                   0                   0
 4.950                   0                   0                   0
