 0.000             5875448             5388880             6922075
 0.050              454598              266465              406729
 0.100              404260              338502              291260
 0.150              400004              389949              212524
 0.200              410656              415605              158907
 0.250              428286              428232              123076
 0.300              449879              438483               93630
 0.350              477223              455803               72091
 0.400              510106              483351               58382
 0.450              545240              516881               50296
 0.500              585755              557149               44660
 0.550              625324              602321               41662
 0.600              668558              653524               40249
 0.650              713239              708315               40750
 0.700              756829              767806               42003
 0.750              793826              832868               44743
 0.800              832689              901258               48533
 0.850              879902              977685               53078
 0.900              956568             1074371               59817
 0.950             1100721             1219322               69117
 1.000             3378639             3811955             6322331
 1.050             8506283             8072097             5776257
 1.100             7711756             7076094             4510883
 1.150             3193253             3558044             3431748
 1.200              397075              935804             2657905
 1.250                6932              156648             2100286
 1.300                   0               26093             1631087
 1.350                   0                6360             1285668
 1.400                   0                2073             1014170
 1.450                   0                 737              800249
 1.500                   0                 274              636385
 1.550                   0                  70              505143
 1.600                   0                  18              398806
 1.650                   0                  10              309640
 1.700                   0                   2              235986
 1.750                   0                   0              176655
 1.800                   0                   0              129941
 1.850                   0                   0               92609
 1.900                   0                   0               64390
 1.950                   0                   0               43155
 2.000                   0                   0               27855
 2.050                   0                   0               16989
 2.100                   0                   0               10081
 2.150                   0                   0                5669
 2.200                   0                   0                2920
 2.250                   0                   0                1495
 2.300                   0                   0                 678
 2.350                   0                   0                 296
 2.400                   0                   0                 119
 2.450                   0                   0                  49
 2.500                   0                   0                  19
 2.550                   0                   0                   0
 2.600                   0                   0                   3
 2.650                   0                   0                   0
 2.700                   0                   0                   0
 2.750                   0                   0                   0
 2.800                   0                   0                   0
 2.850                   0                   0                   0
 2.900                   0                   0                   0
 2.950                   0                   0                   0
 3.000                   0                   0                   0
 3.050                   0                   0                   0
 3.100                   0                   0                   0
 3.150                   0                   0                   0
 3.200                   0                   0                   0
 3.250                   0                   0                   0
 3.300                   0                   0                   0
 3.350                   0                   0                   0
 3.400                   0                   0                   0
 3.450                   0                   0                   0
 3.500                   0                   0                   0
 3.550                   0                   0                   0
 3.600                   0                   0                   0
 3.650                   0                   0                   0
 3.700                   0                   0                   0
 3.750                   0                   0                   0
 3.800                   0                   0                   0
 3.850                   0                   0                   0
 3.900                   0                   0                   0
 3.950                   0                   0                   0
 4.000                   0                   0                   0
 4.050                   0                   0                   0
 4.100                   0                   0                   0
 4.150                   0                   0                   0
 4.200                   0                   0                   0
 4.250                   0                   0                   0
 4.300                   0                   0                   0
 4.350                   0                   0                   0
 4.400                   0                   0                   0
 4.450                   0                   0                   0
 4.500                   0                   0                   0
 4.550                   0                   0                   0
 4.600                   0                   0                   0
 4.650                   0                   0                   0
 4.700                   0                   0                   0
 4.750                   0                   0                   0
 4.800                   0                   0                   0
 4.850                   0                   0                   0
 4.900                   0                   0                   0
 4.950                   0                   0                   0
