 0.000             5916884             5811882             6828622
 0.050              407153              301307              379295
 0.100              350487              285680              237385
 0.150              337360              292212              128169
 0.200              340213              304268               63303
 0.250              352508              317815               34672
 0.300              366522              333760               27683
 0.350              386455              352079               27584
 0.400              409095              374702               28237
 0.450              435672              401025               28286
 0.500              468148              435517               29009
 0.550              506117              477797               29271
 0.600              550590              528748               29901
 0.650              605027              588915               30568
 0.700              666395              660098               32207
 0.750              735438              741061               33363
 0.800              814749              835355               35370
 0.850              899866              942539               37837
 0.900              991363             1058662               42148
 0.950             1122749             1200308               48860
 1.000             1980336             2096674             3069975
 1.050             4058349             4400323             5205303
 1.100             6570182             6298911             4905458
 1.150             6458270             5974791             4035698
 1.200             2689217             3035631             3041997
 1.250              455815              763689             2280899
 1.300               26307               83439             1787765
 1.350                 246                4014             1474247
 1.400                   0                 251             1215908
 1.450                   0                  55             1018716
 1.500                   0                   4              848534
 1.550                   0                   1              674336
 1.600                   0                   0              509778
 1.650                   0                   0              350703
 1.700                   0                   0              205008
 1.750                   0                   0               96988
 1.800                   0                   0               36347
 1.850                   0                   0               10326
 1.900                   0                   0                1691
 1.950                   0                   0                  65
 2.000                   0                   0                   0
 2.050                   0                   0                   1
 2.100                   0                   0                   0
 2.150                   0                   0                   0
 2.200                   0                   0                   0
 2.250                   0                   0                   0
 2.300                   0                   0                   0
 2.350                   0                   0                   0
 2.400                   0                   0                   0
 2.450                   0                   0                   0
 2.500                   0                   0                   0
 2.550                   0                   0                   0
 2.600                   0                   0                   0
 2.650                   0                   0                   0
 2.700                   0                   0                   0
 2.750                   0                   0                   0
 2.800                   0                   0                   0
 2.850                   0                   0                   0
 2.900                   0                   0                   0
 2.950                   0                   0                   0
 3.000                   0                   0                   0
 3.050                   0                   0                   0
 3.100                   0                   0                   0
 3.150                   0                   0                   0
 3.200                   0                   0                   0
 3.250                   0                   0                   0
 3.300                   0                   0                   0
 3.350                   0                   0                   0
 3.400                   0                   0                   0
 3.450                   0                   0                   0
 3.500                   0                   0                   0
 3.550                   0                   0                   0
 3.600                   0                   0                   0
 3.650                   0                   0                   0
 3.700                   0                   0                   0
 3.750                   0                   0                   0
 3.800                   0                   0                   0
 3.850                   0                   0                   0
 3.900                   0                   0                   0
 3.950                   0                   0                   0
 4.000                   0                   0                   0
 4.050                   0                   0                   0
 4.100                   0                   0                   0
 4.150                   0                   0                   0
 4.200                   0                   0                   0
 4.250                   0                   0                   0
 4.300                   0                   0                   0
 4.350                   0                   0                   0
 4.400                   0                   0                   0
 4.450                   0                   0                   0
 4.500                   0                   0                   0
 4.550                   0                   0                   0
 4.600                   0                   0                   0
 4.650                   0                   0                   0
 4.700                   0                   0                   0
 4.750                   0                   0                   0
 4.800                   0                   0                   0
 4.850                   0                   0                   0
 4.900                   0                   0                   0
 4.950                   0                   0                   0
