 0.000             6034063             5683397             7043717
 0.050              433452              267837              372008
 0.100              382257              320283              263588
 0.150              374914              357708              201444
 0.200              382774              376091              155991
 0.250              398101              388507              113671
 0.300              416652              400566               81377
 0.350              438564              415082               58318
 0.400              468178              438321               42069
 0.450              498563              469996               33840
 0.500              536264              506004               30940
 0.550              574764              550283               30836
 0.600              613986              599318               31844
 0.650              658233              653288               32707
 0.700              707272              712331               34748
 0.750              756593              780870               36753
 0.800              806283              854640               39660
 0.850              850627              930728               43291
 0.900              909481             1008101               49071
 0.950             1013825             1122068               57641
 1.000             2450032             2723351             5079807
 1.050             6102420             6289689             5714670
 1.100             7999679             7198819             4527799
 1.150             4557040             4546989             3342415
 1.200             1075616             1578566             2504680
 1.250               88107              310348             1964037
 1.300                 619               37787             1603380
 1.350                   0                5284             1319887
 1.400                   0                1381             1087202
 1.450                   0                 483              890141
 1.500                   0                 164              710274
 1.550                   0                  51              559408
 1.600                   0                  19              434783
 1.650                   0                   6              331674
 1.700                   0                   2              247123
 1.750                   0                   1              176306
 1.800                   0                   0              120128
 1.850                   0                   0               76122
 1.900                   0                   0               43947
 1.950                   0                   0               23233
 2.000                   0                   0               10902
 2.050                   0                   0                4535
 2.100                   0                   0                1657
 2.150                   0                   0                 582
 2.200                   0                   0                 118
 2.250                   0                   0                  33
 2.300                   0                   0                   1
 2.350                   0                   0                   1
 2.400                   0                   0                   0
 2.450                   0                   0                   0
 2.500                   0                   0                   0
 2.550                   0                   0                   0
 2.600                   0                   0                   0
 2.650                   0                   0                   0
 2.700                   0                   0                   0
 2.750                   0                   0                   0
 2.800                   0                   0                   0
 2.850                   0                   0                   0
 2.900                   0                   0                   0
 2.950                   0                   0                   0
 3.000                   0                   0                   0
 3.050                   0                   0                   0
 3.100                   0                   0                   0
 3.150                   0                   0                   0
 3.200                   0                   0                   0
 3.250                   0                   0                   0
 3.300                   0                   0                   0
 3.350                   0                   0                   0
 3.400                   0                   0                   0
 3.450                   0                   0                   0
 3.500                   0                   0                   0
 3.550                   0                   0                   0
 3.600                   0                   0                   0
 3.650                   0                   0                   0
 3.700                   0                   0                   0
 3.750                   0                   0                   0
 3.800                   0                   0                   0
 3.850                   0                   0                   0
 3.900                   0                   0                   0
 3.950                   0                   0                   0
 4.000                   0                   0                   0
 4.050                   0                   0                   0
 4.100                   0                   0                   0
 4.150                   0                   0                   0
 4.200                   0                   0                   0
 4.250                   0                   0                   0
 4.300                   0                   0                   0
 4.350                   0                   0                   0
 4.400                   0                   0                   0
 4.450                   0                   0                   0
 4.500                   0                   0                   0
 4.550                   0                   0                   0
 4.600                   0                   0                   0
 4.650                   0                   0                   0
 4.700                   0                   0                   0
 4.750                   0                   0                   0
 4.800                   0                   0                   0
 4.850                   0                   0                   0
 4.900                   0                   0                   0
 4.950                   0                   0                   0
