 0.000             6003806             5787226             6944856
 0.050              417357              281217              370466
 0.100              363421              297441              274084
 0.150              351226              316987              203171
 0.200              356072              333670              131583
 0.250              369961              347966               79138
 0.300              387385              362364               46488
 0.350              409777              381432               32514
 0.400              435020              402390               28144
 0.450              463999              432128               28097
 0.500              499617              466753               28739
 0.550              539887              511864               28829
 0.600              585655              562238               30082
 0.650              637586              624074               31033
 0.700              695942              692948               31874
 0.750              758020              771546               34240
 0.800              828578              853897               36017
 0.850              901358              951524               39197
 0.900              978352             1059673               43815
 0.950             1096384             1186272               51770
 1.000             2157086             2338350             3693405
 1.050             4263243             4594052             5269658
 1.100             7131707             6651043             4579659
 1.150             6056333             5662386             3604621
 1.200             2123487             2570514             2844165
 1.250              256246              568861             2231203
 1.300                5482               58574             1810252
 1.350                   0                4426             1478171
 1.400                   0                 847             1207907
 1.450                   0                 224              980607
 1.500                   0                  66              792351
 1.550                   0                  26              631856
 1.600                   0                   4              496035
 1.650                   0                   4              371608
 1.700                   0                   0              260786
 1.750                   0                   0              165626
 1.800                   0                   0               91700
 1.850                   0                   0               43781
 1.900                   0                   0               17939
 1.950                   0                   0                5907
 2.000                   0                   0                1389
 2.050                   0                   0                 214
 2.100                   0                   0                   9
 2.150                   0                   0                   0
 2.200                   0                   0                   1
 2.250                   0                   0                   0
 2.300                   0                   0                   0
 2.350                   0                   0                   0
 2.400                   0                   0                   0
 2.450                   0                   0                   0
 2.500                   0                   0                   0
 2.550                   0                   0                   0
 2.600                   0                   0                   0
 2.650                   0                   0                   0
 2.700                   0                   0                   0
 2.750                   0                   0                   0
 2.800                   0                   0                   0
 2.850                   0                   0                   0
 2.900                   0                   0                   0
 2.950                   0                   0                   0
 3.000                   0                   0                   0
 3.050                   0                   0                   0
 3.100                   0                   0                   0
 3.150                   0                   0                   0
 3.200                   0                   0                   0
 3.250                   0                   0                   0
 3.300                   0                   0                   0
 3.350                   0                   0                   0
 3.400                   0                   0                   0
 3.450                   0                   0                   0
 3.500                   0                   0                   0
 3.550                   0                   0                   0
 3.600                   0                   0                   0
 3.650                   0                   0                   0
 3.700                   0                   0                   0
 3.750                   0                   0                   0
 3.800                   0                   0                   0
 3.850                   0                   0                   0
 3.900                   0                   0                   0
 3.950                   0                   0                   0
 4.000                   0                   0                   0
 4.050                   0                   0                   0
 4.100                   0                   0                   0
 4.150                   0                   0                   0
 4.200                   0                   0                   0
 4.250                   0                   0                   0
 4.300                   0                   0                   0
 4.350                   0                   0                   0
 4.400                   0                   0                   0
 4.450                   0                   0                   0
 4.500                   0                   0                   0
 4.550                   0                   0                   0
 4.600                   0                   0                   0
 4.650                   0                   0                   0
 4.700                   0                   0                   0
 4.750                   0                   0                   0
 4.800                   0                   0                   0
 4.850                   0                   0                   0
 4.900                   0                   0                   0
 4.950                   0                   0                   0
