 0.000             5359030             5335858             5724733
 0.050              372135              338730               15734
 0.100              300562              299179               17739
 0.150              265747              258309               17636
 0.200              246916              237937               18510
 0.250              239813              232682               16349
 0.300              238848              233560               14015
 0.350              242621              239019               15803
 0.400              250596              246408               18443
 0.450              259325              256882               21857
 0.500              270580              267794               25629
 0.550              285184              283030               29432
 0.600              300999              299245               32261
 0.650              319591              318283               35914
 0.700              341330              341530               38925
 0.750              370191              370920               43041
 0.800              403577              405871               46732
 0.850              445070              449024               50957
 0.900              496470              505588               56022
 0.950              567937              579993               63011
 1.000              666647              688463               78951
 1.050             1274422             1309070             1034109
 1.100             4447535             4572804             5043810
 1.150             6191844             6243739             4661252
 1.200             8072295             7641665             4457311
 1.250             6016979             6105886             4468203
 1.300              571752              751729             4418305
 1.350                 225                4697             4114725
 1.400                   0                 293             3226401
 1.450                   0                  29             1011563
 1.500                   0                   3                 726
 1.550                   0                   1                  84
 1.600                   0                   0                  24
 1.650                   0                   0                   9
 1.700                   0                   0                   2
 1.750                   0                   0                   2
 1.800                   0                   0                   1
 1.850                   0                   0                   0
 1.900                   0                   0                   0
 1.950                   0                   0                   0
 2.000                   0                   0                   0
 2.050                   0                   0                   0
 2.100                   0                   0                   0
 2.150                   0                   0                   0
 2.200                   0                   0                   0
 2.250                   0                   0                   0
 2.300                   0                   0                   0
 2.350                   0                   0                   0
 2.400                   0                   0                   0
 2.450                   0                   0                   0
 2.500                   0                   0                   0
 2.550                   0                   0                   0
 2.600                   0                   0                   0
 2.650                   0                   0                   0
 2.700                   0                   0                   0
 2.750                   0                   0                   0
 2.800                   0                   0                   0
 2.850                   0                   0                   0
 2.900                   0                   0                   0
 2.950                   0                   0                   0
 3.000                   0                   0                   0
 3.050                   0                   0                   0
 3.100                   0                   0                   0
 3.150                   0                   0                   0
 3.200                   0                   0                   0
 3.250                   0                   0                   0
 3.300                   0                   0                   0
 3.350                   0                   0                   0
 3.400                   0                   0                   0
 3.450                   0                   0                   0
 3.500                   0                   0                   0
 3.550                   0                   0                   0
 3.600                   0                   0                   0
 3.650                   0                   0                   0
 3.700                   0                   0                   0
 3.750                   0                   0                   0
 3.800                   0                   0                   0
 3.850                   0                   0                   0
 3.900                   0                   0                   0
 3.950                   0                   0                   0
 4.000                   0                   0                   0
 4.050                   0                   0                   0
 4.100                   0                   0                   0
 4.150                   0                   0                   0
 4.200                   0                   0                   0
 4.250                   0                   0                   0
 4.300                   0                   0                   0
 4.350                   0                   0                   0
 4.400                   0                   0                   0
 4.450                   0                   0                   0
 4.500                   0                   0                   0
 4.550                   0                   0                   0
 4.600                   0                   0                   0
 4.650                   0                   0                   0
 4.700                   0                   0                   0
 4.750                   0                   0                   0
 4.800                   0                   0                   0
 4.850                   0                   0                   0
 4.900                   0                   0                   0
 4.950                   0                   0                   0
