 0.000             5864050             5377171             6918183
 0.050              456960              266461              408397
 0.100              407576              341268              289126
 0.150              402532              393295              213453
 0.200              413571              419295              157684
 0.250              431416              430946              120805
 0.300              453758              441604               92792
 0.350              481926              457954               72716
 0.400              512047              482528               59008
 0.450              544864              515493               50589
 0.500              580692              555234               45334
 0.550              622025              599214               42110
 0.600              659955              648708               40708
 0.650              704936              703129               40912
 0.700              748742              763035               42853
 0.750              792679              828008               45047
 0.800              834220              900930               48860
 0.850              887340              978979               53775
 0.900              970454             1082704               59928
 0.950             1115079             1238418               69952
 1.000             3589931             4021225             6451589
 1.050             8676787             8220119             5891342
 1.100             7673511             7042881             4547959
 1.150             2959183             3380016             3372277
 1.200              396406              907459             2601571
 1.250                8564              156333             2075843
 1.300                   0               26851             1630266
 1.350                   0                6624             1283015
 1.400                   0                2175             1012521
 1.450                   0                 787              799803
 1.500                   0                 239              634030
 1.550                   0                  81              502143
 1.600                   0                  29              394612
 1.650                   0                  10              308566
 1.700                   0                   1              235203
 1.750                   0                   0              176042
 1.800                   0                   0              129236
 1.850                   0                   0               93763
 1.900                   0                   0               64797
 1.950                   0                   0               43648
 2.000                   0                   0               28398
 2.050                   0                   0               17700
 2.100                   0                   0               10495
 2.150                   0                   0                5961
 2.200                   0                   0                3226
 2.250                   0                   0                1628
 2.300                   0                   0                 747
 2.350                   0                   0                 348
 2.400                   0                   0                 149
 2.450                   0                   0                  64
 2.500                   0                   0                  20
 2.550                   0                   0                   7
 2.600                   0                   0                   2
 2.650                   0                   0                   1
 2.700                   0                   0                   0
 2.750                   0                   0                   0
 2.800                   0                   0                   0
 2.850                   0                   0                   0
 2.900                   0                   0                   0
 2.950                   0                   0                   0
 3.000                   0                   0                   0
 3.050                   0                   0                   0
 3.100                   0                   0                   0
 3.150                   0                   0                   0
 3.200                   0                   0                   0
 3.250                   0                   0                   0
 3.300                   0                   0                   0
 3.350                   0                   0                   0
 3.400                   0                   0                   0
 3.450                   0                   0                   0
 3.500                   0                   0                   0
 3.550                   0                   0                   0
 3.600                   0                   0                   0
 3.650                   0                   0                   0
 3.700                   0                   0                   0
 3.750                   0                   0                   0
 3.800                   0                   0                   0
 3.850                   0                   0                   0
 3.900                   0                   0                   0
 3.950                   0                   0                   0
 4.000                   0                   0                   0
 4.050                   0                   0                   0
 4.100                   0                   0                   0
 4.150                   0                   0                   0
 4.200                   0                   0                   0
 4.250                   0                   0                   0
 4.300                   0                   0                   0
 4.350                   0                   0                   0
 4.400                   0                   0                   0
 4.450                   0                   0                   0
 4.500                   0                   0                   0
 4.550                   0                   0                   0
 4.600                   0                   0                   0
 4.650                   0                   0                   0
 4.700                   0                   0                   0
 4.750                   0                   0                   0
 4.800                   0                   0                   0
 4.850                   0                   0                   0
 4.900                   0                   0                   0
 4.950                   0                   0                   0
