 0.000             9312409             9043943            10987108
 0.050              521326              437061              576052
 0.100              459123              441681              305814
 0.150              450536              445099              175571
 0.200              459734              449551              122282
 0.250              478097              459095              101082
 0.300              505052              475757               89351
 0.350              535042              504069               78819
 0.400              570576              539851               67302
 0.450              615766              582608               60047
 0.500              663953              634854               60708
 0.550              714818              693356               64778
 0.600              777038              759265               70319
 0.650              856311              837078               77242
 0.700              948460              931921               83391
 0.750             1064546             1052561               89347
 0.800             1201618             1194203               95752
 0.850             1359974             1362592              103415
 0.900             1554605             1565728              112146
 0.950             1803701             1834089              123536
 1.000             3284089             3322711             2288967
 1.050             7813340             8143500            12088381
 1.100            10434083            10898522            11667144
 1.150            14440654            13831591            10547676
 1.200            15853406            14810883             8919304
 1.250            10043989            10323403             6939344
 1.300             2693141             3588869             5483349
 1.350              265127              493780             4510934
 1.400                9847               30780             3767950
 1.450                   0                1537             3225709
 1.500                   0                 302             2681571
 1.550                   0                  81             2042174
 1.600                   0                  24             1307569
 1.650                   0                   9              601385
 1.700                   0                   6              159999
 1.750                   0                   1               14757
 1.800                   0                   0                  86
 1.850                   0                   0                   0
 1.900                   0                   0                   0
 1.950                   0                   0                   0
 2.000                   0                   0                   0
 2.050                   0                   0                   0
 2.100                   0                   0                   0
 2.150                   0                   0                   0
 2.200                   0                   0                   0
 2.250                   0                   0                   0
 2.300                   0                   0                   0
 2.350                   0                   0                   0
 2.400                   0                   0                   0
 2.450                   0                   0                   0
 2.500                   0                   0                   0
 2.550                   0                   0                   0
 2.600                   0                   0                   0
 2.650                   0                   0                   0
 2.700                   0                   0                   0
 2.750                   0                   0                   0
 2.800                   0                   0                   0
 2.850                   0                   0                   0
 2.900                   0                   0                   0
 2.950                   0                   0                   0
 3.000                   0                   0                   0
 3.050                   0                   0                   0
 3.100                   0                   0                   0
 3.150                   0                   0                   0
 3.200                   0                   0                   0
 3.250                   0                   0                   0
 3.300                   0                   0                   0
 3.350                   0                   0                   0
 3.400                   0                   0                   0
 3.450                   0                   0                   0
 3.500                   0                   0                   0
 3.550                   0                   0                   0
 3.600                   0                   0                   0
 3.650                   0                   0                   0
 3.700                   0                   0                   0
 3.750                   0                   0                   0
 3.800                   0                   0                   0
 3.850                   0                   0                   0
 3.900                   0                   0                   0
 3.950                   0                   0                   0
 4.000                   0                   0                   0
 4.050                   0                   0                   0
 4.100                   0                   0                   0
 4.150                   0                   0                   0
 4.200                   0                   0                   0
 4.250                   0                   0                   0
 4.300                   0                   0                   0
 4.350                   0                   0                   0
 4.400                   0                   0                   0
 4.450                   0                   0                   0
 4.500                   0                   0                   0
 4.550                   0                   0                   0
 4.600                   0                   0                   0
 4.650                   0                   0                   0
 4.700                   0                   0                   0
 4.750                   0                   0                   0
 4.800                   0                   0                   0
 4.850                   0                   0                   0
 4.900                   0                   0                   0
 4.950                   0                   0                   0
