 0.000             9199192             8861465            10927373
 0.050              545728              433803              692870
 0.100              481908              458906              391241
 0.150              472109              470234              222883
 0.200              483490              477710              140347
 0.250              501563              486674              101668
 0.300              527714              503375               86650
 0.350              557793              531180               77077
 0.400              596451              567113               69074
 0.450              642853              612825               61868
 0.500              694787              667321               59357
 0.550              755404              731559               61578
 0.600              829917              808793               65426
 0.650              912970              896743               71804
 0.700             1010691             1000057               77622
 0.750             1135324             1122726               83490
 0.800             1283106             1279667               90670
 0.850             1479366             1469863               97939
 0.900             1711058             1705843              107256
 0.950             2013572             2020965              119374
 1.000             4211632             4259931             4262747
 1.050             8053305             8517158            12193702
 1.100            11500889            11759258            11851977
 1.150            15540743            14744971            10269542
 1.200            15470562            14359001             8243333
 1.250             7431863             8236747             6426172
 1.300             1656300             2491840             5095469
 1.350              144771              346625             4171122
 1.400                2885               23150             3522753
 1.450                   0                1897             2965930
 1.500                   0                 400             2481390
 1.550                   0                  98             1978940
 1.600                   0                  34             1418514
 1.650                   0                  13              851068
 1.700                   0                   1              384908
 1.750                   0                   0              110702
 1.800                   0                   0               13812
 1.850                   0                   0                 298
 1.900                   0                   0                   0
 1.950                   0                   0                   0
 2.000                   0                   0                   0
 2.050                   0                   0                   0
 2.100                   0                   0                   0
 2.150                   0                   0                   0
 2.200                   0                   0                   0
 2.250                   0                   0                   0
 2.300                   0                   0                   0
 2.350                   0                   0                   0
 2.400                   0                   0                   0
 2.450                   0                   0                   0
 2.500                   0                   0                   0
 2.550                   0                   0                   0
 2.600                   0                   0                   0
 2.650                   0                   0                   0
 2.700                   0                   0                   0
 2.750                   0                   0                   0
 2.800                   0                   0                   0
 2.850                   0                   0                   0
 2.900                   0                   0                   0
 2.950                   0                   0                   0
 3.000                   0                   0                   0
 3.050                   0                   0                   0
 3.100                   0                   0                   0
 3.150                   0                   0                   0
 3.200                   0                   0                   0
 3.250                   0                   0                   0
 3.300                   0                   0                   0
 3.350                   0                   0                   0
 3.400                   0                   0                   0
 3.450                   0                   0                   0
 3.500                   0                   0                   0
 3.550                   0                   0                   0
 3.600                   0                   0                   0
 3.650                   0                   0                   0
 3.700                   0                   0                   0
 3.750                   0                   0                   0
 3.800                   0                   0                   0
 3.850                   0                   0                   0
 3.900                   0                   0                   0
 3.950                   0                   0                   0
 4.000                   0                   0                   0
 4.050                   0                   0                   0
 4.100                   0                   0                   0
 4.150                   0                   0                   0
 4.200                   0                   0                   0
 4.250                   0                   0                   0
 4.300                   0                   0                   0
 4.350                   0                   0                   0
 4.400                   0                   0                   0
 4.450                   0                   0                   0
 4.500                   0                   0                   0
 4.550                   0                   0                   0
 4.600                   0                   0                   0
 4.650                   0                   0                   0
 4.700                   0                   0                   0
 4.750                   0                   0                   0
 4.800                   0                   0                   0
 4.850                   0                   0                   0
 4.900                   0                   0                   0
 4.950                   0                   0                   0
