 0.000             9602831             9419122            10969695
 0.050              503148              450721              372432
 0.100              435274              433012              203366
 0.150              426796              423055              147607
 0.200              431068              423741              124472
 0.250              446962              431021              107784
 0.300              464814              442537               96758
 0.350              487822              460114               81548
 0.400              514086              485687               63911
 0.450              544324              516184               63063
 0.500              580029              554097               69799
 0.550              621027              597323               77591
 0.600              668972              647528               85261
 0.650              727567              709177               92834
 0.700              791210              779594              100162
 0.750              870756              863489              107627
 0.800              964394              966661              115622
 0.850             1079376             1091964              124165
 0.900             1232249             1252142              133139
 0.950             1436158             1458605              145861
 1.000             1725443             1758510              170185
 1.050             6850782             6990582             9356450
 1.100             9204566             9613211            11253803
 1.150            12505698            12486874            10685703
 1.200            15782965            14843235             9596620
 1.250            13931529            13629199             8042970
 1.300             5764138             6495200             6654632
 1.350              907432             1236243             5485176
 1.400               28858               68479             4757657
 1.450                 208                2624             4066968
 1.500                   0                 418             3214259
 1.550                   0                  92             2098617
 1.600                   0                  31              783249
 1.650                   0                   7               81249
 1.700                   0                   3                 244
 1.750                   0                   0                   3
 1.800                   0                   0                   0
 1.850                   0                   0                   0
 1.900                   0                   0                   0
 1.950                   0                   0                   0
 2.000                   0                   0                   0
 2.050                   0                   0                   0
 2.100                   0                   0                   0
 2.150                   0                   0                   0
 2.200                   0                   0                   0
 2.250                   0                   0                   0
 2.300                   0                   0                   0
 2.350                   0                   0                   0
 2.400                   0                   0                   0
 2.450                   0                   0                   0
 2.500                   0                   0                   0
 2.550                   0                   0                   0
 2.600                   0                   0                   0
 2.650                   0                   0                   0
 2.700                   0                   0                   0
 2.750                   0                   0                   0
 2.800                   0                   0                   0
 2.850                   0                   0                   0
 2.900                   0                   0                   0
 2.950                   0                   0                   0
 3.000                   0                   0                   0
 3.050                   0                   0                   0
 3.100                   0                   0                   0
 3.150                   0                   0                   0
 3.200                   0                   0                   0
 3.250                   0                   0                   0
 3.300                   0                   0                   0
 3.350                   0                   0                   0
 3.400                   0                   0                   0
 3.450                   0                   0                   0
 3.500                   0                   0                   0
 3.550                   0                   0                   0
 3.600                   0                   0                   0
 3.650                   0                   0                   0
 3.700                   0                   0                   0
 3.750                   0                   0                   0
 3.800                   0                   0                   0
 3.850                   0                   0                   0
 3.900                   0                   0                   0
 3.950                   0                   0                   0
 4.000                   0                   0                   0
 4.050                   0                   0                   0
 4.100                   0                   0                   0
 4.150                   0                   0                   0
 4.200                   0                   0                   0
 4.250                   0                   0                   0
 4.300                   0                   0                   0
 4.350                   0                   0                   0
 4.400                   0                   0                   0
 4.450                   0                   0                   0
 4.500                   0                   0                   0
 4.550                   0                   0                   0
 4.600                   0                   0                   0
 4.650                   0                   0                   0
 4.700                   0                   0                   0
 4.750                   0                   0                   0
 4.800                   0                   0                   0
 4.850                   0                   0                   0
 4.900                   0                   0                   0
 4.950                   0                   0                   0
