 0.000             9182445             8818244            10926197
 0.050              548458              430199              715222
 0.100              487086              460441              416899
 0.150              478941              475694              238086
 0.200              490938              485016              149699
 0.250              513956              498584              104904
 0.300              543851              517365               86334
 0.350              576775              547037               77357
 0.400              614060              585689               69576
 0.450              656905              630886               62801
 0.500              708935              687163               60155
 0.550              771793              750946               61012
 0.600              845055              829120               65191
 0.650              933085              916131               70908
 0.700             1038729             1024624               76912
 0.750             1159082             1156398               82585
 0.800             1319081             1308886               89951
 0.850             1519237             1502196               97729
 0.900             1745275             1751077              107244
 0.950             2039997             2061848              120369
 1.000             4356242             4411299             4784173
 1.050             8045465             8548133            12200785
 1.100            11845740            12104488            11990535
 1.150            16229167            15105994            10105369
 1.200            14885490            14016460             8106719
 1.250             6824766             7701006             6279113
 1.300             1427328             2245895             4997335
 1.350              114748              310906             4083349
 1.400                1665               19828             3442708
 1.450                   0                2108             2915646
 1.500                   0                 462             2419135
 1.550                   0                 115             1949627
 1.600                   0                  41             1426961
 1.650                   0                  13              897680
 1.700                   0                   3              445621
 1.750                   0                   0              152100
 1.800                   0                   0               26942
 1.850                   0                   0                1361
 1.900                   0                   0                   5
 1.950                   0                   0                   0
 2.000                   0                   0                   0
 2.050                   0                   0                   0
 2.100                   0                   0                   0
 2.150                   0                   0                   0
 2.200                   0                   0                   0
 2.250                   0                   0                   0
 2.300                   0                   0                   0
 2.350                   0                   0                   0
 2.400                   0                   0                   0
 2.450                   0                   0                   0
 2.500                   0                   0                   0
 2.550                   0                   0                   0
 2.600                   0                   0                   0
 2.650                   0                   0                   0
 2.700                   0                   0                   0
 2.750                   0                   0                   0
 2.800                   0                   0                   0
 2.850                   0                   0                   0
 2.900                   0                   0                   0
 2.950                   0                   0                   0
 3.000                   0                   0                   0
 3.050                   0                   0                   0
 3.100                   0                   0                   0
 3.150                   0                   0                   0
 3.200                   0                   0                   0
 3.250                   0                   0                   0
 3.300                   0                   0                   0
 3.350                   0                   0                   0
 3.400                   0                   0                   0
 3.450                   0                   0                   0
 3.500                   0                   0                   0
 3.550                   0                   0                   0
 3.600                   0                   0                   0
 3.650                   0                   0                   0
 3.700                   0                   0                   0
 3.750                   0                   0                   0
 3.800                   0                   0                   0
 3.850                   0                   0                   0
 3.900                   0                   0                   0
 3.950                   0                   0                   0
 4.000                   0                   0                   0
 4.050                   0                   0                   0
 4.100                   0                   0                   0
 4.150                   0                   0                   0
 4.200                   0                   0                   0
 4.250                   0                   0                   0
 4.300                   0                   0                   0
 4.350                   0                   0                   0
 4.400                   0                   0                   0
 4.450                   0                   0                   0
 4.500                   0                   0                   0
 4.550                   0                   0                   0
 4.600                   0                   0                   0
 4.650                   0                   0                   0
 4.700                   0                   0                   0
 4.750                   0                   0                   0
 4.800                   0                   0                   0
 4.850                   0                   0                   0
 4.900                   0                   0                   0
 4.950                   0                   0                   0
