 0.000             9344135             9278877            10206289
 0.050              470562              400595              335850
 0.100              384666              364504              258843
 0.150              356304              352162               88775
 0.200              349188              347333               74512
 0.250              354620              350727               91974
 0.300              366551              359854              108846
 0.350              382227              372983              122410
 0.400              401490              393084              135928
 0.450              422586              417088              155507
 0.500              446899              441590              179587
 0.550              474994              471033              191304
 0.600              509896              505453              200879
 0.650              547958              547436              217128
 0.700              596068              597008              244003
 0.750              653303              658523              285685
 0.800              723867              735743              301696
 0.850              816754              837935              318511
 0.900              943995              978753              355053
 0.950             1122964             1182474              427544
 1.000             1402873             1490122              453110
 1.050             1949813             2056423              699811
 1.100             7759299             7954239             8782385
 1.150            19731338            18985012            13194762
 1.200            31509934            30070011            14833264
 1.250             7342425             9108013            17199482
 1.300               15606              115246            16490109
 1.350                   0                6521             3426824
 1.400                   0                1206                 207
 1.450                   0                 284                  28
 1.500                   0                  62                   7
 1.550                   0                  16                   0
 1.600                   0                   3                   1
 1.650                   0                   2                   0
 1.700                   0                   0                   1
 1.750                   0                   0                   0
 1.800                   0                   0                   0
 1.850                   0                   0                   0
 1.900                   0                   0                   0
 1.950                   0                   0                   0
 2.000                   0                   0                   0
 2.050                   0                   0                   0
 2.100                   0                   0                   0
 2.150                   0                   0                   0
 2.200                   0                   0                   0
 2.250                   0                   0                   0
 2.300                   0                   0                   0
 2.350                   0                   0                   0
 2.400                   0                   0                   0
 2.450                   0                   0                   0
 2.500                   0                   0                   0
 2.550                   0                   0                   0
 2.600                   0                   0                   0
 2.650                   0                   0                   0
 2.700                   0                   0                   0
 2.750                   0                   0                   0
 2.800                   0                   0                   0
 2.850                   0                   0                   0
 2.900                   0                   0                   0
 2.950                   0                   0                   0
 3.000                   0                   0                   0
 3.050                   0                   0                   0
 3.100                   0                   0                   0
 3.150                   0                   0                   0
 3.200                   0                   0                   0
 3.250                   0                   0                   0
 3.300                   0                   0                   0
 3.350                   0                   0                   0
 3.400                   0                   0                   0
 3.450                   0                   0                   0
 3.500                   0                   0                   0
 3.550                   0                   0                   0
 3.600                   0                   0                   0
 3.650                   0                   0                   0
 3.700                   0                   0                   0
 3.750                   0                   0                   0
 3.800                   0                   0                   0
 3.850                   0                   0                   0
 3.900                   0                   0                   0
 3.950                   0                   0                   0
 4.000                   0                   0                   0
 4.050                   0                   0                   0
 4.100                   0                   0                   0
 4.150                   0                   0                   0
 4.200                   0                   0                   0
 4.250                   0                   0                   0
 4.300                   0                   0                   0
 4.350                   0                   0                   0
 4.400                   0                   0                   0
 4.450                   0                   0                   0
 4.500                   0                   0                   0
 4.550                   0                   0                   0
 4.600                   0                   0                   0
 4.650                   0                   0                   0
 4.700                   0                   0                   0
 4.750                   0                   0                   0
 4.800                   0                   0                   0
 4.850                   0                   0                   0
 4.900                   0                   0                   0
 4.950                   0                   0                   0
