 0.000             9116717             8587430            11025270
 0.050              614136              439492              768587
 0.100              549274              509614              522491
 0.150              548948              550893              358292
 0.200              568219              566331              228575
 0.250              594529              581816              144541
 0.300              623359              605452              103202
 0.350              664491              640520               82399
 0.400              716645              683087               74189
 0.450              777740              740496               69510
 0.500              843597              812796               67768
 0.550              917057              889006               67074
 0.600             1004207              980889               69963
 0.650             1106778             1088241               74059
 0.700             1239215             1210003               80374
 0.750             1393547             1360087               88032
 0.800             1548664             1539208               96372
 0.850             1744773             1737767              107303
 0.900             1979236             1988369              120588
 0.950             2285637             2318220              136702
 1.000             4006972             4189482             7707674
 1.050             9128744            10179149            13830908
 1.100            16437139            15856365            12215202
 1.150            17992698            16127835             9288534
 1.200            10300462            10595042             6959111
 1.250             3449853             4533514             5342292
 1.300              384181             1081069             4268404
 1.350               13028              137137             3624720
 1.400                 184               15264             3077134
 1.450                   0                3583             2564898
 1.500                   0                1171             2112278
 1.550                   0                 446             1703406
 1.600                   0                 159             1314008
 1.650                   0                  59              951576
 1.700                   0                  26              633300
 1.750                   0                   7              375653
 1.800                   0                   2              190474
 1.850                   0                   3               78326
 1.900                   0                   0               22999
 1.950                   0                   0                3594
 2.000                   0                   0                 245
 2.050                   0                   0                   3
 2.100                   0                   0                   0
 2.150                   0                   0                   0
 2.200                   0                   0                   0
 2.250                   0                   0                   0
 2.300                   0                   0                   0
 2.350                   0                   0                   0
 2.400                   0                   0                   0
 2.450                   0                   0                   0
 2.500                   0                   0                   0
 2.550                   0                   0                   0
 2.600                   0                   0                   0
 2.650                   0                   0                   0
 2.700                   0                   0                   0
 2.750                   0                   0                   0
 2.800                   0                   0                   0
 2.850                   0                   0                   0
 2.900                   0                   0                   0
 2.950                   0                   0                   0
 3.000                   0                   0                   0
 3.050                   0                   0                   0
 3.100                   0                   0                   0
 3.150                   0                   0                   0
 3.200                   0                   0                   0
 3.250                   0                   0                   0
 3.300                   0                   0                   0
 3.350                   0                   0                   0
 3.400                   0                   0                   0
 3.450                   0                   0                   0
 3.500                   0                   0                   0
 3.550                   0                   0                   0
 3.600                   0                   0                   0
 3.650                   0                   0                   0
 3.700                   0                   0                   0
 3.750                   0                   0                   0
 3.800                   0                   0                   0
 3.850                   0                   0                   0
 3.900                   0                   0                   0
 3.950                   0                   0                   0
 4.000                   0                   0                   0
 4.050                   0                   0                   0
 4.100                   0                   0                   0
 4.150                   0                   0                   0
 4.200                   0                   0                   0
 4.250                   0                   0                   0
 4.300                   0                   0                   0
 4.350                   0                   0                   0
 4.400                   0                   0                   0
 4.450                   0                   0                   0
 4.500                   0                   0                   0
 4.550                   0                   0                   0
 4.600                   0                   0                   0
 4.650                   0                   0                   0
 4.700                   0                   0                   0
 4.750                   0                   0                   0
 4.800                   0                   0                   0
 4.850                   0                   0                   0
 4.900                   0                   0                   0
 4.950                   0                   0                   0
