 0.000             9143038             8652917            10961237
 0.050              589195              431913              756188
 0.100              527357              494500              506827
 0.150              522751              523945              331444
 0.200              539240              540848              197097
 0.250              566651              557539              131268
 0.300              599607              579439               94980
 0.350              639154              613939               79102
 0.400              687108              657550               72400
 0.450              740768              713985               67215
 0.500              806685              775322               65157
 0.550              878316              846794               64591
 0.600              959077              933469               67184
 0.650             1051951             1030938               71721
 0.700             1161083             1147270               77687
 0.750             1290629             1281183               84845
 0.800             1457107             1442643               92598
 0.850             1647387             1637227              102676
 0.900             1858105             1879310              114690
 0.950             2135390             2187048              130666
 1.000             4797552             4978508             7043886
 1.050             8615133             9285759            13519630
 1.100            14161985            14196981            11696311
 1.150            17379402            15533705             9550862
 1.200            12237705            12056359             7232394
 1.250             4653892             5687829             5542251
 1.300              659588             1449876             4566497
 1.350               27776              194348             3795572
 1.400                  13               17396             3157649
 1.450                   0                3426             2645096
 1.500                   0                1061             2209600
 1.550                   0                 385             1784701
 1.600                   0                 149             1368558
 1.650                   0                  51              979970
 1.700                   0                  16              623128
 1.750                   0                  14              341016
 1.800                   0                   1              150785
 1.850                   0                   2               47448
 1.900                   0                   0                8169
 1.950                   0                   0                 546
 2.000                   0                   0                   3
 2.050                   0                   0                   0
 2.100                   0                   0                   0
 2.150                   0                   0                   0
 2.200                   0                   0                   0
 2.250                   0                   0                   0
 2.300                   0                   0                   0
 2.350                   0                   0                   0
 2.400                   0                   0                   0
 2.450                   0                   0                   0
 2.500                   0                   0                   0
 2.550                   0                   0                   0
 2.600                   0                   0                   0
 2.650                   0                   0                   0
 2.700                   0                   0                   0
 2.750                   0                   0                   0
 2.800                   0                   0                   0
 2.850                   0                   0                   0
 2.900                   0                   0                   0
 2.950                   0                   0                   0
 3.000                   0                   0                   0
 3.050                   0                   0                   0
 3.100                   0                   0                   0
 3.150                   0                   0                   0
 3.200                   0                   0                   0
 3.250                   0                   0                   0
 3.300                   0                   0                   0
 3.350                   0                   0                   0
 3.400                   0                   0                   0
 3.450                   0                   0                   0
 3.500                   0                   0                   0
 3.550                   0                   0                   0
 3.600                   0                   0                   0
 3.650                   0                   0                   0
 3.700                   0                   0                   0
 3.750                   0                   0                   0
 3.800                   0                   0                   0
 3.850                   0                   0                   0
 3.900                   0                   0                   0
 3.950                   0                   0                   0
 4.000                   0                   0                   0
 4.050                   0                   0                   0
 4.100                   0                   0                   0
 4.150                   0                   0                   0
 4.200                   0                   0                   0
 4.250                   0                   0                   0
 4.300                   0                   0                   0
 4.350                   0                   0                   0
 4.400                   0                   0                   0
 4.450                   0                   0                   0
 4.500                   0                   0                   0
 4.550                   0                   0                   0
 4.600                   0                   0                   0
 4.650                   0                   0                   0
 4.700                   0                   0                   0
 4.750                   0                   0                   0
 4.800                   0                   0                   0
 4.850                   0                   0                   0
 4.900                   0                   0                   0
 4.950                   0                   0                   0
