 0.000             9436205             9204163            11013050
 0.050              514476              443538              482208
 0.100              450951              441324              253548
 0.150              441888              440066              155846
 0.200              451873              442244              122139
 0.250              468333              451071              104138
 0.300              490196              463628               92249
 0.350              515719              481815               81048
 0.400              546780              512893               66735
 0.450              584038              551685               60818
 0.500              626779              597729               63620
 0.550              674699              652383               69938
 0.600              733049              714888               77061
 0.650              802440              789721               83322
 0.700              883220              876865               89718
 0.750              986424              982934               96845
 0.800             1109338             1108441              103565
 0.850             1261889             1261700              111798
 0.900             1450349             1454061              120573
 0.950             1686927             1700300              131319
 1.000             2369031             2401570              807283
 1.050             7975499             8206157            11757848
 1.100             9752471            10237258            11279978
 1.150            13363654            13062693            10896587
 1.200            15752341            14771814             9307809
 1.250            12119010            12011313             7383437
 1.300             3754130             4648369             5911182
 1.350              388137              654421             4812771
 1.400                6421               29408             4064902
 1.450                   0                1425             3496027
 1.500                   0                 284             2861248
 1.550                   0                  69             2080492
 1.600                   0                  25             1152196
 1.650                   0                  10              364598
 1.700                   0                   1               40107
 1.750                   0                   1                 264
 1.800                   0                   0                   0
 1.850                   0                   0                   0
 1.900                   0                   0                   0
 1.950                   0                   0                   0
 2.000                   0                   0                   0
 2.050                   0                   0                   0
 2.100                   0                   0                   0
 2.150                   0                   0                   0
 2.200                   0                   0                   0
 2.250                   0                   0                   0
 2.300                   0                   0                   0
 2.350                   0                   0                   0
 2.400                   0                   0                   0
 2.450                   0                   0                   0
 2.500                   0                   0                   0
 2.550                   0                   0                   0
 2.600                   0                   0                   0
 2.650                   0                   0                   0
 2.700                   0                   0                   0
 2.750                   0                   0                   0
 2.800                   0                   0                   0
 2.850                   0                   0                   0
 2.900                   0                   0                   0
 2.950                   0                   0                   0
 3.000                   0                   0                   0
 3.050                   0                   0                   0
 3.100                   0                   0                   0
 3.150                   0                   0                   0
 3.200                   0                   0                   0
 3.250                   0                   0                   0
 3.300                   0                   0                   0
 3.350                   0                   0                   0
 3.400                   0                   0                   0
 3.450                   0                   0                   0
 3.500                   0                   0                   0
 3.550                   0                   0                   0
 3.600                   0                   0                   0
 3.650                   0                   0                   0
 3.700                   0                   0                   0
 3.750                   0                   0                   0
 3.800                   0                   0                   0
 3.850                   0                   0                   0
 3.900                   0                   0                   0
 3.950                   0                   0                   0
 4.000                   0                   0                   0
 4.050                   0                   0                   0
 4.100                   0                   0                   0
 4.150                   0                   0                   0
 4.200                   0                   0                   0
 4.250                   0                   0                   0
 4.300                   0                   0                   0
 4.350                   0                   0                   0
 4.400                   0                   0                   0
 4.450                   0                   0                   0
 4.500                   0                   0                   0
 4.550                   0                   0                   0
 4.600                   0                   0                   0
 4.650                   0                   0                   0
 4.700                   0                   0                   0
 4.750                   0                   0                   0
 4.800                   0                   0                   0
 4.850                   0                   0                   0
 4.900                   0                   0                   0
 4.950                   0                   0                   0
