 0.000             8883331             8881675            10075450
 0.050              453662              370836              304762
 0.100              375227              334522               68255
 0.150              348235              328624               83602
 0.200              344100              331490              105151
 0.250              348104              340653              125508
 0.300              360572              352502              138973
 0.350              377335              369227              153237
 0.400              396410              389408              182180
 0.450              420733              414192              207298
 0.500              447377              443345              218409
 0.550              479609              478898              229279
 0.600              519763              520923              244292
 0.650              567588              570639              282752
 0.700              625246              634417              331568
 0.750              697938              718148              342445
 0.800              795207              825166              354574
 0.850              929894              968823              417565
 0.900             1127615             1174066              494261
 0.950             1428332             1477948              506944
 1.000             1935670             1963163              633709
 1.050             3136657             3082921             1412534
 1.100            14673735            14500699            13727327
 1.150            34881669            33122471            19133949
 1.200            14763891            16619257            21910858
 1.250               43993              143265            17618639
 1.300                   0                3829               58267
 1.350                   0                 637                  78
 1.400                   0                 118                  22
 1.450                   0                  26                   3
 1.500                   0                   4                   0
 1.550                   0                   1                   1
 1.600                   0                   0                   1
 1.650                   0                   0                   0
 1.700                   0                   0                   0
 1.750                   0                   0                   0
 1.800                   0                   0                   0
 1.850                   0                   0                   0
 1.900                   0                   0                   0
 1.950                   0                   0                   0
 2.000                   0                   0                   0
 2.050                   0                   0                   0
 2.100                   0                   0                   0
 2.150                   0                   0                   0
 2.200                   0                   0                   0
 2.250                   0                   0                   0
 2.300                   0                   0                   0
 2.350                   0                   0                   0
 2.400                   0                   0                   0
 2.450                   0                   0                   0
 2.500                   0                   0                   0
 2.550                   0                   0                   0
 2.600                   0                   0                   0
 2.650                   0                   0                   0
 2.700                   0                   0                   0
 2.750                   0                   0                   0
 2.800                   0                   0                   0
 2.850                   0                   0                   0
 2.900                   0                   0                   0
 2.950                   0                   0                   0
 3.000                   0                   0                   0
 3.050                   0                   0                   0
 3.100                   0                   0                   0
 3.150                   0                   0                   0
 3.200                   0                   0                   0
 3.250                   0                   0                   0
 3.300                   0                   0                   0
 3.350                   0                   0                   0
 3.400                   0                   0                   0
 3.450                   0                   0                   0
 3.500                   0                   0                   0
 3.550                   0                   0                   0
 3.600                   0                   0                   0
 3.650                   0                   0                   0
 3.700                   0                   0                   0
 3.750                   0                   0                   0
 3.800                   0                   0                   0
 3.850                   0                   0                   0
 3.900                   0                   0                   0
 3.950                   0                   0                   0
 4.000                   0                   0                   0
 4.050                   0                   0                   0
 4.100                   0                   0                   0
 4.150                   0                   0                   0
 4.200                   0                   0                   0
 4.250                   0                   0                   0
 4.300                   0                   0                   0
 4.350                   0                   0                   0
 4.400                   0                   0                   0
 4.450                   0                   0                   0
 4.500                   0                   0                   0
 4.550                   0                   0                   0
 4.600                   0                   0                   0
 4.650                   0                   0                   0
 4.700                   0                   0                   0
 4.750                   0                   0                   0
 4.800                   0                   0                   0
 4.850                   0                   0                   0
 4.900                   0                   0                   0
 4.950                   0                   0                   0
