 0.000             9105205             8551138            11045187
 0.050              621290              438486              798060
 0.100              560810              509837              524481
 0.150              559131              551578              362557
 0.200              576205              576379              241757
 0.250              607422              597702              153370
 0.300              645263              625235              108033
 0.350              693586              661223               85116
 0.400              746094              712579               75203
 0.450              807460              772164               70986
 0.500              881533              846178               68647
 0.550              957393              930846               69218
 0.600             1046080             1025445               71710
 0.650             1155772             1130450               76108
 0.700             1281293             1253852               82531
 0.750             1443044             1399824               89493
 0.800             1605644             1578536               99463
 0.850             1784408             1785721              109838
 0.900             1996394             2023575              123289
 0.950             2299659             2340840              141680
 1.000             4048545             4277167             7630156
 1.050             7659657             8707256            14380699
 1.100            16954456            16766458            12435832
 1.150            20321766            17657045             9283903
 1.200             9733483            10345943             6809834
 1.250             2396941             3752490             5205057
 1.300              258737              813398             4170190
 1.350                4772              102237             3538044
 1.400                   0               13192             3025768
 1.450                   0                3431             2543409
 1.500                   0                1143             2082609
 1.550                   0                 414             1667295
 1.600                   0                 179             1285064
 1.650                   0                  55              934444
 1.700                   0                  30              629722
 1.750                   0                   9              385265
 1.800                   0                   7              208796
 1.850                   0                   1               95532
 1.900                   0                   0               34306
 1.950                   0                   0                8323
 2.000                   0                   0                1035
 2.050                   0                   0                  33
 2.100                   0                   0                   0
 2.150                   0                   0                   0
 2.200                   0                   0                   0
 2.250                   0                   0                   0
 2.300                   0                   0                   0
 2.350                   0                   0                   0
 2.400                   0                   0                   0
 2.450                   0                   0                   0
 2.500                   0                   0                   0
 2.550                   0                   0                   0
 2.600                   0                   0                   0
 2.650                   0                   0                   0
 2.700                   0                   0                   0
 2.750                   0                   0                   0
 2.800                   0                   0                   0
 2.850                   0                   0                   0
 2.900                   0                   0                   0
 2.950                   0                   0                   0
 3.000                   0                   0                   0
 3.050                   0                   0                   0
 3.100                   0                   0                   0
 3.150                   0                   0                   0
 3.200                   0                   0                   0
 3.250                   0                   0                   0
 3.300                   0                   0                   0
 3.350                   0                   0                   0
 3.400                   0                   0                   0
 3.450                   0                   0                   0
 3.500                   0                   0                   0
 3.550                   0                   0                   0
 3.600                   0                   0                   0
 3.650                   0                   0                   0
 3.700                   0                   0                   0
 3.750                   0                   0                   0
 3.800                   0                   0                   0
 3.850                   0                   0                   0
 3.900                   0                   0                   0
 3.950                   0                   0                   0
 4.000                   0                   0                   0
 4.050                   0                   0                   0
 4.100                   0                   0                   0
 4.150                   0                   0                   0
 4.200                   0                   0                   0
 4.250                   0                   0                   0
 4.300                   0                   0                   0
 4.350                   0                   0                   0
 4.400                   0                   0                   0
 4.450                   0                   0                   0
 4.500                   0                   0                   0
 4.550                   0                   0                   0
 4.600                   0                   0                   0
 4.650                   0                   0                   0
 4.700                   0                   0                   0
 4.750                   0                   0                   0
 4.800                   0                   0                   0
 4.850                   0                   0                   0
 4.900                   0                   0                   0
 4.950                   0                   0                   0
