 0.000             6147139             6149262             5996278
 0.050              365411              243298              162992
 0.100              317609              262946               69415
 0.150              309195              279141               38328
 0.200              313399              288343               33432
 0.250              323378              298647               38451
 0.300              336325              310018               47446
 0.350              354334              324373               56966
 0.400              376040              342912               67056
 0.450              400789              368369               77793
 0.500              430059              400204               86933
 0.550              462743              436128               96428
 0.600              501706              479697              102954
 0.650              543123              529131              108309
 0.700              587613              584356              112758
 0.750              634392              641651              114957
 0.800              680469              702523              116014
 0.850              722130              764531              115615
 0.900              767289              822430              112457
 0.950              831007              890993              107018
 1.000             1273895             1320849              830675
 1.050             3454065             3635474             4941803
 1.100             4318827             4449837             5042761
 1.150             4538228             4245331             4161375
 1.200             3532861             3414446             2954215
 1.250             1525240             1720648             2254131
 1.300              284932              410346             1784191
 1.350               21707               37407             1428244
 1.400                  75                 666             1155272
 1.450                   0                  18              906146
 1.500                   0                   3              641518
 1.550                   0                   2              383648
 1.600                   0                   0              167396
 1.650                   0                   0               38604
 1.700                   0                   0                2385
 1.750                   0                   0                  16
 1.800                   0                   0                   0
 1.850                   0                   0                   0
 1.900                   0                   0                   0
 1.950                   0                   0                   0
 2.000                   0                   0                   0
 2.050                   0                   0                   0
 2.100                   0                   0                   0
 2.150                   0                   0                   0
 2.200                   0                   0                   0
 2.250                   0                   0                   0
 2.300                   0                   0                   0
 2.350                   0                   0                   0
 2.400                   0                   0                   0
 2.450                   0                   0                   0
 2.500                   0                   0                   0
 2.550                   0                   0                   0
 2.600                   0                   0                   0
 2.650                   0                   0                   0
 2.700                   0                   0                   0
 2.750                   0                   0                   0
 2.800                   0                   0                   0
 2.850                   0                   0                   0
 2.900                   0                   0                   0
 2.950                   0                   0                   0
 3.000                   0                   0                   0
 3.050                   0                   0                   0
 3.100                   0                   0                   0
 3.150                   0                   0                   0
 3.200                   0                   0                   0
 3.250                   0                   0                   0
 3.300                   0                   0                   0
 3.350                   0                   0                   0
 3.400                   0                   0                   0
 3.450                   0                   0                   0
 3.500                   0                   0                   0
 3.550                   0                   0                   0
 3.600                   0                   0                   0
 3.650                   0                   0                   0
 3.700                   0                   0                   0
 3.750                   0                   0                   0
 3.800                   0                   0                   0
 3.850                   0                   0                   0
 3.900                   0                   0                   0
 3.950                   0                   0                   0
 4.000                   0                   0                   0
 4.050                   0                   0                   0
 4.100                   0                   0                   0
 4.150                   0                   0                   0
 4.200                   0                   0                   0
 4.250                   0                   0                   0
 4.300                   0                   0                   0
 4.350                   0                   0                   0
 4.400                   0                   0                   0
 4.450                   0                   0                   0
 4.500                   0                   0                   0
 4.550                   0                   0                   0
 4.600                   0                   0                   0
 4.650                   0                   0                   0
 4.700                   0                   0                   0
 4.750                   0                   0                   0
 4.800                   0                   0                   0
 4.850                   0                   0                   0
 4.900                   0                   0                   0
 4.950                   0                   0                   0
