 0.000             6302569             5913155             6143799
 0.050              432880              271810              264586
 0.100              385897              334557              154747
 0.150              381577              375408               91505
 0.200              389766              396895               53538
 0.250              404749              404512               31211
 0.300              425134              413141               18971
 0.350              453017              432123               13967
 0.400              482363              455381               13866
 0.450              513388              485784               15665
 0.500              548880              524633               18295
 0.550              585422              565109               21526
 0.600              619438              607598               24938
 0.650              647647              650259               27557
 0.700              662307              687199               29903
 0.750              669160              723585               32317
 0.800              679223              752765               33287
 0.850              692154              779737               33032
 0.900              726997              817885               32760
 0.950              791695              876893               31575
 1.000             1656777             1784010             2902832
 1.050             3534783             3892245             5847261
 1.100             6130734             5769643             5017645
 1.150             5219930             4732102             3447997
 1.200             1813280             2151039             2479565
 1.250              242940              527748             1895973
 1.300                5577               65203             1548097
 1.350                   0                5904             1280426
 1.400                   0                1320             1052442
 1.450                   0                 434              855100
 1.500                   0                 146              664337
 1.550                   0                  47              487118
 1.600                   0                  11              335361
 1.650                   0                   3              217437
 1.700                   0                   0              132351
 1.750                   0                   0               76224
 1.800                   0                   0               40182
 1.850                   0                   0               19565
 1.900                   0                   0                7988
 1.950                   0                   0                2663
 2.000                   0                   0                 595
 2.050                   0                   0                  78
 2.100                   0                   0                   2
 2.150                   0                   0                   0
 2.200                   0                   0                   0
 2.250                   0                   0                   0
 2.300                   0                   0                   0
 2.350                   0                   0                   0
 2.400                   0                   0                   0
 2.450                   0                   0                   0
 2.500                   0                   0                   0
 2.550                   0                   0                   0
 2.600                   0                   0                   0
 2.650                   0                   0                   0
 2.700                   0                   0                   0
 2.750                   0                   0                   0
 2.800                   0                   0                   0
 2.850                   0                   0                   0
 2.900                   0                   0                   0
 2.950                   0                   0                   0
 3.000                   0                   0                   0
 3.050                   0                   0                   0
 3.100                   0                   0                   0
 3.150                   0                   0                   0
 3.200                   0                   0                   0
 3.250                   0                   0                   0
 3.300                   0                   0                   0
 3.350                   0                   0                   0
 3.400                   0                   0                   0
 3.450                   0                   0                   0
 3.500                   0                   0                   0
 3.550                   0                   0                   0
 3.600                   0                   0                   0
 3.650                   0                   0                   0
 3.700                   0                   0                   0
 3.750                   0                   0                   0
 3.800                   0                   0                   0
 3.850                   0                   0                   0
 3.900                   0                   0                   0
 3.950                   0                   0                   0
 4.000                   0                   0                   0
 4.050                   0                   0                   0
 4.100                   0                   0                   0
 4.150                   0                   0                   0
 4.200                   0                   0                   0
 4.250                   0                   0                   0
 4.300                   0                   0                   0
 4.350                   0                   0                   0
 4.400                   0                   0                   0
 4.450                   0                   0                   0
 4.500                   0                   0                   0
 4.550                   0                   0                   0
 4.600                   0                   0                   0
 4.650                   0                   0                   0
 4.700                   0                   0                   0
 4.750                   0                   0                   0
 4.800                   0                   0                   0
 4.850                   0                   0                   0
 4.900                   0                   0                   0
 4.950                   0                   0                   0
