 0.000             6245942             5787595             6158955
 0.050              445516              278729              289026
 0.100              399128              345833              175184
 0.150              397587              391877              106886
 0.200              410901              414844               68601
 0.250              428552              425467               42100
 0.300              452335              439395               25416
 0.350              480314              460162               15622
 0.400              512298              486995               10771
 0.450              545221              520468                8586
 0.500              580438              556840                8424
 0.550              613888              598891                9281
 0.600              647302              640839               10668
 0.650              681414              683367               12139
 0.700              710184              726011               13512
 0.750              724819              769937               14811
 0.800              734483              809531               15646
 0.850              751944              844672               15900
 0.900              777520              886736               16245
 0.950              855609              955785               16299
 1.000             1779738             1980390             3343306
 1.050             4636725             4882452             5978363
 1.100             6559452             6038762             4951288
 1.150             4561878             4272551             3556882
 1.200             1214675             1626478             2551225
 1.250               77437              344975             1939635
 1.300                4282               49238             1528361
 1.350                   0                7578             1248180
 1.400                   0                2106             1024135
 1.450                   0                 705              827800
 1.500                   0                 262              658491
 1.550                   0                  75              505584
 1.600                   0                  26              373567
 1.650                   0                   6              263839
 1.700                   0                   3              178214
 1.750                   0                   0              114692
 1.800                   0                   1               70096
 1.850                   0                   0               40448
 1.900                   0                   0               21945
 1.950                   0                   0               10991
 2.000                   0                   0                5203
 2.050                   0                   0                2184
 2.100                   0                   0                 767
 2.150                   0                   0                 245
 2.200                   0                   0                  60
 2.250                   0                   0                   9
 2.300                   0                   0                   0
 2.350                   0                   0                   0
 2.400                   0                   0                   0
 2.450                   0                   0                   0
 2.500                   0                   0                   0
 2.550                   0                   0                   0
 2.600                   0                   0                   0
 2.650                   0                   0                   0
 2.700                   0                   0                   0
 2.750                   0                   0                   0
 2.800                   0                   0                   0
 2.850                   0                   0                   0
 2.900                   0                   0                   0
 2.950                   0                   0                   0
 3.000                   0                   0                   0
 3.050                   0                   0                   0
 3.100                   0                   0                   0
 3.150                   0                   0                   0
 3.200                   0                   0                   0
 3.250                   0                   0                   0
 3.300                   0                   0                   0
 3.350                   0                   0                   0
 3.400                   0                   0                   0
 3.450                   0                   0                   0
 3.500                   0                   0                   0
 3.550                   0                   0                   0
 3.600                   0                   0                   0
 3.650                   0                   0                   0
 3.700                   0                   0                   0
 3.750                   0                   0                   0
 3.800                   0                   0                   0
 3.850                   0                   0                   0
 3.900                   0                   0                   0
 3.950                   0                   0                   0
 4.000                   0                   0                   0
 4.050                   0                   0                   0
 4.100                   0                   0                   0
 4.150                   0                   0                   0
 4.200                   0                   0                   0
 4.250                   0                   0                   0
 4.300                   0                   0                   0
 4.350                   0                   0                   0
 4.400                   0                   0                   0
 4.450                   0                   0                   0
 4.500                   0                   0                   0
 4.550                   0                   0                   0
 4.600                   0                   0                   0
 4.650                   0                   0                   0
 4.700                   0                   0                   0
 4.750                   0                   0                   0
 4.800                   0                   0                   0
 4.850                   0                   0                   0
 4.900                   0                   0                   0
 4.950                   0                   0                   0
