 0.000             6106561             6198678             5917302
 0.050              350027              232628              107327
 0.100              302152              244203               49045
 0.150              290292              258431               39709
 0.200              292694              271526               45714
 0.250              302306              278838               55641
 0.300              315646              286930               68269
 0.350              331332              300479               79470
 0.400              349500              317862               92099
 0.450              369646              340031              102295
 0.500              395380              365384              111907
 0.550              422422              394677              120038
 0.600              456523              432526              126431
 0.650              495485              476485              131232
 0.700              537061              526535              135862
 0.750              584384              584206              139799
 0.800              631313              645791              142227
 0.850              678095              706678              143924
 0.900              723164              768050              143143
 0.950              778750              834688              139113
 1.000              900144              952487              185578
 1.050             3036929             3131272             4149151
 1.100             4158932             4353140             4883367
 1.150             4385687             4228120             4381999
 1.200             4057883             3842742             3388656
 1.250             2328545             2441250             2556164
 1.300              650584              792082             2002039
 1.350               67161               91843             1645848
 1.400                 735                1768             1326744
 1.450                   0                   2             1004920
 1.500                   0                   1              613906
 1.550                   0                   0              234292
 1.600                   0                   0               35531
 1.650                   0                   0                 591
 1.700                   0                   0                   0
 1.750                   0                   0                   0
 1.800                   0                   0                   0
 1.850                   0                   0                   0
 1.900                   0                   0                   0
 1.950                   0                   0                   0
 2.000                   0                   0                   0
 2.050                   0                   0                   0
 2.100                   0                   0                   0
 2.150                   0                   0                   0
 2.200                   0                   0                   0
 2.250                   0                   0                   0
 2.300                   0                   0                   0
 2.350                   0                   0                   0
 2.400                   0                   0                   0
 2.450                   0                   0                   0
 2.500                   0                   0                   0
 2.550                   0                   0                   0
 2.600                   0                   0                   0
 2.650                   0                   0                   0
 2.700                   0                   0                   0
 2.750                   0                   0                   0
 2.800                   0                   0                   0
 2.850                   0                   0                   0
 2.900                   0                   0                   0
 2.950                   0                   0                   0
 3.000                   0                   0                   0
 3.050                   0                   0                   0
 3.100                   0                   0                   0
 3.150                   0                   0                   0
 3.200                   0                   0                   0
 3.250                   0                   0                   0
 3.300                   0                   0                   0
 3.350                   0                   0                   0
 3.400                   0                   0                   0
 3.450                   0                   0                   0
 3.500                   0                   0                   0
 3.550                   0                   0                   0
 3.600                   0                   0                   0
 3.650                   0                   0                   0
 3.700                   0                   0                   0
 3.750                   0                   0                   0
 3.800                   0                   0                   0
 3.850                   0                   0                   0
 3.900                   0                   0                   0
 3.950                   0                   0                   0
 4.000                   0                   0                   0
 4.050                   0                   0                   0
 4.100                   0                   0                   0
 4.150                   0                   0                   0
 4.200                   0                   0                   0
 4.250                   0                   0                   0
 4.300                   0                   0                   0
 4.350                   0                   0                   0
 4.400                   0                   0                   0
 4.450                   0                   0                   0
 4.500                   0                   0                   0
 4.550                   0                   0                   0
 4.600                   0                   0                   0
 4.650                   0                   0                   0
 4.700                   0                   0                   0
 4.750                   0                   0                   0
 4.800                   0                   0                   0
 4.850                   0                   0                   0
 4.900                   0                   0                   0
 4.950                   0                   0                   0
