 0.000             6263715             5950253             6121291
 0.050              420830              265182              243627
 0.100              374979              318418              143890
 0.150              369757              353320               85753
 0.200              377948              373131               48291
 0.250              394862              387175               27123
 0.300              414053              401612               19451
 0.350              439009              418872               17793
 0.400              466811              443300               20034
 0.450              499067              473985               23686
 0.500              531259              509232               28408
 0.550              568233              549213               33099
 0.600              602127              590026               37447
 0.650              637359              634075               41398
 0.700              664096              676567               44896
 0.750              685860              716354               47495
 0.800              703166              759552               48196
 0.850              714909              797366               47727
 0.900              737679              832136               46997
 0.950              795338              885108               43983
 1.000             1457475             1573723             2390372
 1.050             3142416             3445294             5317401
 1.100             5579274             5319126             4932971
 1.150             5396453             4942556             3681567
 1.200             2411342             2628568             2666829
 1.250              373805              699075             2023519
 1.300               17678               87585             1625328
 1.350                 257                7407             1336209
 1.400                   0                1120             1098863
 1.450                   0                 290              887991
 1.500                   0                  90              678260
 1.550                   0                  32              484586
 1.600                   0                  11              324203
 1.650                   0                   0              201583
 1.700                   0                   2              116494
 1.750                   0                   0               61763
 1.800                   0                   1               28318
 1.850                   0                   0               10116
 1.900                   0                   0                2491
 1.950                   0                   0                 302
 2.000                   0                   0                   6
 2.050                   0                   0                   0
 2.100                   0                   0                   0
 2.150                   0                   0                   0
 2.200                   0                   0                   0
 2.250                   0                   0                   0
 2.300                   0                   0                   0
 2.350                   0                   0                   0
 2.400                   0                   0                   0
 2.450                   0                   0                   0
 2.500                   0                   0                   0
 2.550                   0                   0                   0
 2.600                   0                   0                   0
 2.650                   0                   0                   0
 2.700                   0                   0                   0
 2.750                   0                   0                   0
 2.800                   0                   0                   0
 2.850                   0                   0                   0
 2.900                   0                   0                   0
 2.950                   0                   0                   0
 3.000                   0                   0                   0
 3.050                   0                   0                   0
 3.100                   0                   0                   0
 3.150                   0                   0                   0
 3.200                   0                   0                   0
 3.250                   0                   0                   0
 3.300                   0                   0                   0
 3.350                   0                   0                   0
 3.400                   0                   0                   0
 3.450                   0                   0                   0
 3.500                   0                   0                   0
 3.550                   0                   0                   0
 3.600                   0                   0                   0
 3.650                   0                   0                   0
 3.700                   0                   0                   0
 3.750                   0                   0                   0
 3.800                   0                   0                   0
 3.850                   0                   0                   0
 3.900                   0                   0                   0
 3.950                   0                   0                   0
 4.000                   0                   0                   0
 4.050                   0                   0                   0
 4.100                   0                   0                   0
 4.150                   0                   0                   0
 4.200                   0                   0                   0
 4.250                   0                   0                   0
 4.300                   0                   0                   0
 4.350                   0                   0                   0
 4.400                   0                   0                   0
 4.450                   0                   0                   0
 4.500                   0                   0                   0
 4.550                   0                   0                   0
 4.600                   0                   0                   0
 4.650                   0                   0                   0
 4.700                   0                   0                   0
 4.750                   0                   0                   0
 4.800                   0                   0                   0
 4.850                   0                   0                   0
 4.900                   0                   0                   0
 4.950                   0                   0                   0
