 0.000             6208688             6060031             6062631
 0.050              391354              249004              217132
 0.100              342804              282926              115056
 0.150              335409              306579               59412
 0.200              341176              323314               32767
 0.250              353940              338024               25334
 0.300              370624              352544               26792
 0.350              392491              368481               31815
 0.400              415786              391520               38179
 0.450              445678              420828               45580
 0.500              478411              455010               53065
 0.550              513523              496853               61173
 0.600              553336              541962               67408
 0.650              600527              589998               72537
 0.700              641695              642540               77055
 0.750              681649              695844               79590
 0.800              716634              752539               80125
 0.850              755709              809371               78987
 0.900              796077              864838               76491
 0.950              874175              939350               72267
 1.000             1473323             1536410             1703488
 1.050             3147522             3403604             5065497
 1.100             4656253             4652033             5039451
 1.150             5362962             4911250             3935226
 1.200             3053630             3111425             2835442
 1.250              664648              983507             2083615
 1.300               43550              126449             1652029
 1.350                1115                5852             1361995
 1.400                   0                 490             1113655
 1.450                   0                  86              869683
 1.500                   0                  17              641903
 1.550                   0                   6              437673
 1.600                   0                   4              267865
 1.650                   0                   0              146593
 1.700                   0                   0               64780
 1.750                   0                   0               18286
 1.800                   0                   0                2066
 1.850                   0                   0                  46
 1.900                   0                   0                   0
 1.950                   0                   0                   0
 2.000                   0                   0                   0
 2.050                   0                   0                   0
 2.100                   0                   0                   0
 2.150                   0                   0                   0
 2.200                   0                   0                   0
 2.250                   0                   0                   0
 2.300                   0                   0                   0
 2.350                   0                   0                   0
 2.400                   0                   0                   0
 2.450                   0                   0                   0
 2.500                   0                   0                   0
 2.550                   0                   0                   0
 2.600                   0                   0                   0
 2.650                   0                   0                   0
 2.700                   0                   0                   0
 2.750                   0                   0                   0
 2.800                   0                   0                   0
 2.850                   0                   0                   0
 2.900                   0                   0                   0
 2.950                   0                   0                   0
 3.000                   0                   0                   0
 3.050                   0                   0                   0
 3.100                   0                   0                   0
 3.150                   0                   0                   0
 3.200                   0                   0                   0
 3.250                   0                   0                   0
 3.300                   0                   0                   0
 3.350                   0                   0                   0
 3.400                   0                   0                   0
 3.450                   0                   0                   0
 3.500                   0                   0                   0
 3.550                   0                   0                   0
 3.600                   0                   0                   0
 3.650                   0                   0                   0
 3.700                   0                   0                   0
 3.750                   0                   0                   0
 3.800                   0                   0                   0
 3.850                   0                   0                   0
 3.900                   0                   0                   0
 3.950                   0                   0                   0
 4.000                   0                   0                   0
 4.050                   0                   0                   0
 4.100                   0                   0                   0
 4.150                   0                   0                   0
 4.200                   0                   0                   0
 4.250                   0                   0                   0
 4.300                   0                   0                   0
 4.350                   0                   0                   0
 4.400                   0                   0                   0
 4.450                   0                   0                   0
 4.500                   0                   0                   0
 4.550                   0                   0                   0
 4.600                   0                   0                   0
 4.650                   0                   0                   0
 4.700                   0                   0                   0
 4.750                   0                   0                   0
 4.800                   0                   0                   0
 4.850                   0                   0                   0
 4.900                   0                   0                   0
 4.950                   0                   0                   0
