 0.000             6276393             5919664             6133330
 0.050              425346              269688              257355
 0.100              379457              327191              145475
 0.150              374585              366414               88890
 0.200              384209              388015               51923
 0.250              402169              396820               29503
 0.300              421645              408574               18590
 0.350              446900              424388               15707
 0.400              476208              450971               16420
 0.450              508446              482278               19191
 0.500              544299              519669               22661
 0.550              582156              560735               26769
 0.600              615918              601981               30365
 0.650              642342              641002               33707
 0.700              666572              682752               36574
 0.750              684488              722918               38980
 0.800              693605              758677               39934
 0.850              701673              789344               39397
 0.900              722546              817555               38918
 0.950              779151              869283               37260
 1.000             1489069             1619150             2735830
 1.050             3474197             3826955             5709651
 1.100             5912458             5554504             4856271
 1.150             5165801             4749211             3532575
 1.200             2156484             2381528             2538798
 1.250              275717              602008             1958377
 1.300                4530               67802             1575795
 1.350                   0                5645             1299150
 1.400                   0                1132             1073214
 1.450                   0                 342              866035
 1.500                   0                 125              667449
 1.550                   0                  37              484658
 1.600                   0                   4              328156
 1.650                   0                   2              208684
 1.700                   0                   0              125324
 1.750                   0                   0               68865
 1.800                   0                   0               35035
 1.850                   0                   0               15021
 1.900                   0                   0                5170
 1.950                   0                   0                1181
 2.000                   0                   0                 173
 2.050                   0                   0                   3
 2.100                   0                   0                   0
 2.150                   0                   0                   0
 2.200                   0                   0                   0
 2.250                   0                   0                   0
 2.300                   0                   0                   0
 2.350                   0                   0                   0
 2.400                   0                   0                   0
 2.450                   0                   0                   0
 2.500                   0                   0                   0
 2.550                   0                   0                   0
 2.600                   0                   0                   0
 2.650                   0                   0                   0
 2.700                   0                   0                   0
 2.750                   0                   0                   0
 2.800                   0                   0                   0
 2.850                   0                   0                   0
 2.900                   0                   0                   0
 2.950                   0                   0                   0
 3.000                   0                   0                   0
 3.050                   0                   0                   0
 3.100                   0                   0                   0
 3.150                   0                   0                   0
 3.200                   0                   0                   0
 3.250                   0                   0                   0
 3.300                   0                   0                   0
 3.350                   0                   0                   0
 3.400                   0                   0                   0
 3.450                   0                   0                   0
 3.500                   0                   0                   0
 3.550                   0                   0                   0
 3.600                   0                   0                   0
 3.650                   0                   0                   0
 3.700                   0                   0                   0
 3.750                   0                   0                   0
 3.800                   0                   0                   0
 3.850                   0                   0                   0
 3.900                   0                   0                   0
 3.950                   0                   0                   0
 4.000                   0                   0                   0
 4.050                   0                   0                   0
 4.100                   0                   0                   0
 4.150                   0                   0                   0
 4.200                   0                   0                   0
 4.250                   0                   0                   0
 4.300                   0                   0                   0
 4.350                   0                   0                   0
 4.400                   0                   0                   0
 4.450                   0                   0                   0
 4.500                   0                   0                   0
 4.550                   0                   0                   0
 4.600                   0                   0                   0
 4.650                   0                   0                   0
 4.700                   0                   0                   0
 4.750                   0                   0                   0
 4.800                   0                   0                   0
 4.850                   0                   0                   0
 4.900                   0                   0                   0
 4.950                   0                   0                   0
