 0.000             6033608             6202822             5733625
 0.050              330327              217798               67758
 0.100              280682              221595               49892
 0.150              265230              235353               57271
 0.200              265595              246255               70706
 0.250              270307              252467               85448
 0.300              280808              258886               99120
 0.350              293280              269226              110676
 0.400              307035              282458              121820
 0.450              323624              298191              129630
 0.500              341689              316866              137738
 0.550              364114              341113              144544
 0.600              389698              369943              150404
 0.650              420871              405871              155687
 0.700              455564              445238              163722
 0.750              499159              494870              169886
 0.800              547461              552881              176792
 0.850              608025              622050              183101
 0.900              680073              702150              187985
 0.950              756925              785725              192443
 1.000              842271              877432              191243
 1.050             1872325             1912528             2025705
 1.100             3875081             4031309             4673794
 1.150             4606304             4612464             4561921
 1.200             4723668             4490788             3973350
 1.250             3416489             3441498             3132788
 1.300             1151039             1285999             2608232
 1.350               88961              116149             2136039
 1.400                 825                1113             1652155
 1.450                   0                   0              911516
 1.500                   0                   0              228214
 1.550                   0                   0                7833
 1.600                   0                   0                   0
 1.650                   0                   0                   0
 1.700                   0                   0                   0
 1.750                   0                   0                   0
 1.800                   0                   0                   0
 1.850                   0                   0                   0
 1.900                   0                   0                   0
 1.950                   0                   0                   0
 2.000                   0                   0                   0
 2.050                   0                   0                   0
 2.100                   0                   0                   0
 2.150                   0                   0                   0
 2.200                   0                   0                   0
 2.250                   0                   0                   0
 2.300                   0                   0                   0
 2.350                   0                   0                   0
 2.400                   0                   0                   0
 2.450                   0                   0                   0
 2.500                   0                   0                   0
 2.550                   0                   0                   0
 2.600                   0                   0                   0
 2.650                   0                   0                   0
 2.700                   0                   0                   0
 2.750                   0                   0                   0
 2.800                   0                   0                   0
 2.850                   0                   0                   0
 2.900                   0                   0                   0
 2.950                   0                   0                   0
 3.000                   0                   0                   0
 3.050                   0                   0                   0
 3.100                   0                   0                   0
 3.150                   0                   0                   0
 3.200                   0                   0                   0
 3.250                   0                   0                   0
 3.300                   0                   0                   0
 3.350                   0                   0                   0
 3.400                   0                   0                   0
 3.450                   0                   0                   0
 3.500                   0                   0                   0
 3.550                   0                   0                   0
 3.600                   0                   0                   0
 3.650                   0                   0                   0
 3.700                   0                   0                   0
 3.750                   0                   0                   0
 3.800                   0                   0                   0
 3.850                   0                   0                   0
 3.900                   0                   0                   0
 3.950                   0                   0                   0
 4.000                   0                   0                   0
 4.050                   0                   0                   0
 4.100                   0                   0                   0
 4.150                   0                   0                   0
 4.200                   0                   0                   0
 4.250                   0                   0                   0
 4.300                   0                   0                   0
 4.350                   0                   0                   0
 4.400                   0                   0                   0
 4.450                   0                   0                   0
 4.500                   0                   0                   0
 4.550                   0                   0                   0
 4.600                   0                   0                   0
 4.650                   0                   0                   0
 4.700                   0                   0                   0
 4.750                   0                   0                   0
 4.800                   0                   0                   0
 4.850                   0                   0                   0
 4.900                   0                   0                   0
 4.950                   0                   0                   0
