 0.000             6309712             5896195             6156218
 0.050              434024              272574              262075
 0.100              388956              337871              159019
 0.150              384949              381800               96499
 0.200              395533              402958               56944
 0.250              411383              409775               33010
 0.300              430436              419989               20319
 0.350              455572              437574               13808
 0.400              485472              461288               12144
 0.450              516615              491003               13297
 0.500              550481              526533               15278
 0.550              587029              567964               17982
 0.600              619405              609421               20846
 0.650              645284              651739               23265
 0.700              667867              691147               25391
 0.750              681368              727893               27363
 0.800              685265              761384               28555
 0.850              696271              790782               28487
 0.900              726700              824203               28255
 0.950              802322              886685               27499
 1.000             1407258             1555058             2994476
 1.050             4158418             4461957             5822065
 1.100             6271580             5829824             5073839
 1.150             4959564             4594041             3519269
 1.200             1651718             1989180             2455500
 1.250              220468              496361             1876840
 1.300               10170               68977             1530526
 1.350                   7                7299             1275690
 1.400                   0                1539             1049114
 1.450                   0                 518              849267
 1.500                   0                 190              663077
 1.550                   0                  77              492817
 1.600                   0                  13              345439
 1.650                   0                  13              227452
 1.700                   0                   1              142775
 1.750                   0                   1               83723
 1.800                   0                   0               46046
 1.850                   0                   0               23234
 1.900                   0                   0               10654
 1.950                   0                   0                4154
 2.000                   0                   0                1316
 2.050                   0                   0                 267
 2.100                   0                   0                  32
 2.150                   0                   0                   1
 2.200                   0                   0                   0
 2.250                   0                   0                   0
 2.300                   0                   0                   0
 2.350                   0                   0                   0
 2.400                   0                   0                   0
 2.450                   0                   0                   0
 2.500                   0                   0                   0
 2.550                   0                   0                   0
 2.600                   0                   0                   0
 2.650                   0                   0                   0
 2.700                   0                   0                   0
 2.750                   0                   0                   0
 2.800                   0                   0                   0
 2.850                   0                   0                   0
 2.900                   0                   0                   0
 2.950                   0                   0                   0
 3.000                   0                   0                   0
 3.050                   0                   0                   0
 3.100                   0                   0                   0
 3.150                   0                   0                   0
 3.200                   0                   0                   0
 3.250                   0                   0                   0
 3.300                   0                   0                   0
 3.350                   0                   0                   0
 3.400                   0                   0                   0
 3.450                   0                   0                   0
 3.500                   0                   0                   0
 3.550                   0                   0                   0
 3.600                   0                   0                   0
 3.650                   0                   0                   0
 3.700                   0                   0                   0
 3.750                   0                   0                   0
 3.800                   0                   0                   0
 3.850                   0                   0                   0
 3.900                   0                   0                   0
 3.950                   0                   0                   0
 4.000                   0                   0                   0
 4.050                   0                   0                   0
 4.100                   0                   0                   0
 4.150                   0                   0                   0
 4.200                   0                   0                   0
 4.250                   0                   0                   0
 4.300                   0                   0                   0
 4.350                   0                   0                   0
 4.400                   0                   0                   0
 4.450                   0                   0                   0
 4.500                   0                   0                   0
 4.550                   0                   0                   0
 4.600                   0                   0                   0
 4.650                   0                   0                   0
 4.700                   0                   0                   0
 4.750                   0                   0                   0
 4.800                   0                   0                   0
 4.850                   0                   0                   0
 4.900                   0                   0                   0
 4.950                   0                   0                   0
