 0.000             6246559             5775722             6135032
 0.050              451486              278912              300016
 0.100              401731              348821              179816
 0.150              397245              395133              114957
 0.200              407076              416841               70709
 0.250              425858              427138               44383
 0.300              450688              439634               27076
 0.350              480379              456635               16614
 0.400              508723              484992               10883
 0.450              545013              518864                8311
 0.500              582993              555211                7680
 0.550              620011              599026                8068
 0.600              649995              644039                9168
 0.650              679367              687388               10256
 0.700              706239              731467               11607
 0.750              727796              771118               12771
 0.800              745290              811054               13574
 0.850              764044              854039               14036
 0.900              788215              899316               14273
 0.950              860854              971214               14445
 1.000             2027867             2226197             3401949
 1.050             4456731             4787749             6036510
 1.100             7015830             6291670             5043274
 1.150             4405228             4187584             3541339
 1.200             1004227             1493229             2536237
 1.250               62932              305015             1946014
 1.300                 131               43822             1532173
 1.350                   2                7401             1236681
 1.400                   0                2125             1013270
 1.450                   1                 747              820402
 1.500                   0                 246              652579
 1.550                   0                 114              504294
 1.600                   0                  32              376686
 1.650                   0                  13              269749
 1.700                   0                   3              185809
 1.750                   0                   0              121481
 1.800                   0                   0               75896
 1.850                   0                   0               44903
 1.900                   0                   0               25332
 1.950                   0                   0               13201
 2.000                   0                   0                6532
 2.050                   0                   0                2883
 2.100                   0                   0                1117
 2.150                   0                   0                 382
 2.200                   0                   0                 109
 2.250                   0                   0                  30
 2.300                   0                   0                   4
 2.350                   0                   0                   0
 2.400                   0                   0                   0
 2.450                   0                   0                   0
 2.500                   0                   0                   0
 2.550                   0                   0                   0
 2.600                   0                   0                   0
 2.650                   0                   0                   0
 2.700                   0                   0                   0
 2.750                   0                   0                   0
 2.800                   0                   0                   0
 2.850                   0                   0                   0
 2.900                   0                   0                   0
 2.950                   0                   0                   0
 3.000                   0                   0                   0
 3.050                   0                   0                   0
 3.100                   0                   0                   0
 3.150                   0                   0                   0
 3.200                   0                   0                   0
 3.250                   0                   0                   0
 3.300                   0                   0                   0
 3.350                   0                   0                   0
 3.400                   0                   0                   0
 3.450                   0                   0                   0
 3.500                   0                   0                   0
 3.550                   0                   0                   0
 3.600                   0                   0                   0
 3.650                   0                   0                   0
 3.700                   0                   0                   0
 3.750                   0                   0                   0
 3.800                   0                   0                   0
 3.850                   0                   0                   0
 3.900                   0                   0                   0
 3.950                   0                   0                   0
 4.000                   0                   0                   0
 4.050                   0                   0                   0
 4.100                   0                   0                   0
 4.150                   0                   0                   0
 4.200                   0                   0                   0
 4.250                   0                   0                   0
 4.300                   0                   0                   0
 4.350                   0                   0                   0
 4.400                   0                   0                   0
 4.450                   0                   0                   0
 4.500                   0                   0                   0
 4.550                   0                   0                   0
 4.600                   0                   0                   0
 4.650                   0                   0                   0
 4.700                   0                   0                   0
 4.750                   0                   0                   0
 4.800                   0                   0                   0
 4.850                   0                   0                   0
 4.900                   0                   0                   0
 4.950                   0                   0                   0
