 0.000             5734853             5371651             6737457
 0.050              425395              299981              360686
 0.100              376404              331863              239098
 0.150              370718              357986              153035
 0.200              378069              374958               91960
 0.250              394280              389015               56355
 0.300              413843              400505               38458
 0.350              437590              416547               31676
 0.400              465917              440490               30939
 0.450              496341              471945               31008
 0.500              528714              506683               31520
 0.550              564965              544936               32463
 0.600              599130              589066               33936
 0.650              634215              633295               35073
 0.700              666218              678383               37294
 0.750              686913              725350               39778
 0.800              703849              768107               42328
 0.850              725928              803566               46076
 0.900              765122              847463               51765
 0.950              824216              907542               60288
 1.000             1442024             1543467             2184858
 1.050             3030779             3346602             5085423
 1.100             5342093             5165933             4591014
 1.150             5463128             4927973             3394905
 1.200             2586820             2777306             2445698
 1.250              421511              768265             1842785
 1.300               24461              104629             1444459
 1.350                 661                9213             1158895
 1.400                   0                1104              981675
 1.450                   0                 231              838271
 1.500                   0                  73              698227
 1.550                   0                  22              559019
 1.600                   0                   4              420115
 1.650                   0                   2              293869
 1.700                   0                   1              187565
 1.750                   0                   0              106493
 1.800                   0                   0               53908
 1.850                   0                   0               24533
 1.900                   0                   0                8741
 1.950                   0                   0                2192
 2.000                   0                   0                 312
 2.050                   0                   0                   6
 2.100                   0                   0                   1
 2.150                   0                   0                   0
 2.200                   0                   0                   0
 2.250                   0                   0                   0
 2.300                   0                   0                   0
 2.350                   0                   0                   0
 2.400                   0                   0                   0
 2.450                   0                   0                   0
 2.500                   0                   0                   0
 2.550                   0                   0                   0
 2.600                   0                   0                   0
 2.650                   0                   0                   0
 2.700                   0                   0                   0
 2.750                   0                   0                   0
 2.800                   0                   0                   0
 2.850                   0                   0                   0
 2.900                   0                   0                   0
 2.950                   0                   0                   0
 3.000                   0                   0                   0
 3.050                   0                   0                   0
 3.100                   0                   0                   0
 3.150                   0                   0                   0
 3.200                   0                   0                   0
 3.250                   0                   0                   0
 3.300                   0                   0                   0
 3.350                   0                   0                   0
 3.400                   0                   0                   0
 3.450                   0                   0                   0
 3.500                   0                   0                   0
 3.550                   0                   0                   0
 3.600                   0                   0                   0
 3.650                   0                   0                   0
 3.700                   0                   0                   0
 3.750                   0                   0                   0
 3.800                   0                   0                   0
 3.850                   0                   0                   0
 3.900                   0                   0                   0
 3.950                   0                   0                   0
 4.000                   0                   0                   0
 4.050                   0                   0                   0
 4.100                   0                   0                   0
 4.150                   0                   0                   0
 4.200                   0                   0                   0
 4.250                   0                   0                   0
 4.300                   0                   0                   0
 4.350                   0                   0                   0
 4.400                   0                   0                   0
 4.450                   0                   0                   0
 4.500                   0                   0                   0
 4.550                   0                   0                   0
 4.600                   0                   0                   0
 4.650                   0                   0                   0
 4.700                   0                   0                   0
 4.750                   0                   0                   0
 4.800                   0                   0                   0
 4.850                   0                   0                   0
 4.900                   0                   0                   0
 4.950                   0                   0                   0
