 0.000             5710255             5405228             6678481
 0.050              413245              305492              357911
 0.100              364384              321306              223236
 0.150              354149              337980              131178
 0.200              362508              352133               74043
 0.250              377825              364283               43344
 0.300              395698              375977               32173
 0.350              417472              393357               29727
 0.400              443470              418468               29675
 0.450              471832              450136               29522
 0.500              506456              485991               30170
 0.550              543676              527155               31070
 0.600              582091              571209               31662
 0.650              621246              616942               32944
 0.700              654919              665017               34790
 0.750              686742              717051               36683
 0.800              714190              764268               39189
 0.850              742218              809468               42226
 0.900              781194              857554               46941
 0.950              854523              927374               55053
 1.000             1530609             1614527             1939827
 1.050             2940546             3231116             4975783
 1.100             4935286             4843869             4664614
 1.150             5449815             4981736             3473514
 1.200             2902628             2980782             2591325
 1.250              546938              892025             1901643
 1.300               27094              113143             1434100
 1.350                  56                6586             1177324
 1.400                   0                 656             1003554
 1.450                   0                 176              863296
 1.500                   0                  44              721929
 1.550                   0                  15              571143
 1.600                   0                   1              422622
 1.650                   0                   0              279969
 1.700                   0                   0              163790
 1.750                   0                   0               83756
 1.800                   0                   0               37278
 1.850                   0                   0               12737
 1.900                   0                   0                2626
 1.950                   0                   0                 214
 2.000                   0                   0                   3
 2.050                   0                   0                   0
 2.100                   0                   0                   0
 2.150                   0                   0                   0
 2.200                   0                   0                   0
 2.250                   0                   0                   0
 2.300                   0                   0                   0
 2.350                   0                   0                   0
 2.400                   0                   0                   0
 2.450                   0                   0                   0
 2.500                   0                   0                   0
 2.550                   0                   0                   0
 2.600                   0                   0                   0
 2.650                   0                   0                   0
 2.700                   0                   0                   0
 2.750                   0                   0                   0
 2.800                   0                   0                   0
 2.850                   0                   0                   0
 2.900                   0                   0                   0
 2.950                   0                   0                   0
 3.000                   0                   0                   0
 3.050                   0                   0                   0
 3.100                   0                   0                   0
 3.150                   0                   0                   0
 3.200                   0                   0                   0
 3.250                   0                   0                   0
 3.300                   0                   0                   0
 3.350                   0                   0                   0
 3.400                   0                   0                   0
 3.450                   0                   0                   0
 3.500                   0                   0                   0
 3.550                   0                   0                   0
 3.600                   0                   0                   0
 3.650                   0                   0                   0
 3.700                   0                   0                   0
 3.750                   0                   0                   0
 3.800                   0                   0                   0
 3.850                   0                   0                   0
 3.900                   0                   0                   0
 3.950                   0                   0                   0
 4.000                   0                   0                   0
 4.050                   0                   0                   0
 4.100                   0                   0                   0
 4.150                   0                   0                   0
 4.200                   0                   0                   0
 4.250                   0                   0                   0
 4.300                   0                   0                   0
 4.350                   0                   0                   0
 4.400                   0                   0                   0
 4.450                   0                   0                   0
 4.500                   0                   0                   0
 4.550                   0                   0                   0
 4.600                   0                   0                   0
 4.650                   0                   0                   0
 4.700                   0                   0                   0
 4.750                   0                   0                   0
 4.800                   0                   0                   0
 4.850                   0                   0                   0
 4.900                   0                   0                   0
 4.950                   0                   0                   0
