 0.000             5805634             5335777             6833072
 0.050              443490              287261              380819
 0.100              397821              347197              247428
 0.150              394192              391579              177368
 0.200              404831              411851              121601
 0.250              420923              422273               83095
 0.300              442763              433517               58817
 0.350              467175              450507               45433
 0.400              496195              475745               37905
 0.450              527074              504463               35524
 0.500              561700              540864               35897
 0.550              597372              580816               36543
 0.600              633986              623583               38281
 0.650              655467              666570               40490
 0.700              674106              703591               42467
 0.750              688730              738949               45732
 0.800              699065              774818               49765
 0.850              717775              808865               54776
 0.900              752825              850574               61235
 0.950              827352              923400               72007
 1.000             1436181             1596779             3093017
 1.050             4069716             4432777             5529244
 1.100             6756441             6168817             4501151
 1.150             4881736             4517668             3238534
 1.200             1434708             1854987             2346069
 1.250              196688              464785             1718417
 1.300               18985               80513             1349513
 1.350                 178               11423             1100786
 1.400                   0                2125              916514
 1.450                   0                 680              759003
 1.500                   0                 251              618846
 1.550                   0                  66              496173
 1.600                   0                  23              388348
 1.650                   0                  12              293123
 1.700                   0                   3              211442
 1.750                   0                   0              142979
 1.800                   0                   0               90773
 1.850                   0                   0               53762
 1.900                   0                   0               29922
 1.950                   0                   0               15381
 2.000                   0                   0                7341
 2.050                   0                   0                3025
 2.100                   0                   0                1077
 2.150                   0                   0                 327
 2.200                   0                   0                  76
 2.250                   0                   0                  10
 2.300                   0                   0                   1
 2.350                   0                   0                   0
 2.400                   0                   0                   0
 2.450                   0                   0                   0
 2.500                   0                   0                   0
 2.550                   0                   0                   0
 2.600                   0                   0                   0
 2.650                   0                   0                   0
 2.700                   0                   0                   0
 2.750                   0                   0                   0
 2.800                   0                   0                   0
 2.850                   0                   0                   0
 2.900                   0                   0                   0
 2.950                   0                   0                   0
 3.000                   0                   0                   0
 3.050                   0                   0                   0
 3.100                   0                   0                   0
 3.150                   0                   0                   0
 3.200                   0                   0                   0
 3.250                   0                   0                   0
 3.300                   0                   0                   0
 3.350                   0                   0                   0
 3.400                   0                   0                   0
 3.450                   0                   0                   0
 3.500                   0                   0                   0
 3.550                   0                   0                   0
 3.600                   0                   0                   0
 3.650                   0                   0                   0
 3.700                   0                   0                   0
 3.750                   0                   0                   0
 3.800                   0                   0                   0
 3.850                   0                   0                   0
 3.900                   0                   0                   0
 3.950                   0                   0                   0
 4.000                   0                   0                   0
 4.050                   0                   0                   0
 4.100                   0                   0                   0
 4.150                   0                   0                   0
 4.200                   0                   0                   0
 4.250                   0                   0                   0
 4.300                   0                   0                   0
 4.350                   0                   0                   0
 4.400                   0                   0                   0
 4.450                   0                   0                   0
 4.500                   0                   0                   0
 4.550                   0                   0                   0
 4.600                   0                   0                   0
 4.650                   0                   0                   0
 4.700                   0                   0                   0
 4.750                   0                   0                   0
 4.800                   0                   0                   0
 4.850                   0                   0                   0
 4.900                   0                   0                   0
 4.950                   0                   0                   0
