 0.000             5786461             5361871             6791010
 0.050              428391              291630              376733
 0.100              380755              339059              242683
 0.150              378473              375460              161260
 0.200              388810              395193              106109
 0.250              405245              404582               68022
 0.300              427859              414568               46139
 0.350              453182              429496               36140
 0.400              481498              456172               32820
 0.450              513161              490264               32254
 0.500              547756              527352               33099
 0.550              586754              566170               34326
 0.600              623200              608645               35747
 0.650              650001              650567               37472
 0.700              668825              691358               39456
 0.750              680034              727076               42172
 0.800              689153              758891               45972
 0.850              699683              788790               49998
 0.900              722320              818185               55656
 0.950              782744              873593               65104
 1.000             1478342             1621941             2779517
 1.050             3490228             3842457             5620870
 1.100             6126051             5745655             4513479
 1.150             5214474             4743187             3148640
 1.200             1941388             2243175             2245267
 1.250              269271              573786             1702238
 1.300                3865               70501             1361562
 1.350                   1                6481             1110041
 1.400                   0                1238              928635
 1.450                   0                 393              778750
 1.500                   0                 134              644168
 1.550                   0                  40              520311
 1.600                   0                  11              400031
 1.650                   0                   3              289137
 1.700                   0                   1              191894
 1.750                   0                   0              119827
 1.800                   0                   0               68821
 1.850                   0                   0               35881
 1.900                   0                   0               16885
 1.950                   0                   0                6808
 2.000                   0                   0                2337
 2.050                   0                   0                 572
 2.100                   0                   0                  80
 2.150                   0                   0                   1
 2.200                   0                   0                   1
 2.250                   0                   0                   0
 2.300                   0                   0                   0
 2.350                   0                   0                   0
 2.400                   0                   0                   0
 2.450                   0                   0                   0
 2.500                   0                   0                   0
 2.550                   0                   0                   0
 2.600                   0                   0                   0
 2.650                   0                   0                   0
 2.700                   0                   0                   0
 2.750                   0                   0                   0
 2.800                   0                   0                   0
 2.850                   0                   0                   0
 2.900                   0                   0                   0
 2.950                   0                   0                   0
 3.000                   0                   0                   0
 3.050                   0                   0                   0
 3.100                   0                   0                   0
 3.150                   0                   0                   0
 3.200                   0                   0                   0
 3.250                   0                   0                   0
 3.300                   0                   0                   0
 3.350                   0                   0                   0
 3.400                   0                   0                   0
 3.450                   0                   0                   0
 3.500                   0                   0                   0
 3.550                   0                   0                   0
 3.600                   0                   0                   0
 3.650                   0                   0                   0
 3.700                   0                   0                   0
 3.750                   0                   0                   0
 3.800                   0                   0                   0
 3.850                   0                   0                   0
 3.900                   0                   0                   0
 3.950                   0                   0                   0
 4.000                   0                   0                   0
 4.050                   0                   0                   0
 4.100                   0                   0                   0
 4.150                   0                   0                   0
 4.200                   0                   0                   0
 4.250                   0                   0                   0
 4.300                   0                   0                   0
 4.350                   0                   0                   0
 4.400                   0                   0                   0
 4.450                   0                   0                   0
 4.500                   0                   0                   0
 4.550                   0                   0                   0
 4.600                   0                   0                   0
 4.650                   0                   0                   0
 4.700                   0                   0                   0
 4.750                   0                   0                   0
 4.800                   0                   0                   0
 4.850                   0                   0                   0
 4.900                   0                   0                   0
 4.950                   0                   0                   0
