 0.000             5812266             5362769             6813393
 0.050              435723              288286              370216
 0.100              389279              344669              248862
 0.150              385610              384679              169547
 0.200              396410              405260              112775
 0.250              412431              411585               75637
 0.300              431432              422211               52514
 0.350              456642              438527               40048
 0.400              485759              462571               35028
 0.450              517294              491722               33888
 0.500              552434              528412               34087
 0.550              587904              568952               35507
 0.600              618766              611534               37095
 0.650              647048              653108               38991
 0.700              669397              694386               41154
 0.750              681632              730468               44075
 0.800              685498              762073               47290
 0.850              695324              791194               51978
 0.900              726615              825215               58380
 0.950              803886              888794               67908
 1.000             1411043             1563120             3056778
 1.050             4159321             4468609             5541567
 1.100             6269845             5813283             4634323
 1.150             4957736             4583015             3184105
 1.200             1648552             1985939             2193420
 1.250              220416              504711             1653664
 1.300               10078               72767             1331733
 1.350                   3                8032             1099676
 1.400                   0                1634              912875
 1.450                   0                 526              759656
 1.500                   0                 177              623357
 1.550                   0                  82              500708
 1.600                   0                  25              391074
 1.650                   0                   4              288922
 1.700                   0                   2              200341
 1.750                   0                   2              128732
 1.800                   0                   1               77102
 1.850                   0                   0               43169
 1.900                   0                   0               22245
 1.950                   0                   0               10367
 2.000                   0                   0                4181
 2.050                   0                   0                1498
 2.100                   0                   0                 403
 2.150                   0                   0                  71
 2.200                   0                   0                   3
 2.250                   0                   0                   1
 2.300                   0                   0                   0
 2.350                   0                   0                   0
 2.400                   0                   0                   0
 2.450                   0                   0                   0
 2.500                   0                   0                   0
 2.550                   0                   0                   0
 2.600                   0                   0                   0
 2.650                   0                   0                   0
 2.700                   0                   0                   0
 2.750                   0                   0                   0
 2.800                   0                   0                   0
 2.850                   0                   0                   0
 2.900                   0                   0                   0
 2.950                   0                   0                   0
 3.000                   0                   0                   0
 3.050                   0                   0                   0
 3.100                   0                   0                   0
 3.150                   0                   0                   0
 3.200                   0                   0                   0
 3.250                   0                   0                   0
 3.300                   0                   0                   0
 3.350                   0                   0                   0
 3.400                   0                   0                   0
 3.450                   0                   0                   0
 3.500                   0                   0                   0
 3.550                   0                   0                   0
 3.600                   0                   0                   0
 3.650                   0                   0                   0
 3.700                   0                   0                   0
 3.750                   0                   0                   0
 3.800                   0                   0                   0
 3.850                   0                   0                   0
 3.900                   0                   0                   0
 3.950                   0                   0                   0
 4.000                   0                   0                   0
 4.050                   0                   0                   0
 4.100                   0                   0                   0
 4.150                   0                   0                   0
 4.200                   0                   0                   0
 4.250                   0                   0                   0
 4.300                   0                   0                   0
 4.350                   0                   0                   0
 4.400                   0                   0                   0
 4.450                   0                   0                   0
 4.500                   0                   0                   0
 4.550                   0                   0                   0
 4.600                   0                   0                   0
 4.650                   0                   0                   0
 4.700                   0                   0                   0
 4.750                   0                   0                   0
 4.800                   0                   0                   0
 4.850                   0                   0                   0
 4.900                   0                   0                   0
 4.950                   0                   0                   0
