 0.000             5782497             5298971             6828136
 0.050              447156              283301              405159
 0.100              398917              348580              261661
 0.150              394778              394476              181210
 0.200              405738              414729              128290
 0.250              424491              423827               93215
 0.300              450337              434778               67877
 0.350              481288              455401               52463
 0.400              512136              486960               43381
 0.450              548002              518918               39367
 0.500              582682              559713               38336
 0.550              614306              604498               38629
 0.600              648914              644692               40180
 0.650              682429              688096               42687
 0.700              707597              731365               44853
 0.750              725973              769916               47815
 0.800              741689              811151               52110
 0.850              753183              847331               57440
 0.900              776243              887103               64328
 0.950              852527              958183               74011
 1.000             1857257             2044868             3447193
 1.050             4647756             4931616             5751268
 1.100             6755665             6142599             4516052
 1.150             4468944             4198870             3200653
 1.200             1103583             1565043             2267295
 1.250               75964              336229             1711472
 1.300                1841               49561             1336403
 1.350                   0                7952             1069129
 1.400                   0                2062              880404
 1.450                   0                 704              724275
 1.500                   0                 257              592612
 1.550                   0                 100              476214
 1.600                   0                  24              375175
 1.650                   0                  10              286522
 1.700                   0                   7              210902
 1.750                   0                   1              149435
 1.800                   0                   1              100900
 1.850                   0                   0               64092
 1.900                   0                   0               38207
 1.950                   0                   0               21821
 2.000                   0                   0               11239
 2.050                   0                   0                5610
 2.100                   0                   0                2446
 2.150                   0                   0                 975
 2.200                   0                   0                 346
 2.250                   0                   0                  83
 2.300                   0                   0                  18
 2.350                   0                   0                   4
 2.400                   0                   0                   0
 2.450                   0                   0                   0
 2.500                   0                   0                   0
 2.550                   0                   0                   0
 2.600                   0                   0                   0
 2.650                   0                   0                   0
 2.700                   0                   0                   0
 2.750                   0                   0                   0
 2.800                   0                   0                   0
 2.850                   0                   0                   0
 2.900                   0                   0                   0
 2.950                   0                   0                   0
 3.000                   0                   0                   0
 3.050                   0                   0                   0
 3.100                   0                   0                   0
 3.150                   0                   0                   0
 3.200                   0                   0                   0
 3.250                   0                   0                   0
 3.300                   0                   0                   0
 3.350                   0                   0                   0
 3.400                   0                   0                   0
 3.450                   0                   0                   0
 3.500                   0                   0                   0
 3.550                   0                   0                   0
 3.600                   0                   0                   0
 3.650                   0                   0                   0
 3.700                   0                   0                   0
 3.750                   0                   0                   0
 3.800                   0                   0                   0
 3.850                   0                   0                   0
 3.900                   0                   0                   0
 3.950                   0                   0                   0
 4.000                   0                   0                   0
 4.050                   0                   0                   0
 4.100                   0                   0                   0
 4.150                   0                   0                   0
 4.200                   0                   0                   0
 4.250                   0                   0                   0
 4.300                   0                   0                   0
 4.350                   0                   0                   0
 4.400                   0                   0                   0
 4.450                   0                   0                   0
 4.500                   0                   0                   0
 4.550                   0                   0                   0
 4.600                   0                   0                   0
 4.650                   0                   0                   0
 4.700                   0                   0                   0
 4.750                   0                   0                   0
 4.800                   0                   0                   0
 4.850                   0                   0                   0
 4.900                   0                   0                   0
 4.950                   0                   0                   0
