 0.000             5805544             5348416             6830495
 0.050              439730              288713              365540
 0.100              393738              347256              251343
 0.150              390046              387732              171558
 0.200              400117              407272              117403
 0.250              415123              415103               78949
 0.300              437164              424762               55870
 0.350              463141              442907               42813
 0.400              489639              470020               36317
 0.450              523992              501060               34516
 0.500              557202              536744               34873
 0.550              590452              572792               35677
 0.600              622105              613271               37777
 0.650              646722              654742               39507
 0.700              669602              695216               41689
 0.750              683342              734203               44379
 0.800              694842              770210               48531
 0.850              718129              806982               53219
 0.900              753835              846765               59371
 0.950              827890              917234               69900
 1.000             1459039             1613993             3022451
 1.050             3840904             4241277             5541832
 1.100             6723035             6124432             4500764
 1.150             4843886             4529293             3303163
 1.200             1616423             1961225             2274286
 1.250              229247              501906             1689315
 1.300                5369               75287             1335154
 1.350                   2                8544             1105325
 1.400                   0                1892              923385
 1.450                   0                 638              761095
 1.500                   0                 258              623234
 1.550                   0                  66              500430
 1.600                   0                  36              390921
 1.650                   0                   9              293645
 1.700                   0                   3              207250
 1.750                   0                   0              137360
 1.800                   0                   0               84250
 1.850                   0                   1               49003
 1.900                   0                   0               26096
 1.950                   0                   0               12844
 2.000                   0                   0                5658
 2.050                   0                   0                2150
 2.100                   0                   0                 716
 2.150                   0                   0                 166
 2.200                   0                   0                  37
 2.250                   0                   0                   3
 2.300                   0                   0                   0
 2.350                   0                   0                   0
 2.400                   0                   0                   0
 2.450                   0                   0                   0
 2.500                   0                   0                   0
 2.550                   0                   0                   0
 2.600                   0                   0                   0
 2.650                   0                   0                   0
 2.700                   0                   0                   0
 2.750                   0                   0                   0
 2.800                   0                   0                   0
 2.850                   0                   0                   0
 2.900                   0                   0                   0
 2.950                   0                   0                   0
 3.000                   0                   0                   0
 3.050                   0                   0                   0
 3.100                   0                   0                   0
 3.150                   0                   0                   0
 3.200                   0                   0                   0
 3.250                   0                   0                   0
 3.300                   0                   0                   0
 3.350                   0                   0                   0
 3.400                   0                   0                   0
 3.450                   0                   0                   0
 3.500                   0                   0                   0
 3.550                   0                   0                   0
 3.600                   0                   0                   0
 3.650                   0                   0                   0
 3.700                   0                   0                   0
 3.750                   0                   0                   0
 3.800                   0                   0                   0
 3.850                   0                   0                   0
 3.900                   0                   0                   0
 3.950                   0                   0                   0
 4.000                   0                   0                   0
 4.050                   0                   0                   0
 4.100                   0                   0                   0
 4.150                   0                   0                   0
 4.200                   0                   0                   0
 4.250                   0                   0                   0
 4.300                   0                   0                   0
 4.350                   0                   0                   0
 4.400                   0                   0                   0
 4.450                   0                   0                   0
 4.500                   0                   0                   0
 4.550                   0                   0                   0
 4.600                   0                   0                   0
 4.650                   0                   0                   0
 4.700                   0                   0                   0
 4.750                   0                   0                   0
 4.800                   0                   0                   0
 4.850                   0                   0                   0
 4.900                   0                   0                   0
 4.950                   0                   0                   0
