 0.000             5815766             5359145             6832525
 0.050              437953              290599              362485
 0.100              392009              347227              250620
 0.150              388657              387335              171546
 0.200              400226              407397              115228
 0.250              415680              416129               76691
 0.300              436348              425459               54870
 0.350              461614              442023               41634
 0.400              490482              466425               35638
 0.450              518195              496672               34169
 0.500              550327              531138               34501
 0.550              588441              567875               35596
 0.600              619387              610101               37349
 0.650              644287              652016               39292
 0.700              665835              693671               41394
 0.750              681703              732527               44337
 0.800              690010              765374               47890
 0.850              706058              797410               52613
 0.900              739321              835098               59182
 0.950              814122              901316               68731
 1.000             1356284             1492650             2968304
 1.050             4051879             4417468             5578097
 1.100             6479668             5981539             4572504
 1.150             4963593             4588313             3285849
 1.200             1604157             1962697             2210703
 1.250              236277              504071             1675351
 1.300                6734               72680             1331794
 1.350                   8                8041             1103929
 1.400                   0                1709              920308
 1.450                   0                 599              759529
 1.500                   0                 202              624173
 1.550                   0                  75              499644
 1.600                   0                  24              391121
 1.650                   0                  11              290868
 1.700                   0                   3              203810
 1.750                   0                   0              133048
 1.800                   0                   2               80639
 1.850                   0                   0               46030
 1.900                   0                   0               24075
 1.950                   0                   0               11590
 2.000                   0                   0                4866
 2.050                   0                   0                1823
 2.100                   0                   0                 539
 2.150                   0                   0                 123
 2.200                   0                   0                  12
 2.250                   0                   0                   1
 2.300                   0                   0                   0
 2.350                   0                   0                   0
 2.400                   0                   0                   0
 2.450                   0                   0                   0
 2.500                   0                   0                   0
 2.550                   0                   0                   0
 2.600                   0                   0                   0
 2.650                   0                   0                   0
 2.700                   0                   0                   0
 2.750                   0                   0                   0
 2.800                   0                   0                   0
 2.850                   0                   0                   0
 2.900                   0                   0                   0
 2.950                   0                   0                   0
 3.000                   0                   0                   0
 3.050                   0                   0                   0
 3.100                   0                   0                   0
 3.150                   0                   0                   0
 3.200                   0                   0                   0
 3.250                   0                   0                   0
 3.300                   0                   0                   0
 3.350                   0                   0                   0
 3.400                   0                   0                   0
 3.450                   0                   0                   0
 3.500                   0                   0                   0
 3.550                   0                   0                   0
 3.600                   0                   0                   0
 3.650                   0                   0                   0
 3.700                   0                   0                   0
 3.750                   0                   0                   0
 3.800                   0                   0                   0
 3.850                   0                   0                   0
 3.900                   0                   0                   0
 3.950                   0                   0                   0
 4.000                   0                   0                   0
 4.050                   0                   0                   0
 4.100                   0                   0                   0
 4.150                   0                   0                   0
 4.200                   0                   0                   0
 4.250                   0                   0                   0
 4.300                   0                   0                   0
 4.350                   0                   0                   0
 4.400                   0                   0                   0
 4.450                   0                   0                   0
 4.500                   0                   0                   0
 4.550                   0                   0                   0
 4.600                   0                   0                   0
 4.650                   0                   0                   0
 4.700                   0                   0                   0
 4.750                   0                   0                   0
 4.800                   0                   0                   0
 4.850                   0                   0                   0
 4.900                   0                   0                   0
 4.950                   0                   0                   0
