 0.000             5604793             5402450             6499608
 0.050              391733              332694              305441
 0.100              339668              315340              151113
 0.150              329626              313444               70196
 0.200              333689              315809               38775
 0.250              344634              324260               30095
 0.300              360567              336281               28787
 0.350              379793              350502               28160
 0.400              399331              372722               27716
 0.450              426200              397766               27540
 0.500              455161              428674               27611
 0.550              488915              466823               28049
 0.600              528429              511455               28525
 0.650              567973              560406               29639
 0.700              611118              615411               30455
 0.750              655939              672723               32194
 0.800              695824              729926               33775
 0.850              738189              786327               35773
 0.900              784448              845630               39087
 0.950              851057              912219               44652
 1.000             1325143             1376608             1145356
 1.050             3431571             3654424             4948953
 1.100             4468147             4524525             4885218
 1.150             4781507             4450837             3735299
 1.200             3328399             3258864             2679522
 1.250             1241719             1465787             1993127
 1.300              207918              330727             1581518
 1.350               15114               32993             1305056
 1.400                 113                1004             1117987
 1.450                   0                  68              977276
 1.500                   0                  13              820117
 1.550                   0                   6              617111
 1.600                   0                   0              406176
 1.650                   0                   0              219012
 1.700                   0                   0               91201
 1.750                   0                   0               24061
 1.800                   0                   0                2493
 1.850                   0                   0                  44
 1.900                   0                   0                   0
 1.950                   0                   0                   0
 2.000                   0                   0                   0
 2.050                   0                   0                   0
 2.100                   0                   0                   0
 2.150                   0                   0                   0
 2.200                   0                   0                   0
 2.250                   0                   0                   0
 2.300                   0                   0                   0
 2.350                   0                   0                   0
 2.400                   0                   0                   0
 2.450                   0                   0                   0
 2.500                   0                   0                   0
 2.550                   0                   0                   0
 2.600                   0                   0                   0
 2.650                   0                   0                   0
 2.700                   0                   0                   0
 2.750                   0                   0                   0
 2.800                   0                   0                   0
 2.850                   0                   0                   0
 2.900                   0                   0                   0
 2.950                   0                   0                   0
 3.000                   0                   0                   0
 3.050                   0                   0                   0
 3.100                   0                   0                   0
 3.150                   0                   0                   0
 3.200                   0                   0                   0
 3.250                   0                   0                   0
 3.300                   0                   0                   0
 3.350                   0                   0                   0
 3.400                   0                   0                   0
 3.450                   0                   0                   0
 3.500                   0                   0                   0
 3.550                   0                   0                   0
 3.600                   0                   0                   0
 3.650                   0                   0                   0
 3.700                   0                   0                   0
 3.750                   0                   0                   0
 3.800                   0                   0                   0
 3.850                   0                   0                   0
 3.900                   0                   0                   0
 3.950                   0                   0                   0
 4.000                   0                   0                   0
 4.050                   0                   0                   0
 4.100                   0                   0                   0
 4.150                   0                   0                   0
 4.200                   0                   0                   0
 4.250                   0                   0                   0
 4.300                   0                   0                   0
 4.350                   0                   0                   0
 4.400                   0                   0                   0
 4.450                   0                   0                   0
 4.500                   0                   0                   0
 4.550                   0                   0                   0
 4.600                   0                   0                   0
 4.650                   0                   0                   0
 4.700                   0                   0                   0
 4.750                   0                   0                   0
 4.800                   0                   0                   0
 4.850                   0                   0                   0
 4.900                   0                   0                   0
 4.950                   0                   0                   0
