 0.000             5725605             5398629             6702317
 0.050              416720              302202              359789
 0.100              367154              323395              230120
 0.150              360042              345214              138879
 0.200              368927              363195               80915
 0.250              384232              374331               47294
 0.300              402920              386462               33988
 0.350              424515              401412               30534
 0.400              451120              425529               29939
 0.450              480300              455338               29958
 0.500              513486              491510               30614
 0.550              549047              532469               31638
 0.600              587331              576589               32234
 0.650              629101              623307               33915
 0.700              662279              673070               35653
 0.750              687918              721784               37800
 0.800              712862              766923               40639
 0.850              739562              807079               43966
 0.900              778578              855167               48829
 0.950              847969              922439               56575
 1.000             1505172             1597276             2052585
 1.050             3076037             3355033             5004082
 1.100             4879040             4826013             4658215
 1.150             5507052             4976994             3423596
 1.200             2811983             2918099             2512263
 1.250              490469              845892             1890427
 1.300               20810              107239             1432437
 1.350                  78                6693             1169124
 1.400                   0                 751              995266
 1.450                   0                 200              853271
 1.500                   0                  54              711691
 1.550                   0                  17              566061
 1.600                   0                   4              420920
 1.650                   0                   0              285546
 1.700                   0                   0              172335
 1.750                   0                   0               91506
 1.800                   0                   0               43463
 1.850                   0                   0               16710
 1.900                   0                   0                4575
 1.950                   0                   0                 622
 2.000                   0                   0                  17
 2.050                   0                   0                   1
 2.100                   0                   0                   0
 2.150                   0                   0                   0
 2.200                   0                   0                   0
 2.250                   0                   0                   0
 2.300                   0                   0                   0
 2.350                   0                   0                   0
 2.400                   0                   0                   0
 2.450                   0                   0                   0
 2.500                   0                   0                   0
 2.550                   0                   0                   0
 2.600                   0                   0                   0
 2.650                   0                   0                   0
 2.700                   0                   0                   0
 2.750                   0                   0                   0
 2.800                   0                   0                   0
 2.850                   0                   0                   0
 2.900                   0                   0                   0
 2.950                   0                   0                   0
 3.000                   0                   0                   0
 3.050                   0                   0                   0
 3.100                   0                   0                   0
 3.150                   0                   0                   0
 3.200                   0                   0                   0
 3.250                   0                   0                   0
 3.300                   0                   0                   0
 3.350                   0                   0                   0
 3.400                   0                   0                   0
 3.450                   0                   0                   0
 3.500                   0                   0                   0
 3.550                   0                   0                   0
 3.600                   0                   0                   0
 3.650                   0                   0                   0
 3.700                   0                   0                   0
 3.750                   0                   0                   0
 3.800                   0                   0                   0
 3.850                   0                   0                   0
 3.900                   0                   0                   0
 3.950                   0                   0                   0
 4.000                   0                   0                   0
 4.050                   0                   0                   0
 4.100                   0                   0                   0
 4.150                   0                   0                   0
 4.200                   0                   0                   0
 4.250                   0                   0                   0
 4.300                   0                   0                   0
 4.350                   0                   0                   0
 4.400                   0                   0                   0
 4.450                   0                   0                   0
 4.500                   0                   0                   0
 4.550                   0                   0                   0
 4.600                   0                   0                   0
 4.650                   0                   0                   0
 4.700                   0                   0                   0
 4.750                   0                   0                   0
 4.800                   0                   0                   0
 4.850                   0                   0                   0
 4.900                   0                   0                   0
 4.950                   0                   0                   0
