 0.000             9487351             9132756             9690684
 0.050              583921              401578              802302
 0.100              523313              463499              654668
 0.150              520112              509936              428361
 0.200              534545              530450              244927
 0.250              558048              547382              159040
 0.300              588924              565706              125046
 0.350              630377              599564              117356
 0.400              673020              645056              120829
 0.450              724478              697611              129102
 0.500              784880              758260              139700
 0.550              857964              833121              154966
 0.600              942623              921243              169450
 0.650             1045933             1027872              187219
 0.700             1161506             1158354              207017
 0.750             1312481             1323660              229335
 0.800             1520817             1534266              257694
 0.850             1752555             1819736              293127
 0.900             2091329             2235612              341453
 0.950             2646901             7809994             1862356
 1.000           521171570           528983531           677451256
 1.050           129522323           127713033            56692658
 1.100           142365973           124734654            40327166
 1.150           120032904           110342559            37002456
 1.200            63293497            69228575            35870891
 1.250            16622714            24335097            34007156
 1.300             1959053             4610453            30607021
 1.350               90514              484648            26679122
 1.400                 374               40550            22121229
 1.450                   0                7961            17192368
 1.500                   0                2234            12360977
 1.550                   0                 727             8144038
 1.600                   0                 225             4873558
 1.650                   0                  69             2602815
 1.700                   0                  17             1185430
 1.750                   0                  10              436009
 1.800                   0                   1              113326
 1.850                   0                   0               16874
 1.900                   0                   0                1003
 1.950                   0                   0                  15
 2.000                   0                   0                   0
 2.050                   0                   0                   0
 2.100                   0                   0                   0
 2.150                   0                   0                   0
 2.200                   0                   0                   0
 2.250                   0                   0                   0
 2.300                   0                   0                   0
 2.350                   0                   0                   0
 2.400                   0                   0                   0
 2.450                   0                   0                   0
 2.500                   0                   0                   0
 2.550                   0                   0                   0
 2.600                   0                   0                   0
 2.650                   0                   0                   0
 2.700                   0                   0                   0
 2.750                   0                   0                   0
 2.800                   0                   0                   0
 2.850                   0                   0                   0
 2.900                   0                   0                   0
 2.950                   0                   0                   0
 3.000                   0                   0                   0
 3.050                   0                   0                   0
 3.100                   0                   0                   0
 3.150                   0                   0                   0
 3.200                   0                   0                   0
 3.250                   0                   0                   0
 3.300                   0                   0                   0
 3.350                   0                   0                   0
 3.400                   0                   0                   0
 3.450                   0                   0                   0
 3.500                   0                   0                   0
 3.550                   0                   0                   0
 3.600                   0                   0                   0
 3.650                   0                   0                   0
 3.700                   0                   0                   0
 3.750                   0                   0                   0
 3.800                   0                   0                   0
 3.850                   0                   0                   0
 3.900                   0                   0                   0
 3.950                   0                   0                   0
 4.000                   0                   0                   0
 4.050                   0                   0                   0
 4.100                   0                   0                   0
 4.150                   0                   0                   0
 4.200                   0                   0                   0
 4.250                   0                   0                   0
 4.300                   0                   0                   0
 4.350                   0                   0                   0
 4.400                   0                   0                   0
 4.450                   0                   0                   0
 4.500                   0                   0                   0
 4.550                   0                   0                   0
 4.600                   0                   0                   0
 4.650                   0                   0                   0
 4.700                   0                   0                   0
 4.750                   0                   0                   0
 4.800                   0                   0                   0
 4.850                   0                   0                   0
 4.900                   0                   0                   0
 4.950                   0                   0                   0
