 0.000             9519630             9246310             9659040
 0.050              562689              391235              736964
 0.100              497489              435323              558939
 0.150              490598              474788              328626
 0.200              499794              494215              193688
 0.250              521014              511492              135800
 0.300              549537              527956              120466
 0.350              584849              557308              121594
 0.400              632429              598967              128064
 0.450              683178              648165              137597
 0.500              741020              710036              149397
 0.550              810761              786788              165494
 0.600              891737              869704              179889
 0.650              978740              968542              198265
 0.700             1090031             1088469              217105
 0.750             1222196             1236235              239365
 0.800             1394122             1421950              267318
 0.850             1631127             1678831              303339
 0.900             1969490             2056285              351906
 0.950             2495893             6015483             1571474
 1.000           564294948           570393120           696146188
 1.050           106040989           106519681            54294892
 1.100           120672351           107985275            38340774
 1.150           112310721           102055770            34865974
 1.200            69177754            72213365            33964882
 1.250            20778278            28078630            32465163
 1.300             2801600             5455912            29240128
 1.350              155899              540379            25552297
 1.400                1136               33552            21189070
 1.450                   0                4584            16302459
 1.500                   0                1217            11486272
 1.550                   0                 313             7315848
 1.600                   0                  86             4116477
 1.650                   0                  30             1971374
 1.700                   0                   2              751254
 1.750                   0                   2              201159
 1.800                   0                   0               29793
 1.850                   0                   0                1647
 1.900                   0                   0                  19
 1.950                   0                   0                   0
 2.000                   0                   0                   0
 2.050                   0                   0                   0
 2.100                   0                   0                   0
 2.150                   0                   0                   0
 2.200                   0                   0                   0
 2.250                   0                   0                   0
 2.300                   0                   0                   0
 2.350                   0                   0                   0
 2.400                   0                   0                   0
 2.450                   0                   0                   0
 2.500                   0                   0                   0
 2.550                   0                   0                   0
 2.600                   0                   0                   0
 2.650                   0                   0                   0
 2.700                   0                   0                   0
 2.750                   0                   0                   0
 2.800                   0                   0                   0
 2.850                   0                   0                   0
 2.900                   0                   0                   0
 2.950                   0                   0                   0
 3.000                   0                   0                   0
 3.050                   0                   0                   0
 3.100                   0                   0                   0
 3.150                   0                   0                   0
 3.200                   0                   0                   0
 3.250                   0                   0                   0
 3.300                   0                   0                   0
 3.350                   0                   0                   0
 3.400                   0                   0                   0
 3.450                   0                   0                   0
 3.500                   0                   0                   0
 3.550                   0                   0                   0
 3.600                   0                   0                   0
 3.650                   0                   0                   0
 3.700                   0                   0                   0
 3.750                   0                   0                   0
 3.800                   0                   0                   0
 3.850                   0                   0                   0
 3.900                   0                   0                   0
 3.950                   0                   0                   0
 4.000                   0                   0                   0
 4.050                   0                   0                   0
 4.100                   0                   0                   0
 4.150                   0                   0                   0
 4.200                   0                   0                   0
 4.250                   0                   0                   0
 4.300                   0                   0                   0
 4.350                   0                   0                   0
 4.400                   0                   0                   0
 4.450                   0                   0                   0
 4.500                   0                   0                   0
 4.550                   0                   0                   0
 4.600                   0                   0                   0
 4.650                   0                   0                   0
 4.700                   0                   0                   0
 4.750                   0                   0                   0
 4.800                   0                   0                   0
 4.850                   0                   0                   0
 4.900                   0                   0                   0
 4.950                   0                   0                   0
