 0.000             9533129             9290531             9656642
 0.050              552041              388113              717975
 0.100              488206              429528              516807
 0.150              479161              460282              299177
 0.200              489120              480826              180558
 0.250              512309              498014              130615
 0.300              542452              518015              121058
 0.350              581062              547310              123872
 0.400              623364              587282              130924
 0.450              668848              637604              140803
 0.500              725465              697992              153691
 0.550              788212              769822              168871
 0.600              860017              850168              183953
 0.650              954562              941933              202051
 0.700             1065586             1057747              221039
 0.750             1193488             1205304              243042
 0.800             1366740             1390279              271044
 0.850             1601667             1639251              307008
 0.900             1934871             2006609              356206
 0.950             2433759             5491587             1498439
 1.000           579203044           584716494           702098166
 1.050            98471987            99365227            53627023
 1.100           113101733           102358219            37879239
 1.150           108697422            98447722            34104103
 1.200            71081003            72991394            33409659
 1.250            22615233            29696327            31868959
 1.300             3242782             5925341            28791833
 1.350              190727              574739            25179380
 1.400                2010               31335            20861959
 1.450                   0                3788            15995064
 1.500                   0                 886            11177335
 1.550                   0                 245             7023269
 1.600                   0                  72             3840760
 1.650                   0                  10             1751612
 1.700                   0                   2              611791
 1.750                   0                   2              140095
 1.800                   0                   0               15465
 1.850                   0                   0                 513
 1.900                   0                   0                   0
 1.950                   0                   0                   0
 2.000                   0                   0                   0
 2.050                   0                   0                   0
 2.100                   0                   0                   0
 2.150                   0                   0                   0
 2.200                   0                   0                   0
 2.250                   0                   0                   0
 2.300                   0                   0                   0
 2.350                   0                   0                   0
 2.400                   0                   0                   0
 2.450                   0                   0                   0
 2.500                   0                   0                   0
 2.550                   0                   0                   0
 2.600                   0                   0                   0
 2.650                   0                   0                   0
 2.700                   0                   0                   0
 2.750                   0                   0                   0
 2.800                   0                   0                   0
 2.850                   0                   0                   0
 2.900                   0                   0                   0
 2.950                   0                   0                   0
 3.000                   0                   0                   0
 3.050                   0                   0                   0
 3.100                   0                   0                   0
 3.150                   0                   0                   0
 3.200                   0                   0                   0
 3.250                   0                   0                   0
 3.300                   0                   0                   0
 3.350                   0                   0                   0
 3.400                   0                   0                   0
 3.450                   0                   0                   0
 3.500                   0                   0                   0
 3.550                   0                   0                   0
 3.600                   0                   0                   0
 3.650                   0                   0                   0
 3.700                   0                   0                   0
 3.750                   0                   0                   0
 3.800                   0                   0                   0
 3.850                   0                   0                   0
 3.900                   0                   0                   0
 3.950                   0                   0                   0
 4.000                   0                   0                   0
 4.050                   0                   0                   0
 4.100                   0                   0                   0
 4.150                   0                   0                   0
 4.200                   0                   0                   0
 4.250                   0                   0                   0
 4.300                   0                   0                   0
 4.350                   0                   0                   0
 4.400                   0                   0                   0
 4.450                   0                   0                   0
 4.500                   0                   0                   0
 4.550                   0                   0                   0
 4.600                   0                   0                   0
 4.650                   0                   0                   0
 4.700                   0                   0                   0
 4.750                   0                   0                   0
 4.800                   0                   0                   0
 4.850                   0                   0                   0
 4.900                   0                   0                   0
 4.950                   0                   0                   0
