 0.000             9622646             9522307             9731454
 0.050              520143              382745              566832
 0.100              457465              395732              342903
 0.150              447370              422753              202362
 0.200              458021              439404              137921
 0.250              475913              454325              125596
 0.300              502646              474363              130857
 0.350              534066              500929              138080
 0.400              571623              536970              146845
 0.450              617479              582688              159584
 0.500              667120              638136              174164
 0.550              726795              702800              188427
 0.600              792274              774338              205133
 0.650              875929              856049              221888
 0.700              973403              961481              239819
 0.750             1097070             1092662              262370
 0.800             1260298             1257995              290324
 0.850             1454353             1473050              326366
 0.900             1719441             1757611              375586
 0.950             2089744             3707469             1237183
 1.000           644056515           647231823           727757108
 1.050            70383765            71893235            51343659
 1.100            83166666            78907953            34945654
 1.150            85370127            78072152            31708150
 1.200            72472208            70100495            30822807
 1.250            35694555            40257095            29401032
 1.300             6474097             9631160            26752710
 1.350              506913              935393            23543771
 1.400               11355               35515            19319345
 1.450                   0                1158            14528358
 1.500                   0                 160             9719218
 1.550                   0                  48             5532542
 1.600                   0                   3             2495764
 1.650                   0                   2              783189
 1.700                   0                   0              134789
 1.750                   0                   1                8150
 1.800                   0                   0                  60
 1.850                   0                   0                   0
 1.900                   0                   0                   0
 1.950                   0                   0                   0
 2.000                   0                   0                   0
 2.050                   0                   0                   0
 2.100                   0                   0                   0
 2.150                   0                   0                   0
 2.200                   0                   0                   0
 2.250                   0                   0                   0
 2.300                   0                   0                   0
 2.350                   0                   0                   0
 2.400                   0                   0                   0
 2.450                   0                   0                   0
 2.500                   0                   0                   0
 2.550                   0                   0                   0
 2.600                   0                   0                   0
 2.650                   0                   0                   0
 2.700                   0                   0                   0
 2.750                   0                   0                   0
 2.800                   0                   0                   0
 2.850                   0                   0                   0
 2.900                   0                   0                   0
 2.950                   0                   0                   0
 3.000                   0                   0                   0
 3.050                   0                   0                   0
 3.100                   0                   0                   0
 3.150                   0                   0                   0
 3.200                   0                   0                   0
 3.250                   0                   0                   0
 3.300                   0                   0                   0
 3.350                   0                   0                   0
 3.400                   0                   0                   0
 3.450                   0                   0                   0
 3.500                   0                   0                   0
 3.550                   0                   0                   0
 3.600                   0                   0                   0
 3.650                   0                   0                   0
 3.700                   0                   0                   0
 3.750                   0                   0                   0
 3.800                   0                   0                   0
 3.850                   0                   0                   0
 3.900                   0                   0                   0
 3.950                   0                   0                   0
 4.000                   0                   0                   0
 4.050                   0                   0                   0
 4.100                   0                   0                   0
 4.150                   0                   0                   0
 4.200                   0                   0                   0
 4.250                   0                   0                   0
 4.300                   0                   0                   0
 4.350                   0                   0                   0
 4.400                   0                   0                   0
 4.450                   0                   0                   0
 4.500                   0                   0                   0
 4.550                   0                   0                   0
 4.600                   0                   0                   0
 4.650                   0                   0                   0
 4.700                   0                   0                   0
 4.750                   0                   0                   0
 4.800                   0                   0                   0
 4.850                   0                   0                   0
 4.900                   0                   0                   0
 4.950                   0                   0                   0
