 0.000             9730438             9691806             9786430
 0.050              510737              383383              457635
 0.100              448764              389767              269703
 0.150              439111              410193              166213
 0.200              449714              429351              131633
 0.250              467930              445922              131454
 0.300              489894              462041              140742
 0.350              519557              483982              147905
 0.400              552301              515844              158637
 0.450              590322              557443              173535
 0.500              634822              604568              187079
 0.550              689381              663324              202212
 0.600              753449              727536              218180
 0.650              824529              810071              235263
 0.700              913891              904590              252615
 0.750             1020836             1021890              275537
 0.800             1156346             1162082              303805
 0.850             1320209             1341372              339490
 0.900             1547958             1582427              389468
 0.950             1885057             2994402             1124914
 1.000           678504971           680564313           741612833
 1.050            58855332            60429232            50652088
 1.100            70050608            67384974            33265652
 1.150            71312833            66595797            30608792
 1.200            65850796            63071324            29497691
 1.250            42973031            45115175            27993696
 1.300            10559058            13741409            25639609
 1.350              930868             1467350            22483597
 1.400               17257               47814            18376342
 1.450                   0                 526            13610260
 1.500                   0                  72             8704579
 1.550                   0                  15             4495940
 1.600                   0                   3             1617995
 1.650                   0                   1              326390
 1.700                   0                   1               21929
 1.750                   0                   0                 157
 1.800                   0                   0                   0
 1.850                   0                   0                   0
 1.900                   0                   0                   0
 1.950                   0                   0                   0
 2.000                   0                   0                   0
 2.050                   0                   0                   0
 2.100                   0                   0                   0
 2.150                   0                   0                   0
 2.200                   0                   0                   0
 2.250                   0                   0                   0
 2.300                   0                   0                   0
 2.350                   0                   0                   0
 2.400                   0                   0                   0
 2.450                   0                   0                   0
 2.500                   0                   0                   0
 2.550                   0                   0                   0
 2.600                   0                   0                   0
 2.650                   0                   0                   0
 2.700                   0                   0                   0
 2.750                   0                   0                   0
 2.800                   0                   0                   0
 2.850                   0                   0                   0
 2.900                   0                   0                   0
 2.950                   0                   0                   0
 3.000                   0                   0                   0
 3.050                   0                   0                   0
 3.100                   0                   0                   0
 3.150                   0                   0                   0
 3.200                   0                   0                   0
 3.250                   0                   0                   0
 3.300                   0                   0                   0
 3.350                   0                   0                   0
 3.400                   0                   0                   0
 3.450                   0                   0                   0
 3.500                   0                   0                   0
 3.550                   0                   0                   0
 3.600                   0                   0                   0
 3.650                   0                   0                   0
 3.700                   0                   0                   0
 3.750                   0                   0                   0
 3.800                   0                   0                   0
 3.850                   0                   0                   0
 3.900                   0                   0                   0
 3.950                   0                   0                   0
 4.000                   0                   0                   0
 4.050                   0                   0                   0
 4.100                   0                   0                   0
 4.150                   0                   0                   0
 4.200                   0                   0                   0
 4.250                   0                   0                   0
 4.300                   0                   0                   0
 4.350                   0                   0                   0
 4.400                   0                   0                   0
 4.450                   0                   0                   0
 4.500                   0                   0                   0
 4.550                   0                   0                   0
 4.600                   0                   0                   0
 4.650                   0                   0                   0
 4.700                   0                   0                   0
 4.750                   0                   0                   0
 4.800                   0                   0                   0
 4.850                   0                   0                   0
 4.900                   0                   0                   0
 4.950                   0                   0                   0
