 0.000             9963178            10026155             9819024
 0.050              489059              388443              318912
 0.100              425243              369529              185771
 0.150              415569              385352              142315
 0.200              421873              400902              138414
 0.250              435659              414811              148174
 0.300              455349              428746              157379
 0.350              477412              448422              167154
 0.400              504674              473580              181730
 0.450              533852              504353              197030
 0.500              570974              541818              211600
 0.550              613661              585251              226694
 0.600              659043              635072              242094
 0.650              715788              697262              258525
 0.700              784276              767122              277574
 0.750              860439              850169              301222
 0.800              956174              957614              329362
 0.850             1074931             1086773              366409
 0.900             1232418             1253013              418988
 0.950             1449721             2136806             1021170
 1.000           728458934           729189499           762528500
 1.050            47043361            48361103            50591097
 1.100            52984011            51891097            31528251
 1.150            53405451            51507085            28939752
 1.200            53161415            50848314            27332645
 1.250            44936170            44898042            26060919
 1.300            18385914            20645916            23780261
 1.350             2508248             3185402            20682244
 1.400               76615              121156            16711079
 1.450                 588                1156            11665979
 1.500                   0                  33             6485192
 1.550                   0                   2             2254835
 1.600                   0                   2              322051
 1.650                   0                   0                7653
 1.700                   0                   0                   1
 1.750                   0                   0                   0
 1.800                   0                   0                   0
 1.850                   0                   0                   0
 1.900                   0                   0                   0
 1.950                   0                   0                   0
 2.000                   0                   0                   0
 2.050                   0                   0                   0
 2.100                   0                   0                   0
 2.150                   0                   0                   0
 2.200                   0                   0                   0
 2.250                   0                   0                   0
 2.300                   0                   0                   0
 2.350                   0                   0                   0
 2.400                   0                   0                   0
 2.450                   0                   0                   0
 2.500                   0                   0                   0
 2.550                   0                   0                   0
 2.600                   0                   0                   0
 2.650                   0                   0                   0
 2.700                   0                   0                   0
 2.750                   0                   0                   0
 2.800                   0                   0                   0
 2.850                   0                   0                   0
 2.900                   0                   0                   0
 2.950                   0                   0                   0
 3.000                   0                   0                   0
 3.050                   0                   0                   0
 3.100                   0                   0                   0
 3.150                   0                   0                   0
 3.200                   0                   0                   0
 3.250                   0                   0                   0
 3.300                   0                   0                   0
 3.350                   0                   0                   0
 3.400                   0                   0                   0
 3.450                   0                   0                   0
 3.500                   0                   0                   0
 3.550                   0                   0                   0
 3.600                   0                   0                   0
 3.650                   0                   0                   0
 3.700                   0                   0                   0
 3.750                   0                   0                   0
 3.800                   0                   0                   0
 3.850                   0                   0                   0
 3.900                   0                   0                   0
 3.950                   0                   0                   0
 4.000                   0                   0                   0
 4.050                   0                   0                   0
 4.100                   0                   0                   0
 4.150                   0                   0                   0
 4.200                   0                   0                   0
 4.250                   0                   0                   0
 4.300                   0                   0                   0
 4.350                   0                   0                   0
 4.400                   0                   0                   0
 4.450                   0                   0                   0
 4.500                   0                   0                   0
 4.550                   0                   0                   0
 4.600                   0                   0                   0
 4.650                   0                   0                   0
 4.700                   0                   0                   0
 4.750                   0                   0                   0
 4.800                   0                   0                   0
 4.850                   0                   0                   0
 4.900                   0                   0                   0
 4.950                   0                   0                   0
