 0.000             9541921             9334021             9661860
 0.050              540332              383530              693083
 0.100              481029              421609              474729
 0.150              472961              454654              272457
 0.200              485978              473306              167885
 0.250              506817              487424              126702
 0.300              539223              509479              122417
 0.350              569470              539254              126604
 0.400              607141              577307              134040
 0.450              651924              624712              144516
 0.500              705923              680692              158132
 0.550              767415              746618              172758
 0.600              840426              823409              188181
 0.650              931310              915161              206427
 0.700             1037094             1030970              225162
 0.750             1166844             1172977              246888
 0.800             1334626             1353872              275302
 0.850             1571595             1597452              310559
 0.900             1878229             1949099              360268
 0.950             2356428             5014440             1436069
 1.000           594293803           599195910           708059014
 1.050            91377848            92468779            52945807
 1.100           105448197            96677558            37332101
 1.150           104379208            94341446            33514506
 1.200            72732086            73400642            32805579
 1.250            24747811            31681170            31280045
 1.300             3796353             6488683            28325550
 1.350              234734              622213            24804537
 1.400                3274               29869            20526707
 1.450                   0                2884            15670794
 1.500                   0                 629            10862689
 1.550                   0                 187             6713958
 1.600                   0                  37             3552268
 1.650                   0                   6             1526919
 1.700                   0                   0              478696
 1.750                   0                   1               89555
 1.800                   0                   0                7109
 1.850                   0                   0                 127
 1.900                   0                   0                   0
 1.950                   0                   0                   0
 2.000                   0                   0                   0
 2.050                   0                   0                   0
 2.100                   0                   0                   0
 2.150                   0                   0                   0
 2.200                   0                   0                   0
 2.250                   0                   0                   0
 2.300                   0                   0                   0
 2.350                   0                   0                   0
 2.400                   0                   0                   0
 2.450                   0                   0                   0
 2.500                   0                   0                   0
 2.550                   0                   0                   0
 2.600                   0                   0                   0
 2.650                   0                   0                   0
 2.700                   0                   0                   0
 2.750                   0                   0                   0
 2.800                   0                   0                   0
 2.850                   0                   0                   0
 2.900                   0                   0                   0
 2.950                   0                   0                   0
 3.000                   0                   0                   0
 3.050                   0                   0                   0
 3.100                   0                   0                   0
 3.150                   0                   0                   0
 3.200                   0                   0                   0
 3.250                   0                   0                   0
 3.300                   0                   0                   0
 3.350                   0                   0                   0
 3.400                   0                   0                   0
 3.450                   0                   0                   0
 3.500                   0                   0                   0
 3.550                   0                   0                   0
 3.600                   0                   0                   0
 3.650                   0                   0                   0
 3.700                   0                   0                   0
 3.750                   0                   0                   0
 3.800                   0                   0                   0
 3.850                   0                   0                   0
 3.900                   0                   0                   0
 3.950                   0                   0                   0
 4.000                   0                   0                   0
 4.050                   0                   0                   0
 4.100                   0                   0                   0
 4.150                   0                   0                   0
 4.200                   0                   0                   0
 4.250                   0                   0                   0
 4.300                   0                   0                   0
 4.350                   0                   0                   0
 4.400                   0                   0                   0
 4.450                   0                   0                   0
 4.500                   0                   0                   0
 4.550                   0                   0                   0
 4.600                   0                   0                   0
 4.650                   0                   0                   0
 4.700                   0                   0                   0
 4.750                   0                   0                   0
 4.800                   0                   0                   0
 4.850                   0                   0                   0
 4.900                   0                   0                   0
 4.950                   0                   0                   0
