 0.000             9451463             8994164             9806977
 0.050              615063              411415              925308
 0.100              552670              489023              769029
 0.150              551426              543625              565210
 0.200              571301              567089              358877
 0.250              603479              590414              213687
 0.300              639018              616962              149206
 0.350              684956              651824              120354
 0.400              732483              699600              114155
 0.450              794029              764080              118803
 0.500              860107              838321              127390
 0.550              941420              920813              141147
 0.600             1041259             1020637              155618
 0.650             1149018             1140836              173155
 0.700             1301454             1291969              192605
 0.750             1497734             1494108              216003
 0.800             1729285             1761669              244257
 0.850             2052946             2132438              279730
 0.900             2507843             2701507              327320
 0.950             3569946            10092189             2474290
 1.000           458280324           470125229           647456054
 1.050           169243136           159911025            59647712
 1.100           171684522           148270382            44529310
 1.150           125141674           119181774            40424282
 1.200            53890994            63603927            39363796
 1.250            12475377            20591125            36581444
 1.300             1373812             4025334            32442826
 1.350               63151              484653            28299719
 1.400                 109               61443            23599204
 1.450                   1               15003            18533811
 1.500                   0                4828            13628394
 1.550                   0                1657             9344058
 1.600                   0                 577             5949424
 1.650                   0                 227             3508754
 1.700                   0                  87             1868976
 1.750                   0                  30              875512
 1.800                   0                  12              345302
 1.850                   0                   3              104535
 1.900                   0                   1               21384
 1.950                   0                   0                2299
 2.000                   0                   0                  83
 2.050                   0                   0                   0
 2.100                   0                   0                   0
 2.150                   0                   0                   0
 2.200                   0                   0                   0
 2.250                   0                   0                   0
 2.300                   0                   0                   0
 2.350                   0                   0                   0
 2.400                   0                   0                   0
 2.450                   0                   0                   0
 2.500                   0                   0                   0
 2.550                   0                   0                   0
 2.600                   0                   0                   0
 2.650                   0                   0                   0
 2.700                   0                   0                   0
 2.750                   0                   0                   0
 2.800                   0                   0                   0
 2.850                   0                   0                   0
 2.900                   0                   0                   0
 2.950                   0                   0                   0
 3.000                   0                   0                   0
 3.050                   0                   0                   0
 3.100                   0                   0                   0
 3.150                   0                   0                   0
 3.200                   0                   0                   0
 3.250                   0                   0                   0
 3.300                   0                   0                   0
 3.350                   0                   0                   0
 3.400                   0                   0                   0
 3.450                   0                   0                   0
 3.500                   0                   0                   0
 3.550                   0                   0                   0
 3.600                   0                   0                   0
 3.650                   0                   0                   0
 3.700                   0                   0                   0
 3.750                   0                   0                   0
 3.800                   0                   0                   0
 3.850                   0                   0                   0
 3.900                   0                   0                   0
 3.950                   0                   0                   0
 4.000                   0                   0                   0
 4.050                   0                   0                   0
 4.100                   0                   0                   0
 4.150                   0                   0                   0
 4.200                   0                   0                   0
 4.250                   0                   0                   0
 4.300                   0                   0                   0
 4.350                   0                   0                   0
 4.400                   0                   0                   0
 4.450                   0                   0                   0
 4.500                   0                   0                   0
 4.550                   0                   0                   0
 4.600                   0                   0                   0
 4.650                   0                   0                   0
 4.700                   0                   0                   0
 4.750                   0                   0                   0
 4.800                   0                   0                   0
 4.850                   0                   0                   0
 4.900                   0                   0                   0
 4.950                   0                   0                   0
