 0.000             9461766             9024023             9788526
 0.050              610732              412488              886920
 0.100              546701              487021              744835
 0.150              546398              539897              539982
 0.200              566270              561330              333246
 0.250              592070              577258              200073
 0.300              623284              604520              142536
 0.350              664417              639094              118254
 0.400              716238              684032              114847
 0.450              778078              744330              120359
 0.500              845933              814890              129786
 0.550              922804              899042              143486
 0.600             1014853              996967              158422
 0.650             1126311             1117777              175985
 0.700             1278949             1268826              195209
 0.750             1463258             1459240              218455
 0.800             1682783             1714022              246946
 0.850             1988126             2062609              282356
 0.900             2411174             2588956              330245
 0.950             3295668             9662599             2316261
 1.000           470529408           481509897           654094729
 1.050           160782465           153857311            58840950
 1.100           167393321           143837884            43630046
 1.150           123490003           117347034            39626931
 1.200            55740127            64532676            38613834
 1.250            13398643            21323980            35993904
 1.300             1431199             4146303            32071238
 1.350               98773              505675            27978328
 1.400                 248               60349            23301449
 1.450                   0               13471            18247029
 1.500                   0                4267            13367090
 1.550                   0                1435             9098385
 1.600                   0                 516             5732545
 1.650                   0                 171             3325376
 1.700                   0                  66             1727218
 1.750                   0                  31              780261
 1.800                   0                   8              289727
 1.850                   0                   2               79377
 1.900                   0                   1               13742
 1.950                   0                   2                1086
 2.000                   0                   0                  26
 2.050                   0                   0                   0
 2.100                   0                   0                   0
 2.150                   0                   0                   0
 2.200                   0                   0                   0
 2.250                   0                   0                   0
 2.300                   0                   0                   0
 2.350                   0                   0                   0
 2.400                   0                   0                   0
 2.450                   0                   0                   0
 2.500                   0                   0                   0
 2.550                   0                   0                   0
 2.600                   0                   0                   0
 2.650                   0                   0                   0
 2.700                   0                   0                   0
 2.750                   0                   0                   0
 2.800                   0                   0                   0
 2.850                   0                   0                   0
 2.900                   0                   0                   0
 2.950                   0                   0                   0
 3.000                   0                   0                   0
 3.050                   0                   0                   0
 3.100                   0                   0                   0
 3.150                   0                   0                   0
 3.200                   0                   0                   0
 3.250                   0                   0                   0
 3.300                   0                   0                   0
 3.350                   0                   0                   0
 3.400                   0                   0                   0
 3.450                   0                   0                   0
 3.500                   0                   0                   0
 3.550                   0                   0                   0
 3.600                   0                   0                   0
 3.650                   0                   0                   0
 3.700                   0                   0                   0
 3.750                   0                   0                   0
 3.800                   0                   0                   0
 3.850                   0                   0                   0
 3.900                   0                   0                   0
 3.950                   0                   0                   0
 4.000                   0                   0                   0
 4.050                   0                   0                   0
 4.100                   0                   0                   0
 4.150                   0                   0                   0
 4.200                   0                   0                   0
 4.250                   0                   0                   0
 4.300                   0                   0                   0
 4.350                   0                   0                   0
 4.400                   0                   0                   0
 4.450                   0                   0                   0
 4.500                   0                   0                   0
 4.550                   0                   0                   0
 4.600                   0                   0                   0
 4.650                   0                   0                   0
 4.700                   0                   0                   0
 4.750                   0                   0                   0
 4.800                   0                   0                   0
 4.850                   0                   0                   0
 4.900                   0                   0                   0
 4.950                   0                   0                   0
