 0.000            10091883            10220597             9789174
 0.050              472011              383792              240909
 0.100              401035              353204              161296
 0.150              386557              360369              148135
 0.200              390566              372997              153683
 0.250              402251              383926              163866
 0.300              417761              397528              173658
 0.350              437064              413584              187368
 0.400              458964              436192              202546
 0.450              484446              458674              218579
 0.500              512068              484760              234031
 0.550              546099              518402              248620
 0.600              584996              558008              264022
 0.650              629119              605417              281219
 0.700              683677              662997              302064
 0.750              746223              734988              326065
 0.800              823244              819525              356874
 0.850              921764              923464              395731
 0.900             1046263             1058682              452631
 0.950             1211762             1724479              978074
 1.000           759794971           759922262           776682852
 1.050            44339066            45340115            52210572
 1.100            43624994            43028201            30976009
 1.150            44168956            43335717            27699040
 1.200            44214457            42932786            26149943
 1.250            41432781            40719170            24962188
 1.300            21563196            22975689            22391317
 1.350             3143830             3770634            19335575
 1.400               69993              103540            14959871
 1.450                   3                 271             9345745
 1.500                   0                  23             3583260
 1.550                   0                   4              421231
 1.600                   0                   3                3851
 1.650                   0                   0                   1
 1.700                   0                   0                   0
 1.750                   0                   0                   0
 1.800                   0                   0                   0
 1.850                   0                   0                   0
 1.900                   0                   0                   0
 1.950                   0                   0                   0
 2.000                   0                   0                   0
 2.050                   0                   0                   0
 2.100                   0                   0                   0
 2.150                   0                   0                   0
 2.200                   0                   0                   0
 2.250                   0                   0                   0
 2.300                   0                   0                   0
 2.350                   0                   0                   0
 2.400                   0                   0                   0
 2.450                   0                   0                   0
 2.500                   0                   0                   0
 2.550                   0                   0                   0
 2.600                   0                   0                   0
 2.650                   0                   0                   0
 2.700                   0                   0                   0
 2.750                   0                   0                   0
 2.800                   0                   0                   0
 2.850                   0                   0                   0
 2.900                   0                   0                   0
 2.950                   0                   0                   0
 3.000                   0                   0                   0
 3.050                   0                   0                   0
 3.100                   0                   0                   0
 3.150                   0                   0                   0
 3.200                   0                   0                   0
 3.250                   0                   0                   0
 3.300                   0                   0                   0
 3.350                   0                   0                   0
 3.400                   0                   0                   0
 3.450                   0                   0                   0
 3.500                   0                   0                   0
 3.550                   0                   0                   0
 3.600                   0                   0                   0
 3.650                   0                   0                   0
 3.700                   0                   0                   0
 3.750                   0                   0                   0
 3.800                   0                   0                   0
 3.850                   0                   0                   0
 3.900                   0                   0                   0
 3.950                   0                   0                   0
 4.000                   0                   0                   0
 4.050                   0                   0                   0
 4.100                   0                   0                   0
 4.150                   0                   0                   0
 4.200                   0                   0                   0
 4.250                   0                   0                   0
 4.300                   0                   0                   0
 4.350                   0                   0                   0
 4.400                   0                   0                   0
 4.450                   0                   0                   0
 4.500                   0                   0                   0
 4.550                   0                   0                   0
 4.600                   0                   0                   0
 4.650                   0                   0                   0
 4.700                   0                   0                   0
 4.750                   0                   0                   0
 4.800                   0                   0                   0
 4.850                   0                   0                   0
 4.900                   0                   0                   0
 4.950                   0                   0                   0
