 0.000             9559831             9389196             9681503
 0.050              537199              385968              656698
 0.100              474993              414732              429519
 0.150              466535              446505              247074
 0.200              476209              464274              155342
 0.250              495990              476726              124699
 0.300              522234              493500              124408
 0.350              552191              523147              129902
 0.400              590139              561458              137750
 0.450              636988              606793              148913
 0.500              689963              661629              163125
 0.550              750833              726907              177361
 0.600              825247              800732              193404
 0.650              908163              892196              211172
 0.700             1006581             1002997              229670
 0.750             1137189             1139109              251361
 0.800             1296282             1316056              280253
 0.850             1527963             1552558              315024
 0.900             1834459             1881734              364638
 0.950             2312688             4546568             1365429
 1.000           610735644           615065453           714509334
 1.050            83868677            85160379            52416839
 1.100            97702415            90733813            36511947
 1.150            98677214            89286868            32922603
 1.200            73930567            73236007            32155890
 1.250            27743159            34259819            30666177
 1.300             4421325             7244378            27808564
 1.350              315425              698203            24402603
 1.400                3897               29691            20150147
 1.450                   0                2016            15303117
 1.500                   0                 457            10511055
 1.550                   0                 105             6352641
 1.600                   0                  22             3223521
 1.650                   0                   3             1281351
 1.700                   0                   0              345189
 1.750                   0                   1               49390
 1.800                   0                   0                2367
 1.850                   0                   0                  20
 1.900                   0                   0                   0
 1.950                   0                   0                   0
 2.000                   0                   0                   0
 2.050                   0                   0                   0
 2.100                   0                   0                   0
 2.150                   0                   0                   0
 2.200                   0                   0                   0
 2.250                   0                   0                   0
 2.300                   0                   0                   0
 2.350                   0                   0                   0
 2.400                   0                   0                   0
 2.450                   0                   0                   0
 2.500                   0                   0                   0
 2.550                   0                   0                   0
 2.600                   0                   0                   0
 2.650                   0                   0                   0
 2.700                   0                   0                   0
 2.750                   0                   0                   0
 2.800                   0                   0                   0
 2.850                   0                   0                   0
 2.900                   0                   0                   0
 2.950                   0                   0                   0
 3.000                   0                   0                   0
 3.050                   0                   0                   0
 3.100                   0                   0                   0
 3.150                   0                   0                   0
 3.200                   0                   0                   0
 3.250                   0                   0                   0
 3.300                   0                   0                   0
 3.350                   0                   0                   0
 3.400                   0                   0                   0
 3.450                   0                   0                   0
 3.500                   0                   0                   0
 3.550                   0                   0                   0
 3.600                   0                   0                   0
 3.650                   0                   0                   0
 3.700                   0                   0                   0
 3.750                   0                   0                   0
 3.800                   0                   0                   0
 3.850                   0                   0                   0
 3.900                   0                   0                   0
 3.950                   0                   0                   0
 4.000                   0                   0                   0
 4.050                   0                   0                   0
 4.100                   0                   0                   0
 4.150                   0                   0                   0
 4.200                   0                   0                   0
 4.250                   0                   0                   0
 4.300                   0                   0                   0
 4.350                   0                   0                   0
 4.400                   0                   0                   0
 4.450                   0                   0                   0
 4.500                   0                   0                   0
 4.550                   0                   0                   0
 4.600                   0                   0                   0
 4.650                   0                   0                   0
 4.700                   0                   0                   0
 4.750                   0                   0                   0
 4.800                   0                   0                   0
 4.850                   0                   0                   0
 4.900                   0                   0                   0
 4.950                   0                   0                   0
