 0.000             9503992             9175062             9670293
 0.050              580421              399282              780919
 0.100              515830              452897              629370
 0.150              509437              499972              394378
 0.200              522451              519247              226549
 0.250              545282              533424              150332
 0.300              573294              551022              122523
 0.350              610825              581617              118416
 0.400              653597              623964              123028
 0.450              706322              679767              131524
 0.500              769926              742460              142816
 0.550              838672              816491              158162
 0.600              923451              906468              172977
 0.650             1026364             1010213              190187
 0.700             1146250             1135405              210486
 0.750             1289575             1295548              232292
 0.800             1470952             1499044              260686
 0.850             1699831             1768369              296358
 0.900             2030995             2163874              344702
 0.950             2575354             7200292             1759430
 1.000           534883430           542035585           683616827
 1.050           122199140           121133850            55838782
 1.100           135110958           119217953            39709961
 1.150           117916396           107972891            36315745
 1.200            65289146            70315427            35159157
 1.250            17884826            25447685            33541332
 1.300             2121591             4789772            30169075
 1.350              100954              485965            26323012
 1.400                 738               36986            21814979
 1.450                   0                6765            16909028
 1.500                   0                1922            12084747
 1.550                   0                 557             7878232
 1.600                   0                 164             4636817
 1.650                   0                  45             2402457
 1.700                   0                  10             1042219
 1.750                   0                   5              353599
 1.800                   0                   0               79202
 1.850                   0                   0                9041
 1.900                   0                   0                 359
 1.950                   0                   0                   1
 2.000                   0                   0                   0
 2.050                   0                   0                   0
 2.100                   0                   0                   0
 2.150                   0                   0                   0
 2.200                   0                   0                   0
 2.250                   0                   0                   0
 2.300                   0                   0                   0
 2.350                   0                   0                   0
 2.400                   0                   0                   0
 2.450                   0                   0                   0
 2.500                   0                   0                   0
 2.550                   0                   0                   0
 2.600                   0                   0                   0
 2.650                   0                   0                   0
 2.700                   0                   0                   0
 2.750                   0                   0                   0
 2.800                   0                   0                   0
 2.850                   0                   0                   0
 2.900                   0                   0                   0
 2.950                   0                   0                   0
 3.000                   0                   0                   0
 3.050                   0                   0                   0
 3.100                   0                   0                   0
 3.150                   0                   0                   0
 3.200                   0                   0                   0
 3.250                   0                   0                   0
 3.300                   0                   0                   0
 3.350                   0                   0                   0
 3.400                   0                   0                   0
 3.450                   0                   0                   0
 3.500                   0                   0                   0
 3.550                   0                   0                   0
 3.600                   0                   0                   0
 3.650                   0                   0                   0
 3.700                   0                   0                   0
 3.750                   0                   0                   0
 3.800                   0                   0                   0
 3.850                   0                   0                   0
 3.900                   0                   0                   0
 3.950                   0                   0                   0
 4.000                   0                   0                   0
 4.050                   0                   0                   0
 4.100                   0                   0                   0
 4.150                   0                   0                   0
 4.200                   0                   0                   0
 4.250                   0                   0                   0
 4.300                   0                   0                   0
 4.350                   0                   0                   0
 4.400                   0                   0                   0
 4.450                   0                   0                   0
 4.500                   0                   0                   0
 4.550                   0                   0                   0
 4.600                   0                   0                   0
 4.650                   0                   0                   0
 4.700                   0                   0                   0
 4.750                   0                   0                   0
 4.800                   0                   0                   0
 4.850                   0                   0                   0
 4.900                   0                   0                   0
 4.950                   0                   0                   0
