 0.000                4167                4210                3792
 0.050                 383                 329                 167
 0.100                 307                 273                 120
 0.150                 282                 249                 125
 0.200                 270                 261                 101
 0.250                 292                 252                 108
 0.300                 267                 267                  87
 0.350                 281                 282                 121
 0.400                 326                 323                 118
 0.450                 351                 311                 113
 0.500                 366                 326                 142
 0.550                 374                 393                 139
 0.600                 371                 381                 149
 0.650                 405                 392                 171
 0.700                 427                 446                 173
 0.750                 475                 496                 198
 0.800                 506                 501                 237
 0.850                 551                 579                 194
 0.900                 709                 679                 267
 0.950                 737                 800                 323
 1.000              902903              902960              904243
 1.050               24474               24855               26558
 1.100               20457               20113               16252
 1.150               21009               20961               13016
 1.200               21907               21293               13427
 1.250               13531               13914               12273
 1.300                3842                4085               11142
 1.350                 611                 650                9343
 1.400                   0                   0                5694
 1.450                   0                   0                1752
 1.500                   0                   0                  36
 1.550                   0                   0                   0
 1.600                   0                   0                   0
 1.650                   0                   0                   0
 1.700                   0                   0                   0
 1.750                   0                   0                   0
 1.800                   0                   0                   0
 1.850                   0                   0                   0
 1.900                   0                   0                   0
 1.950                   0                   0                   0
 2.000                   0                   0                   0
 2.050                   0                   0                   0
 2.100                   0                   0                   0
 2.150                   0                   0                   0
 2.200                   0                   0                   0
 2.250                   0                   0                   0
 2.300                   0                   0                   0
 2.350                   0                   0                   0
 2.400                   0                   0                   0
 2.450                   0                   0                   0
 2.500                   0                   0                   0
 2.550                   0                   0                   0
 2.600                   0                   0                   0
 2.650                   0                   0                   0
 2.700                   0                   0                   0
 2.750                   0                   0                   0
 2.800                   0                   0                   0
 2.850                   0                   0                   0
 2.900                   0                   0                   0
 2.950                   0                   0                   0
 3.000                   0                   0                   0
 3.050                   0                   0                   0
 3.100                   0                   0                   0
 3.150                   0                   0                   0
 3.200                   0                   0                   0
 3.250                   0                   0                   0
 3.300                   0                   0                   0
 3.350                   0                   0                   0
 3.400                   0                   0                   0
 3.450                   0                   0                   0
 3.500                   0                   0                   0
 3.550                   0                   0                   0
 3.600                   0                   0                   0
 3.650                   0                   0                   0
 3.700                   0                   0                   0
 3.750                   0                   0                   0
 3.800                   0                   0                   0
 3.850                   0                   0                   0
 3.900                   0                   0                   0
 3.950                   0                   0                   0
 4.000                   0                   0                   0
 4.050                   0                   0                   0
 4.100                   0                   0                   0
 4.150                   0                   0                   0
 4.200                   0                   0                   0
 4.250                   0                   0                   0
 4.300                   0                   0                   0
 4.350                   0                   0                   0
 4.400                   0                   0                   0
 4.450                   0                   0                   0
 4.500                   0                   0                   0
 4.550                   0                   0                   0
 4.600                   0                   0                   0
 4.650                   0                   0                   0
 4.700                   0                   0                   0
 4.750                   0                   0                   0
 4.800                   0                   0                   0
 4.850                   0                   0                   0
 4.900                   0                   0                   0
 4.950                   0                   0                   0
