 0.000                3661                3735                3519
 0.050                 358                 272                 198
 0.100                 257                 234                 144
 0.150                 256                 214                 114
 0.200                 270                 235                 122
 0.250                 265                 245                 134
 0.300                 275                 298                 124
 0.350                 257                 259                 140
 0.400                 303                 260                 165
 0.450                 280                 296                 155
 0.500                 318                 315                 190
 0.550                 346                 348                 204
 0.600                 383                 366                 187
 0.650                 409                 385                 188
 0.700                 444                 475                 247
 0.750                 487                 525                 288
 0.800                 641                 646                 273
 0.850                 651                 691                 306
 0.900                 826                 819                 321
 0.950                1093                1160                 404
 1.000              923199              923197              922509
 1.050               28432               28549               28928
 1.100               23320               22928               18702
 1.150               22998               22908               15099
 1.200                9919               10230               13876
 1.250                 912                 970               11089
 1.300                   0                   0                2934
 1.350                   0                   0                   0
 1.400                   0                   0                   0
 1.450                   0                   0                   0
 1.500                   0                   0                   0
 1.550                   0                   0                   0
 1.600                   0                   0                   0
 1.650                   0                   0                   0
 1.700                   0                   0                   0
 1.750                   0                   0                   0
 1.800                   0                   0                   0
 1.850                   0                   0                   0
 1.900                   0                   0                   0
 1.950                   0                   0                   0
 2.000                   0                   0                   0
 2.050                   0                   0                   0
 2.100                   0                   0                   0
 2.150                   0                   0                   0
 2.200                   0                   0                   0
 2.250                   0                   0                   0
 2.300                   0                   0                   0
 2.350                   0                   0                   0
 2.400                   0                   0                   0
 2.450                   0                   0                   0
 2.500                   0                   0                   0
 2.550                   0                   0                   0
 2.600                   0                   0                   0
 2.650                   0                   0                   0
 2.700                   0                   0                   0
 2.750                   0                   0                   0
 2.800                   0                   0                   0
 2.850                   0                   0                   0
 2.900                   0                   0                   0
 2.950                   0                   0                   0
 3.000                   0                   0                   0
 3.050                   0                   0                   0
 3.100                   0                   0                   0
 3.150                   0                   0                   0
 3.200                   0                   0                   0
 3.250                   0                   0                   0
 3.300                   0                   0                   0
 3.350                   0                   0                   0
 3.400                   0                   0                   0
 3.450                   0                   0                   0
 3.500                   0                   0                   0
 3.550                   0                   0                   0
 3.600                   0                   0                   0
 3.650                   0                   0                   0
 3.700                   0                   0                   0
 3.750                   0                   0                   0
 3.800                   0                   0                   0
 3.850                   0                   0                   0
 3.900                   0                   0                   0
 3.950                   0                   0                   0
 4.000                   0                   0                   0
 4.050                   0                   0                   0
 4.100                   0                   0                   0
 4.150                   0                   0                   0
 4.200                   0                   0                   0
 4.250                   0                   0                   0
 4.300                   0                   0                   0
 4.350                   0                   0                   0
 4.400                   0                   0                   0
 4.450                   0                   0                   0
 4.500                   0                   0                   0
 4.550                   0                   0                   0
 4.600                   0                   0                   0
 4.650                   0                   0                   0
 4.700                   0                   0                   0
 4.750                   0                   0                   0
 4.800                   0                   0                   0
 4.850                   0                   0                   0
 4.900                   0                   0                   0
 4.950                   0                   0                   0
