 0.000             3957484             3970883             3705036
 0.050              375191              352202               56996
 0.100              315954              291068               11125
 0.150              300894              274523                6521
 0.200              299956              275668                6977
 0.250              306612              279335                8972
 0.300              317312              284686               11335
 0.350              331215              292397               14274
 0.400              346434              305862               16782
 0.450              365108              324258               18298
 0.500              387038              345777               21404
 0.550              411376              373862               24798
 0.600              440369              408468               28873
 0.650              474547              449753               33227
 0.700              515700              504796               36896
 0.750              568169              571855               40828
 0.800              635407              655544               44760
 0.850              729221              766658               50296
 0.900              862553              919476               58892
 0.950             1064532             1578893              467091
 1.000           219584658           221396011           244315157
 1.050            26167095            26163373            16790277
 1.100            30690529            28070917            11858397
 1.150            30725555            28997755            11113460
 1.200            19043058            19982196            10909029
 1.250             4953723             6049125            10489765
 1.300              564625              826153             9644376
 1.350               19906               42095             8163237
 1.400                  23                 610             6357078
 1.450                   0                  40             4576650
 1.500                   0                   5             3086246
 1.550                   0                   0             1859934
 1.600                   0                   0              764757
 1.650                   0                   0              151628
 1.700                   0                   0               10828
 1.750                   0                   0                  44
 1.800                   0                   0                   0
 1.850                   0                   0                   0
 1.900                   0                   0                   0
 1.950                   0                   0                   0
 2.000                   0                   0                   0
 2.050                   0                   0                   0
 2.100                   0                   0                   0
 2.150                   0                   0                   0
 2.200                   0                   0                   0
 2.250                   0                   0                   0
 2.300                   0                   0                   0
 2.350                   0                   0                   0
 2.400                   0                   0                   0
 2.450                   0                   0                   0
 2.500                   0                   0                   0
 2.550                   0                   0                   0
 2.600                   0                   0                   0
 2.650                   0                   0                   0
 2.700                   0                   0                   0
 2.750                   0                   0                   0
 2.800                   0                   0                   0
 2.850                   0                   0                   0
 2.900                   0                   0                   0
 2.950                   0                   0                   0
 3.000                   0                   0                   0
 3.050                   0                   0                   0
 3.100                   0                   0                   0
 3.150                   0                   0                   0
 3.200                   0                   0                   0
 3.250                   0                   0                   0
 3.300                   0                   0                   0
 3.350                   0                   0                   0
 3.400                   0                   0                   0
 3.450                   0                   0                   0
 3.500                   0                   0                   0
 3.550                   0                   0                   0
 3.600                   0                   0                   0
 3.650                   0                   0                   0
 3.700                   0                   0                   0
 3.750                   0                   0                   0
 3.800                   0                   0                   0
 3.850                   0                   0                   0
 3.900                   0                   0                   0
 3.950                   0                   0                   0
 4.000                   0                   0                   0
 4.050                   0                   0                   0
 4.100                   0                   0                   0
 4.150                   0                   0                   0
 4.200                   0                   0                   0
 4.250                   0                   0                   0
 4.300                   0                   0                   0
 4.350                   0                   0                   0
 4.400                   0                   0                   0
 4.450                   0                   0                   0
 4.500                   0                   0                   0
 4.550                   0                   0                   0
 4.600                   0                   0                   0
 4.650                   0                   0                   0
 4.700                   0                   0                   0
 4.750                   0                   0                   0
 4.800                   0                   0                   0
 4.850                   0                   0                   0
 4.900                   0                   0                   0
 4.950                   0                   0                   0
