 0.000             3088787             2756675             2971864
 0.050              392152              255610              457346
 0.100              348331              298919              374699
 0.150              345813              327892              291583
 0.200              356292              345840              219795
 0.250              373428              358073              152117
 0.300              394696              373183               94307
 0.350              422140              394160               52010
 0.400              452119              423063               25770
 0.450              486448              458187               12765
 0.500              528953              502732                8537
 0.550              578967              555889                8361
 0.600              636780              621290                9841
 0.650              706716              703565               11934
 0.700              802618              811844               13928
 0.750              929957              965394               16409
 0.800             1108070             1189861               18814
 0.850             1363275             1530850               21567
 0.900             1777374             2054953               24876
 0.950             2870660             5050705             6498245
 1.000           109194747           116768778           173060867
 1.050           116438016            98614079            22980136
 1.100            74164061            69115228            20173656
 1.150            21018321            29243760            20284068
 1.200             3906688             7696775            19159503
 1.250              315997             1352859            16518024
 1.300                4560              185479            13589506
 1.350                   1               34900            11053889
 1.400                   0               10354             8891807
 1.450                   0                3453             7028428
 1.500                   0                1163             5469027
 1.550                   0                 344             4199151
 1.600                   0                  83             3131946
 1.650                   0                  19             2252799
 1.700                   0                   6             1550996
 1.750                   0                   1             1024792
 1.800                   0                   1              640318
 1.850                   0                   0              369104
 1.900                   0                   0              193126
 1.950                   0                   0               91010
 2.000                   0                   0               38710
 2.050                   0                   0               14331
 2.100                   0                   0                4516
 2.150                   0                   0                1226
 2.200                   0                   0                 233
 2.250                   0                   0                  28
 2.300                   0                   0                   2
 2.350                   0                   0                   0
 2.400                   0                   0                   0
 2.450                   0                   0                   0
 2.500                   0                   0                   0
 2.550                   0                   0                   0
 2.600                   0                   0                   0
 2.650                   0                   0                   0
 2.700                   0                   0                   0
 2.750                   0                   0                   0
 2.800                   0                   0                   0
 2.850                   0                   0                   0
 2.900                   0                   0                   0
 2.950                   0                   0                   0
 3.000                   0                   0                   0
 3.050                   0                   0                   0
 3.100                   0                   0                   0
 3.150                   0                   0                   0
 3.200                   0                   0                   0
 3.250                   0                   0                   0
 3.300                   0                   0                   0
 3.350                   0                   0                   0
 3.400                   0                   0                   0
 3.450                   0                   0                   0
 3.500                   0                   0                   0
 3.550                   0                   0                   0
 3.600                   0                   0                   0
 3.650                   0                   0                   0
 3.700                   0                   0                   0
 3.750                   0                   0                   0
 3.800                   0                   0                   0
 3.850                   0                   0                   0
 3.900                   0                   0                   0
 3.950                   0                   0                   0
 4.000                   0                   0                   0
 4.050                   0                   0                   0
 4.100                   0                   0                   0
 4.150                   0                   0                   0
 4.200                   0                   0                   0
 4.250                   0                   0                   0
 4.300                   0                   0                   0
 4.350                   0                   0                   0
 4.400                   0                   0                   0
 4.450                   0                   0                   0
 4.500                   0                   0                   0
 4.550                   0                   0                   0
 4.600                   0                   0                   0
 4.650                   0                   0                   0
 4.700                   0                   0                   0
 4.750                   0                   0                   0
 4.800                   0                   0                   0
 4.850                   0                   0                   0
 4.900                   0                   0                   0
 4.950                   0                   0                   0
