 0.000             2732108             2358429             2741372
 0.050              382695              242848              569232
 0.100              345023              297621              446839
 0.150              345906              336040              345279
 0.200              359509              354816              266934
 0.250              379234              368569              197153
 0.300              405460              384311              136963
 0.350              433907              408415               88495
 0.400              469441              439038               53500
 0.450              511663              478571               28674
 0.500              560253              529739               15462
 0.550              614552              588957                9985
 0.600              681827              663306                8571
 0.650              766741              759400                9403
 0.700              875678              884361               10926
 0.750             1019169             1070661               13045
 0.800             1224525             1356113               14978
 0.850             1556959             1802279               17177
 0.900             2110207             2487523               19837
 0.950             3723289             5240824             8837097
 1.000           103754779           112571367           161132945
 1.050           134746180           108714902            24665895
 1.100            65641444            67441706            23042149
 1.150            16456098            25489784            22577418
 1.200             2274820             5971404            20013772
 1.250              122275             1014071            16526627
 1.300                4302              176059            13394140
 1.350                   0               44828            10905364
 1.400                   0               14700             8832437
 1.450                   0                5000             7062127
 1.500                   0                1708             5565688
 1.550                   0                 508             4336409
 1.600                   0                 138             3293807
 1.650                   0                  36             2431099
 1.700                   0                   7             1739780
 1.750                   0                   3             1206589
 1.800                   0                   2              805380
 1.850                   0                   0              507741
 1.900                   0                   0              303291
 1.950                   0                   0              167918
 2.000                   0                   0               87532
 2.050                   0                   0               40999
 2.100                   0                   0               17623
 2.150                   0                   0                6907
 2.200                   0                   0                2464
 2.250                   0                   0                 772
 2.300                   0                   0                 193
 2.350                   0                   0                  50
 2.400                   0                   0                   6
 2.450                   0                   0                   0
 2.500                   0                   0                   0
 2.550                   0                   0                   0
 2.600                   0                   0                   0
 2.650                   0                   0                   0
 2.700                   0                   0                   0
 2.750                   0                   0                   0
 2.800                   0                   0                   0
 2.850                   0                   0                   0
 2.900                   0                   0                   0
 2.950                   0                   0                   0
 3.000                   0                   0                   0
 3.050                   0                   0                   0
 3.100                   0                   0                   0
 3.150                   0                   0                   0
 3.200                   0                   0                   0
 3.250                   0                   0                   0
 3.300                   0                   0                   0
 3.350                   0                   0                   0
 3.400                   0                   0                   0
 3.450                   0                   0                   0
 3.500                   0                   0                   0
 3.550                   0                   0                   0
 3.600                   0                   0                   0
 3.650                   0                   0                   0
 3.700                   0                   0                   0
 3.750                   0                   0                   0
 3.800                   0                   0                   0
 3.850                   0                   0                   0
 3.900                   0                   0                   0
 3.950                   0                   0                   0
 4.000                   0                   0                   0
 4.050                   0                   0                   0
 4.100                   0                   0                   0
 4.150                   0                   0                   0
 4.200                   0                   0                   0
 4.250                   0                   0                   0
 4.300                   0                   0                   0
 4.350                   0                   0                   0
 4.400                   0                   0                   0
 4.450                   0                   0                   0
 4.500                   0                   0                   0
 4.550                   0                   0                   0
 4.600                   0                   0                   0
 4.650                   0                   0                   0
 4.700                   0                   0                   0
 4.750                   0                   0                   0
 4.800                   0                   0                   0
 4.850                   0                   0                   0
 4.900                   0                   0                   0
 4.950                   0                   0                   0
