 0.000             3023767             2679543             2931208
 0.050              385957              251290              479811
 0.100              344835              296887              389322
 0.150              343003              328480              303726
 0.200              355807              346711              230905
 0.250              374475              359982              163643
 0.300              399430              374020              105202
 0.350              426854              396441               60302
 0.400              457495              427074               31448
 0.450              495331              464398               15586
 0.500              537641              511025                9370
 0.550              586133              565445                8294
 0.600              647467              632603                9336
 0.650              724460              717002               11304
 0.700              816400              826550               13158
 0.750              941502              983002               15632
 0.800             1120979             1217466               18004
 0.850             1390500             1578327               20519
 0.900             1834263             2132376               23561
 0.950             3058994             5073062             7124623
 1.000           107004856           114954442           170064987
 1.050           120794797           101215169            23416032
 1.100            73011973            69168903            20845505
 1.150            20083652            28624066            20719971
 1.200             3481772             7287362            19325413
 1.250              251710             1249924            16545704
 1.300                3357              181398            13586666
 1.350                   0               37431            11052009
 1.400                   0               11353             8905307
 1.450                   0                3883             7057568
 1.500                   0                1308             5510239
 1.550                   0                 359             4248325
 1.600                   0                  98             3183308
 1.650                   0                  21             2304929
 1.700                   0                   7             1603617
 1.750                   0                   1             1072366
 1.800                   0                   1              683449
 1.850                   0                   0              402882
 1.900                   0                   0              219832
 1.950                   0                   0              107929
 2.000                   0                   0               48236
 2.050                   0                   0               19129
 2.100                   0                   0                6448
 2.150                   0                   0                2005
 2.200                   0                   0                 505
 2.250                   0                   0                  83
 2.300                   0                   0                  12
 2.350                   0                   0                   0
 2.400                   0                   0                   0
 2.450                   0                   0                   0
 2.500                   0                   0                   0
 2.550                   0                   0                   0
 2.600                   0                   0                   0
 2.650                   0                   0                   0
 2.700                   0                   0                   0
 2.750                   0                   0                   0
 2.800                   0                   0                   0
 2.850                   0                   0                   0
 2.900                   0                   0                   0
 2.950                   0                   0                   0
 3.000                   0                   0                   0
 3.050                   0                   0                   0
 3.100                   0                   0                   0
 3.150                   0                   0                   0
 3.200                   0                   0                   0
 3.250                   0                   0                   0
 3.300                   0                   0                   0
 3.350                   0                   0                   0
 3.400                   0                   0                   0
 3.450                   0                   0                   0
 3.500                   0                   0                   0
 3.550                   0                   0                   0
 3.600                   0                   0                   0
 3.650                   0                   0                   0
 3.700                   0                   0                   0
 3.750                   0                   0                   0
 3.800                   0                   0                   0
 3.850                   0                   0                   0
 3.900                   0                   0                   0
 3.950                   0                   0                   0
 4.000                   0                   0                   0
 4.050                   0                   0                   0
 4.100                   0                   0                   0
 4.150                   0                   0                   0
 4.200                   0                   0                   0
 4.250                   0                   0                   0
 4.300                   0                   0                   0
 4.350                   0                   0                   0
 4.400                   0                   0                   0
 4.450                   0                   0                   0
 4.500                   0                   0                   0
 4.550                   0                   0                   0
 4.600                   0                   0                   0
 4.650                   0                   0                   0
 4.700                   0                   0                   0
 4.750                   0                   0                   0
 4.800                   0                   0                   0
 4.850                   0                   0                   0
 4.900                   0                   0                   0
 4.950                   0                   0                   0
