 0.000             2918291             2555945             2881190
 0.050              382925              246411              515182
 0.100              344613              297155              423007
 0.150              343353              331469              323153
 0.200              358039              351146              250088
 0.250              378215              364552              182860
 0.300              401996              380857              122638
 0.350              431369              402968               76234
 0.400              462368              435152               42592
 0.450              500660              472662               21846
 0.500              544358              521680               12077
 0.550              601872              576455                8748
 0.600              668611              647556                8681
 0.650              750027              734477               10165
 0.700              855447              856357               11948
 0.750              991340             1033875               14191
 0.800             1188194             1295373               16300
 0.850             1480842             1698049               18741
 0.900             1958133             2312423               21477
 0.950             3390347             5108351             8145241
 1.000           104102516           112538686           165042694
 1.050           128425836           105817527            24081294
 1.100            70125411            68706427            22006724
 1.150            18140567            27091437            21734763
 1.200             2807639             6597202            19633026
 1.250              149701             1095850            16543483
 1.300                1967              173293            13517746
 1.350                   0               41347            10996500
 1.400                   0               13302             8895952
 1.450                   0                4506             7077413
 1.500                   0                1545             5557038
 1.550                   0                 446             4309569
 1.600                   0                 123             3252518
 1.650                   0                  26             2383071
 1.700                   0                   4             1683848
 1.750                   0                   3             1149171
 1.800                   0                   0              751925
 1.850                   0                   0              461307
 1.900                   0                   0              265419
 1.950                   0                   0              139773
 2.000                   0                   0               67996
 2.050                   0                   0               29607
 2.100                   0                   0               11679
 2.150                   0                   0                4087
 2.200                   0                   0                1292
 2.250                   0                   0                 299
 2.300                   0                   0                  74
 2.350                   0                   0                  10
 2.400                   0                   0                   0
 2.450                   0                   0                   0
 2.500                   0                   0                   0
 2.550                   0                   0                   0
 2.600                   0                   0                   0
 2.650                   0                   0                   0
 2.700                   0                   0                   0
 2.750                   0                   0                   0
 2.800                   0                   0                   0
 2.850                   0                   0                   0
 2.900                   0                   0                   0
 2.950                   0                   0                   0
 3.000                   0                   0                   0
 3.050                   0                   0                   0
 3.100                   0                   0                   0
 3.150                   0                   0                   0
 3.200                   0                   0                   0
 3.250                   0                   0                   0
 3.300                   0                   0                   0
 3.350                   0                   0                   0
 3.400                   0                   0                   0
 3.450                   0                   0                   0
 3.500                   0                   0                   0
 3.550                   0                   0                   0
 3.600                   0                   0                   0
 3.650                   0                   0                   0
 3.700                   0                   0                   0
 3.750                   0                   0                   0
 3.800                   0                   0                   0
 3.850                   0                   0                   0
 3.900                   0                   0                   0
 3.950                   0                   0                   0
 4.000                   0                   0                   0
 4.050                   0                   0                   0
 4.100                   0                   0                   0
 4.150                   0                   0                   0
 4.200                   0                   0                   0
 4.250                   0                   0                   0
 4.300                   0                   0                   0
 4.350                   0                   0                   0
 4.400                   0                   0                   0
 4.450                   0                   0                   0
 4.500                   0                   0                   0
 4.550                   0                   0                   0
 4.600                   0                   0                   0
 4.650                   0                   0                   0
 4.700                   0                   0                   0
 4.750                   0                   0                   0
 4.800                   0                   0                   0
 4.850                   0                   0                   0
 4.900                   0                   0                   0
 4.950                   0                   0                   0
