 0.000             3485042             3267841             3288044
 0.050              394846              275858              344096
 0.100              342102              288616              280193
 0.150              334731              303489              196245
 0.200              341103              319391              115178
 0.250              357076              331888               57139
 0.300              374713              348281               21982
 0.350              399355              367324                9112
 0.400              425805              391905                7472
 0.450              456053              422727                8442
 0.500              492153              461857                9983
 0.550              536168              508188               11795
 0.600              584421              564050               13862
 0.650              643023              636080               16599
 0.700              717269              726164               19409
 0.750              813171              841115               22477
 0.800              944456              998559               25748
 0.850             1134571             1232182               29136
 0.900             1435010             1598004               32948
 0.950             2006077             4115821             2572270
 1.000           130935488           137982321           195991771
 1.050            93282153            81039263            20562553
 1.100            68994793            63167922            16988886
 1.150            27187463            31901393            17210836
 1.200             6359225             9645545            17256803
 1.250              766423             1814809            15445752
 1.300               16945              187731            12928844
 1.350                  95               16670            10544745
 1.400                   0                3329             8374919
 1.450                   0                 985             6466869
 1.500                   0                 307             4882038
 1.550                   0                  90             3613796
 1.600                   0                  19             2567968
 1.650                   0                   6             1711776
 1.700                   0                   0             1056807
 1.750                   0                   0              595731
 1.800                   0                   0              295555
 1.850                   0                   0              123274
 1.900                   0                   0               43508
 1.950                   0                   0               12374
 2.000                   0                   0                2539
 2.050                   0                   0                 248
 2.100                   0                   0                   8
 2.150                   0                   0                   0
 2.200                   0                   0                   0
 2.250                   0                   0                   0
 2.300                   0                   0                   0
 2.350                   0                   0                   0
 2.400                   0                   0                   0
 2.450                   0                   0                   0
 2.500                   0                   0                   0
 2.550                   0                   0                   0
 2.600                   0                   0                   0
 2.650                   0                   0                   0
 2.700                   0                   0                   0
 2.750                   0                   0                   0
 2.800                   0                   0                   0
 2.850                   0                   0                   0
 2.900                   0                   0                   0
 2.950                   0                   0                   0
 3.000                   0                   0                   0
 3.050                   0                   0                   0
 3.100                   0                   0                   0
 3.150                   0                   0                   0
 3.200                   0                   0                   0
 3.250                   0                   0                   0
 3.300                   0                   0                   0
 3.350                   0                   0                   0
 3.400                   0                   0                   0
 3.450                   0                   0                   0
 3.500                   0                   0                   0
 3.550                   0                   0                   0
 3.600                   0                   0                   0
 3.650                   0                   0                   0
 3.700                   0                   0                   0
 3.750                   0                   0                   0
 3.800                   0                   0                   0
 3.850                   0                   0                   0
 3.900                   0                   0                   0
 3.950                   0                   0                   0
 4.000                   0                   0                   0
 4.050                   0                   0                   0
 4.100                   0                   0                   0
 4.150                   0                   0                   0
 4.200                   0                   0                   0
 4.250                   0                   0                   0
 4.300                   0                   0                   0
 4.350                   0                   0                   0
 4.400                   0                   0                   0
 4.450                   0                   0                   0
 4.500                   0                   0                   0
 4.550                   0                   0                   0
 4.600                   0                   0                   0
 4.650                   0                   0                   0
 4.700                   0                   0                   0
 4.750                   0                   0                   0
 4.800                   0                   0                   0
 4.850                   0                   0                   0
 4.900                   0                   0                   0
 4.950                   0                   0                   0
