 0.000             2327196             1941245             2430019
 0.050              364693              228817              673642
 0.100              334221              285176              514987
 0.150              337771              324282              395769
 0.200              354633              346186              308548
 0.250              377413              361992              231292
 0.300              406717              382625              165617
 0.350              437681              407512              113631
 0.400              474137              443073               75439
 0.450              516973              486526               46727
 0.500              568807              538872               27736
 0.550              629741              602289               16069
 0.600              701285              683864               10688
 0.650              792962              788419                8802
 0.700              905164              934140                8935
 0.750             1071417             1152348               10435
 0.800             1314545             1486034               11838
 0.850             1694188             2009125               13607
 0.900             2326624             2807147               15609
 0.950             4189668             5517340            10086843
 1.000           104639053           115812182           155298318
 1.050           151429977           115894218            25286819
 1.100            51472308            61163057            24628163
 1.150            12507308            21259591            23959941
 1.200             1660004             4905058            20642918
 1.250               68360              887046            16610220
 1.300                   6              177463            13209834
 1.350                   0               50768            10594468
 1.400                   0               17392             8542633
 1.450                   0                6223             6861982
 1.500                   0                1962             5464212
 1.550                   0                 628             4297600
 1.600                   0                 185             3308866
 1.650                   0                  39             2486444
 1.700                   0                  15             1822989
 1.750                   0                   8             1301947
 1.800                   0                   3              905032
 1.850                   0                   2              604184
 1.900                   0                   0              388176
 1.950                   0                   0              236842
 2.000                   0                   0              137839
 2.050                   0                   0               75175
 2.100                   0                   0               38880
 2.150                   0                   0               18898
 2.200                   0                   0                8576
 2.250                   0                   0                3626
 2.300                   0                   0                1344
 2.350                   0                   0                 481
 2.400                   0                   0                 158
 2.450                   0                   0                  41
 2.500                   0                   0                  11
 2.550                   0                   0                   1
 2.600                   0                   0                   1
 2.650                   0                   0                   0
 2.700                   0                   0                   0
 2.750                   0                   0                   0
 2.800                   0                   0                   0
 2.850                   0                   0                   0
 2.900                   0                   0                   0
 2.950                   0                   0                   0
 3.000                   0                   0                   0
 3.050                   0                   0                   0
 3.100                   0                   0                   0
 3.150                   0                   0                   0
 3.200                   0                   0                   0
 3.250                   0                   0                   0
 3.300                   0                   0                   0
 3.350                   0                   0                   0
 3.400                   0                   0                   0
 3.450                   0                   0                   0
 3.500                   0                   0                   0
 3.550                   0                   0                   0
 3.600                   0                   0                   0
 3.650                   0                   0                   0
 3.700                   0                   0                   0
 3.750                   0                   0                   0
 3.800                   0                   0                   0
 3.850                   0                   0                   0
 3.900                   0                   0                   0
 3.950                   0                   0                   0
 4.000                   0                   0                   0
 4.050                   0                   0                   0
 4.100                   0                   0                   0
 4.150                   0                   0                   0
 4.200                   0                   0                   0
 4.250                   0                   0                   0
 4.300                   0                   0                   0
 4.350                   0                   0                   0
 4.400                   0                   0                   0
 4.450                   0                   0                   0
 4.500                   0                   0                   0
 4.550                   0                   0                   0
 4.600                   0                   0                   0
 4.650                   0                   0                   0
 4.700                   0                   0                   0
 4.750                   0                   0                   0
 4.800                   0                   0                   0
 4.850                   0                   0                   0
 4.900                   0                   0                   0
 4.950                   0                   0                   0
