 0.000             2146749             1776771             2318498
 0.050              357342              218391              709180
 0.100              329918              271381              564905
 0.150              337533              311694              431811
 0.200              355089              338685              338088
 0.250              378671              360023              260479
 0.300              404150              379632              191472
 0.350              438534              406420              132929
 0.400              478195              443680               89638
 0.450              524474              487132               58264
 0.500              575047              542516               36396
 0.550              636920              608789               22507
 0.600              717161              692589               14279
 0.650              814447              804445               10331
 0.700              939312              963418                8934
 0.750             1109969             1209100                9081
 0.800             1358048             1591552               10154
 0.850             1774980             2164082               11341
 0.900             2518196             3043149               13205
 0.950             4609526             6053743            10839490
 1.000           109235715           119165623           150914334
 1.050           153553022           116679080            26579320
 1.100            46551293            58428556            25579048
 1.150            10164561            19143291            24308277
 1.200             1150550             4314438            20797148
 1.250               27204              817024            16706559
 1.300                   0              184626            13246900
 1.350                   0               56816            10580245
 1.400                   0               19548             8477550
 1.450                   0                6962             6776189
 1.500                   0                2355             5389118
 1.550                   0                 756             4250482
 1.600                   0                 230             3300325
 1.650                   0                  77             2508824
 1.700                   0                  18             1872211
 1.750                   0                   5             1361868
 1.800                   0                   7              968733
 1.850                   0                   0              666549
 1.900                   0                   2              444769
 1.950                   0                   0              285980
 2.000                   0                   0              176429
 2.050                   0                   0              104084
 2.100                   0                   0               59173
 2.150                   0                   0               31618
 2.200                   0                   0               16158
 2.250                   0                   0                7752
 2.300                   0                   0                3551
 2.350                   0                   0                1499
 2.400                   0                   0                 574
 2.450                   0                   0                 249
 2.500                   0                   0                  78
 2.550                   0                   0                  26
 2.600                   0                   0                   2
 2.650                   0                   0                   2
 2.700                   0                   0                   0
 2.750                   0                   0                   0
 2.800                   0                   0                   0
 2.850                   0                   0                   0
 2.900                   0                   0                   0
 2.950                   0                   0                   0
 3.000                   0                   0                   0
 3.050                   0                   0                   0
 3.100                   0                   0                   0
 3.150                   0                   0                   0
 3.200                   0                   0                   0
 3.250                   0                   0                   0
 3.300                   0                   0                   0
 3.350                   0                   0                   0
 3.400                   0                   0                   0
 3.450                   0                   0                   0
 3.500                   0                   0                   0
 3.550                   0                   0                   0
 3.600                   0                   0                   0
 3.650                   0                   0                   0
 3.700                   0                   0                   0
 3.750                   0                   0                   0
 3.800                   0                   0                   0
 3.850                   0                   0                   0
 3.900                   0                   0                   0
 3.950                   0                   0                   0
 4.000                   0                   0                   0
 4.050                   0                   0                   0
 4.100                   0                   0                   0
 4.150                   0                   0                   0
 4.200                   0                   0                   0
 4.250                   0                   0                   0
 4.300                   0                   0                   0
 4.350                   0                   0                   0
 4.400                   0                   0                   0
 4.450                   0                   0                   0
 4.500                   0                   0                   0
 4.550                   0                   0                   0
 4.600                   0                   0                   0
 4.650                   0                   0                   0
 4.700                   0                   0                   0
 4.750                   0                   0                   0
 4.800                   0                   0                   0
 4.850                   0                   0                   0
 4.900                   0                   0                   0
 4.950                   0                   0                   0
