 0.000             3894880             3890849             3715285
 0.050              379573              338158              121274
 0.100              322894              287726               30658
 0.150              309972              277302                8240
 0.200              312168              282648                6032
 0.250              320713              290660                7420
 0.300              334772              297926                9500
 0.350              351163              309825               11916
 0.400              370919              325215               14500
 0.450              393829              344693               16072
 0.500              419936              372167               18250
 0.550              450119              408043               21452
 0.600              484078              448586               25114
 0.650              525866              502072               29170
 0.700              571729              566568               32761
 0.750              632466              646330               36799
 0.800              713244              747541               40260
 0.850              822424              879250               45265
 0.900              990218             1065338               52454
 0.950             1254095             1953456              540815
 1.000           202407256           205231265           236466081
 1.050            34541157            33432041            17287828
 1.100            39880500            35920953            12874989
 1.150            35067510            33769437            12203506
 1.200            15342313            17290700            11905296
 1.250             3139607             4115480            11300036
 1.300              358212              578757            10199797
 1.350               13623               31763             8606943
 1.400                   0                 453             6723510
 1.450                   0                  33             4914361
 1.500                   0                   1             3420891
 1.550                   0                   0             2226593
 1.600                   0                   0             1188382
 1.650                   0                   0              407066
 1.700                   0                   0               88457
 1.750                   0                   0                8169
 1.800                   0                   0                  94
 1.850                   0                   0                   0
 1.900                   0                   0                   0
 1.950                   0                   0                   0
 2.000                   0                   0                   0
 2.050                   0                   0                   0
 2.100                   0                   0                   0
 2.150                   0                   0                   0
 2.200                   0                   0                   0
 2.250                   0                   0                   0
 2.300                   0                   0                   0
 2.350                   0                   0                   0
 2.400                   0                   0                   0
 2.450                   0                   0                   0
 2.500                   0                   0                   0
 2.550                   0                   0                   0
 2.600                   0                   0                   0
 2.650                   0                   0                   0
 2.700                   0                   0                   0
 2.750                   0                   0                   0
 2.800                   0                   0                   0
 2.850                   0                   0                   0
 2.900                   0                   0                   0
 2.950                   0                   0                   0
 3.000                   0                   0                   0
 3.050                   0                   0                   0
 3.100                   0                   0                   0
 3.150                   0                   0                   0
 3.200                   0                   0                   0
 3.250                   0                   0                   0
 3.300                   0                   0                   0
 3.350                   0                   0                   0
 3.400                   0                   0                   0
 3.450                   0                   0                   0
 3.500                   0                   0                   0
 3.550                   0                   0                   0
 3.600                   0                   0                   0
 3.650                   0                   0                   0
 3.700                   0                   0                   0
 3.750                   0                   0                   0
 3.800                   0                   0                   0
 3.850                   0                   0                   0
 3.900                   0                   0                   0
 3.950                   0                   0                   0
 4.000                   0                   0                   0
 4.050                   0                   0                   0
 4.100                   0                   0                   0
 4.150                   0                   0                   0
 4.200                   0                   0                   0
 4.250                   0                   0                   0
 4.300                   0                   0                   0
 4.350                   0                   0                   0
 4.400                   0                   0                   0
 4.450                   0                   0                   0
 4.500                   0                   0                   0
 4.550                   0                   0                   0
 4.600                   0                   0                   0
 4.650                   0                   0                   0
 4.700                   0                   0                   0
 4.750                   0                   0                   0
 4.800                   0                   0                   0
 4.850                   0                   0                   0
 4.900                   0                   0                   0
 4.950                   0                   0                   0
