 0.000             3421176             3170659             3225730
 0.050              397043              273757              368030
 0.100              346320              292055              298429
 0.150              340148              310449              221256
 0.200              347231              326721              143705
 0.250              362897              340736               79442
 0.300              382048              355918               35779
 0.350              404539              374271               14303
 0.400              434584              400909                8166
 0.450              461619              432768                7993
 0.500              499276              473498                9156
 0.550              545015              519440               10895
 0.600              595089              579075               12854
 0.650              657867              650063               15419
 0.700              740221              740956               17987
 0.750              843297              865814               20989
 0.800              983335             1042776               24014
 0.850             1175951             1294702               27479
 0.900             1487949             1681144               30973
 0.950             2099800             4319302             3225704
 1.000           124826353           132017229           190854883
 1.050            99279118            86012425            20774789
 1.100            70239512            64341453            17722187
 1.150            26088396            31402673            17886295
 1.200             5959811             9406641            17730130
 1.250              678028             1762954            15833235
 1.300               13271              193898            13175840
 1.350                   0               20605            10720984
 1.400                   0                4902             8545807
 1.450                   0                1449             6633179
 1.500                   0                 464             5047189
 1.550                   0                 151             3772442
 1.600                   0                  32             2717310
 1.650                   0                   4             1857610
 1.700                   0                   1             1183466
 1.750                   0                   0              704388
 1.800                   0                   0              376775
 1.850                   0                   0              174510
 1.900                   0                   0               69205
 1.950                   0                   0               23614
 2.000                   0                   0                6430
 2.050                   0                   0                1195
 2.100                   0                   0                 124
 2.150                   0                   0                   4
 2.200                   0                   0                   0
 2.250                   0                   0                   0
 2.300                   0                   0                   0
 2.350                   0                   0                   0
 2.400                   0                   0                   0
 2.450                   0                   0                   0
 2.500                   0                   0                   0
 2.550                   0                   0                   0
 2.600                   0                   0                   0
 2.650                   0                   0                   0
 2.700                   0                   0                   0
 2.750                   0                   0                   0
 2.800                   0                   0                   0
 2.850                   0                   0                   0
 2.900                   0                   0                   0
 2.950                   0                   0                   0
 3.000                   0                   0                   0
 3.050                   0                   0                   0
 3.100                   0                   0                   0
 3.150                   0                   0                   0
 3.200                   0                   0                   0
 3.250                   0                   0                   0
 3.300                   0                   0                   0
 3.350                   0                   0                   0
 3.400                   0                   0                   0
 3.450                   0                   0                   0
 3.500                   0                   0                   0
 3.550                   0                   0                   0
 3.600                   0                   0                   0
 3.650                   0                   0                   0
 3.700                   0                   0                   0
 3.750                   0                   0                   0
 3.800                   0                   0                   0
 3.850                   0                   0                   0
 3.900                   0                   0                   0
 3.950                   0                   0                   0
 4.000                   0                   0                   0
 4.050                   0                   0                   0
 4.100                   0                   0                   0
 4.150                   0                   0                   0
 4.200                   0                   0                   0
 4.250                   0                   0                   0
 4.300                   0                   0                   0
 4.350                   0                   0                   0
 4.400                   0                   0                   0
 4.450                   0                   0                   0
 4.500                   0                   0                   0
 4.550                   0                   0                   0
 4.600                   0                   0                   0
 4.650                   0                   0                   0
 4.700                   0                   0                   0
 4.750                   0                   0                   0
 4.800                   0                   0                   0
 4.850                   0                   0                   0
 4.900                   0                   0                   0
 4.950                   0                   0                   0
