 0.000             3244420             2941138             3085289
 0.050              397616              263294              411855
 0.100              349508              296708              340728
 0.150              344795              324534              260806
 0.200              354742              341549              187666
 0.250              369910              354319              121250
 0.300              391540              367660               67204
 0.350              417054              387908               32323
 0.400              445663              414889               14720
 0.450              477709              449564                8654
 0.500              516644              492328                8120
 0.550              566522              546471                9379
 0.600              623780              610168               11180
 0.650              694729              688407               13421
 0.700              787689              788352               15684
 0.750              907533              925723               18436
 0.800             1062537             1118797               21140
 0.850             1290443             1416840               24203
 0.900             1634676             1873785               27666
 0.950             2414662             4751394             4828835
 1.000           115639604           122731207           181020843
 1.050           107706425            92834540            21792529
 1.100            73593419            67397046            18893309
 1.150            23518115            30416512            19253848
 1.200             5043253             8730337            18610865
 1.250              480640             1585170            16318451
 1.300               11221              195276            13494769
 1.350                   0               29187            10977581
 1.400                   0                8099             8786545
 1.450                   0                2501             6893985
 1.500                   0                 820             5316670
 1.550                   0                 252             4038170
 1.600                   0                  63             2969418
 1.650                   0                  10             2096301
 1.700                   0                   1             1399858
 1.750                   0                   0              891443
 1.800                   0                   0              526855
 1.850                   0                   0              279287
 1.900                   0                   0              132788
 1.950                   0                   0               55054
 2.000                   0                   0               19928
 2.050                   0                   0                6131
 2.100                   0                   0                1412
 2.150                   0                   0                 235
 2.200                   0                   0                  14
 2.250                   0                   0                   1
 2.300                   0                   0                   0
 2.350                   0                   0                   0
 2.400                   0                   0                   0
 2.450                   0                   0                   0
 2.500                   0                   0                   0
 2.550                   0                   0                   0
 2.600                   0                   0                   0
 2.650                   0                   0                   0
 2.700                   0                   0                   0
 2.750                   0                   0                   0
 2.800                   0                   0                   0
 2.850                   0                   0                   0
 2.900                   0                   0                   0
 2.950                   0                   0                   0
 3.000                   0                   0                   0
 3.050                   0                   0                   0
 3.100                   0                   0                   0
 3.150                   0                   0                   0
 3.200                   0                   0                   0
 3.250                   0                   0                   0
 3.300                   0                   0                   0
 3.350                   0                   0                   0
 3.400                   0                   0                   0
 3.450                   0                   0                   0
 3.500                   0                   0                   0
 3.550                   0                   0                   0
 3.600                   0                   0                   0
 3.650                   0                   0                   0
 3.700                   0                   0                   0
 3.750                   0                   0                   0
 3.800                   0                   0                   0
 3.850                   0                   0                   0
 3.900                   0                   0                   0
 3.950                   0                   0                   0
 4.000                   0                   0                   0
 4.050                   0                   0                   0
 4.100                   0                   0                   0
 4.150                   0                   0                   0
 4.200                   0                   0                   0
 4.250                   0                   0                   0
 4.300                   0                   0                   0
 4.350                   0                   0                   0
 4.400                   0                   0                   0
 4.450                   0                   0                   0
 4.500                   0                   0                   0
 4.550                   0                   0                   0
 4.600                   0                   0                   0
 4.650                   0                   0                   0
 4.700                   0                   0                   0
 4.750                   0                   0                   0
 4.800                   0                   0                   0
 4.850                   0                   0                   0
 4.900                   0                   0                   0
 4.950                   0                   0                   0
