 0.000             3987698             4005510             3606222
 0.050              372878              360333               17909
 0.100              308668              293853                7520
 0.150              288202              267038                7545
 0.200              285052              265485                8599
 0.250              288302              266442               10973
 0.300              295482              268408               14064
 0.350              305869              273228               17531
 0.400              318210              285758               19364
 0.450              332819              300628               22070
 0.500              350649              320867               25521
 0.550              372014              341676               29513
 0.600              394402              370942               34297
 0.650              423080              403159               38547
 0.700              455664              442983               42167
 0.750              495671              493369               45936
 0.800              549919              558067               50410
 0.850              618924              645242               56819
 0.900              718200              762127               67482
 0.950              866171             1266268              432450
 1.000           236611944           237526383           252101341
 1.050            20476549            20913667            16696700
 1.100            22589524            21252020            10787571
 1.150            23775924            22348404            10044636
 1.200            20255162            20144716            10006707
 1.250             8130817             9125885             9672322
 1.300              968661             1308964             9008855
 1.350               25355               49563             7678948
 1.400                 128                 898             5924599
 1.450                   0                  52             4159018
 1.500                   0                   3             2650898
 1.550                   0                   0             1302087
 1.600                   0                   0              263527
 1.650                   0                   0                9790
 1.700                   0                   0                   0
 1.750                   0                   0                   0
 1.800                   0                   0                   0
 1.850                   0                   0                   0
 1.900                   0                   0                   0
 1.950                   0                   0                   0
 2.000                   0                   0                   0
 2.050                   0                   0                   0
 2.100                   0                   0                   0
 2.150                   0                   0                   0
 2.200                   0                   0                   0
 2.250                   0                   0                   0
 2.300                   0                   0                   0
 2.350                   0                   0                   0
 2.400                   0                   0                   0
 2.450                   0                   0                   0
 2.500                   0                   0                   0
 2.550                   0                   0                   0
 2.600                   0                   0                   0
 2.650                   0                   0                   0
 2.700                   0                   0                   0
 2.750                   0                   0                   0
 2.800                   0                   0                   0
 2.850                   0                   0                   0
 2.900                   0                   0                   0
 2.950                   0                   0                   0
 3.000                   0                   0                   0
 3.050                   0                   0                   0
 3.100                   0                   0                   0
 3.150                   0                   0                   0
 3.200                   0                   0                   0
 3.250                   0                   0                   0
 3.300                   0                   0                   0
 3.350                   0                   0                   0
 3.400                   0                   0                   0
 3.450                   0                   0                   0
 3.500                   0                   0                   0
 3.550                   0                   0                   0
 3.600                   0                   0                   0
 3.650                   0                   0                   0
 3.700                   0                   0                   0
 3.750                   0                   0                   0
 3.800                   0                   0                   0
 3.850                   0                   0                   0
 3.900                   0                   0                   0
 3.950                   0                   0                   0
 4.000                   0                   0                   0
 4.050                   0                   0                   0
 4.100                   0                   0                   0
 4.150                   0                   0                   0
 4.200                   0                   0                   0
 4.250                   0                   0                   0
 4.300                   0                   0                   0
 4.350                   0                   0                   0
 4.400                   0                   0                   0
 4.450                   0                   0                   0
 4.500                   0                   0                   0
 4.550                   0                   0                   0
 4.600                   0                   0                   0
 4.650                   0                   0                   0
 4.700                   0                   0                   0
 4.750                   0                   0                   0
 4.800                   0                   0                   0
 4.850                   0                   0                   0
 4.900                   0                   0                   0
 4.950                   0                   0                   0
