 0.000             9438282             8608212             8857553
 0.050              523846              271966              106987
 0.100              417541              380240               85427
 0.150              373785              463302               58159
 0.200              354142              496830               33230
 0.250              344473              484082               19843
 0.300              339517              448195               13396
 0.350              342982              415531               10722
 0.400              348289              396754                9608
 0.450              356878              389901                9355
 0.500              370007              396157                9607
 0.550              387418              412350               10148
 0.600              413116              432785               11048
 0.650              446250              462133               12208
 0.700              491645              503809               14032
 0.750              552536              559798               15720
 0.800              641470              643968               17690
 0.850              788959              774589               20377
 0.900             1029515              997553               23422
 0.950             1561778             1456655               27466
 1.000             5042433             4640703             3174917
 1.050             7768623             7225979             7137992
 1.100             3365027             3867868             5009484
 1.150              539335             1177816             2893874
 1.200               53982              281032             1984743
 1.250                1327               66447             1539063
 1.300                  47               21854             1268816
 1.350                  30                9308             1041953
 1.400                  16                4271              849663
 1.450                  10                1835              676935
 1.500                   5                 795              508391
 1.550                   3                 348              354691
 1.600                   6                 145              229937
 1.650                   0                  46              135843
 1.700                   3                  14               71620
 1.750                   3                   6               32617
 1.800                   1                   2               12195
 1.850                   0                   1                3552
 1.900                   0                   1                 863
 1.950                   1                   0                 122
 2.000                   0                   1                  12
 2.050                   0                   0                   1
 2.100                   0                   0                   0
 2.150                   0                   0                   0
 2.200                   0                   0                   0
 2.250                   0                   0                   0
 2.300                   0                   0                   0
 2.350                   0                   0                   0
 2.400                   1                   0                   0
 2.450                   0                   0                   0
 2.500                   0                   0                   0
 2.550                   0                   0                   0
 2.600                   0                   0                   0
 2.650                   0                   0                   0
 2.700                   0                   0                   0
 2.750                   0                   0                   0
 2.800                   0                   0                   0
 2.850                   0                   0                   0
 2.900                   0                   0                   0
 2.950                   0                   0                   0
 3.000                   0                   0                   0
 3.050                   0                   0                   0
 3.100                   0                   0                   0
 3.150                   0                   0                   0
 3.200                   0                   0                   0
 3.250                   0                   0                   0
 3.300                   0                   0                   0
 3.350                   0                   0                   0
 3.400                   0                   0                   0
 3.450                   0                   0                   0
 3.500                   0                   0                   0
 3.550                   0                   0                   0
 3.600                   0                   0                   0
 3.650                   0                   0                   0
 3.700                   0                   0                   0
 3.750                   0                   0                   0
 3.800                   0                   0                   0
 3.850                   0                   0                   0
 3.900                   0                   0                   0
 3.950                   0                   0                   0
 4.000                   0                   0                   0
 4.050                   0                   0                   0
 4.100                   0                   0                   0
 4.150                   0                   0                   0
 4.200                   0                   0                   0
 4.250                   0                   0                   0
 4.300                   0                   0                   0
 4.350                   0                   0                   0
 4.400                   0                   0                   0
 4.450                   0                   0                   0
 4.500                   0                   0                   0
 4.550                   0                   0                   0
 4.600                   0                   0                   0
 4.650                   0                   0                   0
 4.700                   0                   0                   0
 4.750                   0                   0                   0
 4.800                   0                   0                   0
 4.850                   0                   0                   0
 4.900                   0                   0                   0
 4.950                   0                   0                   0
