 0.000             9409054             8595101             8828733
 0.050              527576              276765              114891
 0.100              419815              379098               90015
 0.150              372134              455540               60263
 0.200              351401              486139               37581
 0.250              340605              474639               23100
 0.300              337441              442179               14888
 0.350              338253              411490               10941
 0.400              342438              392975                9417
 0.450              352066              385548                8844
 0.500              362960              392489                9138
 0.550              380042              405523                9606
 0.600              402008              424678               10421
 0.650              433941              454580               11424
 0.700              477109              495670               13025
 0.750              537100              553259               14519
 0.800              627563              636119               16344
 0.850              763942              766272               18899
 0.900             1008850              983987               21635
 0.950             1488229             1419297               25194
 1.000             5907476             5277190             3820893
 1.050             8379088             7774025             7163558
 1.100             2758329             3542717             5059912
 1.150              444063             1030409             2903592
 1.200               19358              224114             1894462
 1.250                 889               61736             1488008
 1.300                  52               22819             1242911
 1.350                  19                9718             1025672
 1.400                   8                4290              831952
 1.450                   0                1960              649875
 1.500                   0                 834              485788
 1.550                   0                 386              344047
 1.600                   0                 155              228354
 1.650                   0                  60              141135
 1.700                   0                  23               80940
 1.750                   0                  10               42087
 1.800                   0                   7               19049
 1.850                   0                   4                7567
 1.900                   0                   3                2337
 1.950                   0                   1                 629
 2.000                   0                   0                 145
 2.050                   0                   0                  17
 2.100                   0                   0                   1
 2.150                   0                   0                   0
 2.200                   0                   0                   0
 2.250                   0                   0                   0
 2.300                   0                   0                   0
 2.350                   0                   0                   0
 2.400                   0                   0                   0
 2.450                   0                   0                   0
 2.500                   0                   0                   0
 2.550                   0                   0                   0
 2.600                   0                   0                   0
 2.650                   0                   0                   0
 2.700                   0                   0                   0
 2.750                   0                   0                   0
 2.800                   0                   0                   0
 2.850                   0                   0                   0
 2.900                   0                   0                   0
 2.950                   0                   0                   0
 3.000                   0                   0                   0
 3.050                   0                   0                   0
 3.100                   0                   0                   0
 3.150                   0                   0                   0
 3.200                   0                   0                   0
 3.250                   0                   0                   0
 3.300                   0                   0                   0
 3.350                   0                   0                   0
 3.400                   0                   0                   0
 3.450                   0                   0                   0
 3.500                   0                   0                   0
 3.550                   0                   0                   0
 3.600                   0                   0                   0
 3.650                   0                   0                   0
 3.700                   0                   0                   0
 3.750                   0                   0                   0
 3.800                   0                   0                   0
 3.850                   0                   0                   0
 3.900                   0                   0                   0
 3.950                   0                   0                   0
 4.000                   0                   0                   0
 4.050                   0                   0                   0
 4.100                   0                   0                   0
 4.150                   0                   0                   0
 4.200                   0                   0                   0
 4.250                   0                   0                   0
 4.300                   0                   0                   0
 4.350                   0                   0                   0
 4.400                   0                   0                   0
 4.450                   0                   0                   0
 4.500                   0                   0                   0
 4.550                   0                   0                   0
 4.600                   0                   0                   0
 4.650                   0                   0                   0
 4.700                   0                   0                   0
 4.750                   0                   0                   0
 4.800                   0                   0                   0
 4.850                   0                   0                   0
 4.900                   0                   0                   0
 4.950                   0                   0                   0
