 0.000             9407408             8589328             8837500
 0.050              520136              269123               99568
 0.100              413780              368316               82296
 0.150              370144              451202               53992
 0.200              349070              486348               30462
 0.250              339004              479288               18284
 0.300              336099              447025               12891
 0.350              339318              415960               10651
 0.400              344756              397245                9733
 0.450              354709              391822                9521
 0.500              369917              397670                9954
 0.550              390923              412487               10460
 0.600              417584              434937               11432
 0.650              451148              464581               13086
 0.700              498197              504296               14538
 0.750              558419              562989               16365
 0.800              649089              644234               18529
 0.850              785267              769052               21442
 0.900              992284              974570               24739
 0.950             1420783             1368732               28719
 1.000             4601797             4350033             3124147
 1.050             7872511             7137012             6970683
 1.100             3530492             4013757             4868672
 1.150              699026             1344305             2989695
 1.200               55191              293803             2000462
 1.250                 960               62786             1555188
 1.300                  51               20939             1276158
 1.350                  11                9001             1060040
 1.400                   6                4191              877640
 1.450                   0                1798              696693
 1.500                   0                 766              516747
 1.550                   2                 301              354571
 1.600                   1                 113              222023
 1.650                   0                  40              125065
 1.700                   0                  19               60903
 1.750                   0                   5               24678
 1.800                   0                   8                8123
 1.850                   0                   0                2038
 1.900                   0                   0                 356
 1.950                   0                   0                  36
 2.000                   0                   0                   2
 2.050                   0                   0                   1
 2.100                   0                   0                   0
 2.150                   0                   0                   0
 2.200                   0                   0                   0
 2.250                   0                   1                   0
 2.300                   0                   0                   0
 2.350                   0                   0                   0
 2.400                   0                   0                   0
 2.450                   0                   0                   0
 2.500                   0                   0                   0
 2.550                   0                   0                   0
 2.600                   0                   0                   0
 2.650                   0                   0                   0
 2.700                   0                   0                   0
 2.750                   0                   0                   0
 2.800                   0                   0                   0
 2.850                   0                   0                   0
 2.900                   0                   0                   0
 2.950                   0                   0                   0
 3.000                   0                   0                   0
 3.050                   0                   0                   0
 3.100                   0                   0                   0
 3.150                   0                   0                   0
 3.200                   0                   0                   0
 3.250                   0                   0                   0
 3.300                   0                   0                   0
 3.350                   0                   0                   0
 3.400                   0                   0                   0
 3.450                   0                   0                   0
 3.500                   0                   0                   0
 3.550                   0                   0                   0
 3.600                   0                   0                   0
 3.650                   0                   0                   0
 3.700                   0                   0                   0
 3.750                   0                   0                   0
 3.800                   0                   0                   0
 3.850                   0                   0                   0
 3.900                   0                   0                   0
 3.950                   0                   0                   0
 4.000                   0                   0                   0
 4.050                   0                   0                   0
 4.100                   0                   0                   0
 4.150                   0                   0                   0
 4.200                   0                   0                   0
 4.250                   0                   0                   0
 4.300                   0                   0                   0
 4.350                   0                   0                   0
 4.400                   0                   0                   0
 4.450                   0                   0                   0
 4.500                   0                   0                   0
 4.550                   0                   0                   0
 4.600                   0                   0                   0
 4.650                   0                   0                   0
 4.700                   0                   0                   0
 4.750                   0                   0                   0
 4.800                   0                   0                   0
 4.850                   0                   0                   0
 4.900                   0                   0                   0
 4.950                   0                   0                   0
