 0.000             9166991             8372425             8605072
 0.050              488423              246945               84140
 0.100              389295              359762               57098
 0.150              346957              444970               32441
 0.200              326712              474230               20194
 0.250              316488              457680               13758
 0.300              313138              419128               10887
 0.350              313740              383867               10048
 0.400              318221              366381                9715
 0.450              327019              361836                9953
 0.500              340273              368827               10721
 0.550              357104              380626               11608
 0.600              382461              399539               12884
 0.650              415169              426118               14480
 0.700              454083              464469               16490
 0.750              510390              513924               18928
 0.800              592443              582971               21635
 0.850              704910              690635               25047
 0.900              881842              862867               28895
 0.950             1234745             1183309               33864
 1.000             3183815             3074804             2197138
 1.050             7381327             6826673             6564337
 1.100             5064070             5165399             5638634
 1.150             1396215             1993379             3237719
 1.200              163583              449271             2054451
 1.250                6300               74591             1575509
 1.300                  86               18459             1330234
 1.350                   6                7247             1107615
 1.400                   4                3222              900872
 1.450                   0                1344              693725
 1.500                   1                 587              485432
 1.550                   0                 210              294068
 1.600                   0                  74              154609
 1.650                   0                  25               66190
 1.700                   0                   9               21803
 1.750                   0                   5                4892
 1.800                   0                   0                 689
 1.850                   0                   1                  33
 1.900                   0                   1                   3
 1.950                   0                   0                   0
 2.000                   0                   0                   0
 2.050                   0                   0                   0
 2.100                   0                   1                   0
 2.150                   0                   0                   0
 2.200                   0                   0                   0
 2.250                   0                   0                   0
 2.300                   0                   0                   0
 2.350                   0                   0                   0
 2.400                   0                   0                   0
 2.450                   0                   0                   0
 2.500                   0                   0                   0
 2.550                   0                   0                   0
 2.600                   0                   0                   0
 2.650                   0                   0                   0
 2.700                   0                   0                   0
 2.750                   0                   0                   0
 2.800                   0                   0                   0
 2.850                   0                   0                   0
 2.900                   0                   0                   0
 2.950                   0                   0                   0
 3.000                   0                   0                   0
 3.050                   0                   0                   0
 3.100                   0                   0                   0
 3.150                   0                   0                   0
 3.200                   0                   0                   0
 3.250                   0                   0                   0
 3.300                   0                   0                   0
 3.350                   0                   0                   0
 3.400                   0                   0                   0
 3.450                   0                   0                   0
 3.500                   0                   0                   0
 3.550                   0                   0                   0
 3.600                   0                   0                   0
 3.650                   0                   0                   0
 3.700                   0                   0                   0
 3.750                   0                   0                   0
 3.800                   0                   0                   0
 3.850                   0                   0                   0
 3.900                   0                   0                   0
 3.950                   0                   0                   0
 4.000                   0                   0                   0
 4.050                   0                   0                   0
 4.100                   0                   0                   0
 4.150                   0                   0                   0
 4.200                   0                   0                   0
 4.250                   0                   0                   0
 4.300                   0                   0                   0
 4.350                   0                   0                   0
 4.400                   0                   0                   0
 4.450                   0                   0                   0
 4.500                   0                   0                   0
 4.550                   0                   0                   0
 4.600                   0                   0                   0
 4.650                   0                   0                   0
 4.700                   0                   0                   0
 4.750                   0                   0                   0
 4.800                   0                   0                   0
 4.850                   0                   0                   0
 4.900                   0                   0                   0
 4.950                   0                   0                   0
