 0.000             8163678             7549782             7561048
 0.050              368476              233822               77514
 0.100              304079              341079               54703
 0.150              280270              401418               38524
 0.200              272853              398824               35627
 0.250              272957              369455               35834
 0.300              278809              338183               37195
 0.350              288779              322452               39820
 0.400              301836              322260               42597
 0.450              317553              334984               46306
 0.500              337779              354216               50771
 0.550              359246              377522               56119
 0.600              386472              406576               63043
 0.650              417769              435701               70819
 0.700              459675              473657               80232
 0.750              507843              518390               91483
 0.800              572968              575062              106020
 0.850              655161              649124              123547
 0.900              771358              747865              145880
 0.950              932155              898373              175473
 1.000             1178944             1127406              216566
 1.050             1643486             1564569              356810
 1.100             4219448             4209781             3060130
 1.150             5968516             6041188             4935683
 1.200             4041050             4180262             5758624
 1.250             1104040             1218608             5461106
 1.300               72310               86729             4006579
 1.350                 122                 289             1582539
 1.400                   0                  39              165888
 1.450                   0                  11                1152
 1.500                   0                   4                   0
 1.550                   0                   1                   0
 1.600                   0                   0                   0
 1.650                   0                   0                   0
 1.700                   0                   0                   0
 1.750                   0                   0                   0
 1.800                   0                   0                   0
 1.850                   0                   0                   0
 1.900                   0                   0                   0
 1.950                   0                   0                   0
 2.000                   0                   0                   0
 2.050                   0                   0                   0
 2.100                   0                   0                   0
 2.150                   0                   0                   0
 2.200                   0                   0                   0
 2.250                   0                   0                   0
 2.300                   0                   0                   0
 2.350                   0                   0                   0
 2.400                   0                   0                   0
 2.450                   0                   0                   0
 2.500                   0                   0                   0
 2.550                   0                   0                   0
 2.600                   0                   0                   0
 2.650                   0                   0                   0
 2.700                   0                   0                   0
 2.750                   0                   0                   0
 2.800                   0                   0                   0
 2.850                   0                   0                   0
 2.900                   0                   0                   0
 2.950                   0                   0                   0
 3.000                   0                   0                   0
 3.050                   0                   0                   0
 3.100                   0                   0                   0
 3.150                   0                   0                   0
 3.200                   0                   0                   0
 3.250                   0                   0                   0
 3.300                   0                   0                   0
 3.350                   0                   0                   0
 3.400                   0                   0                   0
 3.450                   0                   0                   0
 3.500                   0                   0                   0
 3.550                   0                   0                   0
 3.600                   0                   0                   0
 3.650                   0                   0                   0
 3.700                   0                   0                   0
 3.750                   0                   0                   0
 3.800                   0                   0                   0
 3.850                   0                   0                   0
 3.900                   0                   0                   0
 3.950                   0                   0                   0
 4.000                   0                   0                   0
 4.050                   0                   0                   0
 4.100                   0                   0                   0
 4.150                   0                   0                   0
 4.200                   0                   0                   0
 4.250                   0                   0                   0
 4.300                   0                   0                   0
 4.350                   0                   0                   0
 4.400                   0                   0                   0
 4.450                   0                   0                   0
 4.500                   0                   0                   0
 4.550                   0                   0                   0
 4.600                   0                   0                   0
 4.650                   0                   0                   0
 4.700                   0                   0                   0
 4.750                   0                   0                   0
 4.800                   0                   0                   0
 4.850                   0                   0                   0
 4.900                   0                   0                   0
 4.950                   0                   0                   0
