 0.000             9544341             8717377             8949642
 0.050              533590              276351              120224
 0.100              422764              385083               94092
 0.150              377751              461015               61195
 0.200              354739              485894               36994
 0.250              342693              473767               22629
 0.300              338050              445843               15031
 0.350              338433              415089               10922
 0.400              339954              392301                8508
 0.450              347805              385125                7798
 0.500              357180              387258                7490
 0.550              370086              400107                7728
 0.600              389333              418449                8356
 0.650              417000              447609                9095
 0.700              457344              486191               10112
 0.750              510383              542331               11335
 0.800              597218              628600               13023
 0.850              741466              761217               14880
 0.900             1016682              994948               17234
 0.950             1734763             1557921               19919
 1.000             7921033             6938064             4875450
 1.050             7959047             7681702             7711389
 1.100             1975684             2901875             4773272
 1.150              195022              737923             2772983
 1.200                5503              171019             1849472
 1.250                 269               54233             1402131
 1.300                 117               22278             1146220
 1.350                  21               10189              936465
 1.400                  12                4641              756027
 1.450                   2                2117              594836
 1.500                   4                 984              453336
 1.550                   1                 427              326762
 1.600                   1                 201              222881
 1.650                   1                  83              143561
 1.700                   0                  35               86390
 1.750                   0                  23               47628
 1.800                   0                   8               24494
 1.850                   0                   6               11516
 1.900                   0                   3                4825
 1.950                   0                   1                1776
 2.000                   0                   1                 500
 2.050                   0                   1                 141
 2.100                   0                   0                  27
 2.150                   0                   0                   3
 2.200                   0                   0                   0
 2.250                   0                   2                   0
 2.300                   0                   0                   0
 2.350                   0                   0                   0
 2.400                   0                   0                   0
 2.450                   0                   0                   0
 2.500                   0                   0                   0
 2.550                   0                   0                   0
 2.600                   0                   0                   0
 2.650                   0                   0                   0
 2.700                   0                   0                   0
 2.750                   0                   0                   0
 2.800                   0                   0                   0
 2.850                   0                   0                   0
 2.900                   0                   0                   0
 2.950                   0                   0                   0
 3.000                   0                   0                   0
 3.050                   0                   0                   0
 3.100                   0                   0                   0
 3.150                   0                   0                   0
 3.200                   0                   0                   0
 3.250                   0                   0                   0
 3.300                   0                   0                   0
 3.350                   0                   0                   0
 3.400                   0                   0                   0
 3.450                   0                   0                   0
 3.500                   0                   0                   0
 3.550                   0                   0                   0
 3.600                   0                   0                   0
 3.650                   0                   0                   0
 3.700                   0                   0                   0
 3.750                   0                   0                   0
 3.800                   0                   0                   0
 3.850                   0                   0                   0
 3.900                   0                   0                   0
 3.950                   0                   0                   0
 4.000                   0                   0                   0
 4.050                   0                   0                   0
 4.100                   0                   0                   0
 4.150                   0                   0                   0
 4.200                   0                   0                   0
 4.250                   0                   0                   0
 4.300                   0                   0                   0
 4.350                   0                   0                   0
 4.400                   0                   0                   0
 4.450                   0                   0                   0
 4.500                   0                   0                   0
 4.550                   0                   0                   0
 4.600                   0                   0                   0
 4.650                   0                   0                   0
 4.700                   0                   0                   0
 4.750                   0                   0                   0
 4.800                   0                   0                   0
 4.850                   0                   0                   0
 4.900                   0                   0                   0
 4.950                   0                   0                   0
