 0.000             9622750             8769027             9017241
 0.050              539111              289805              123589
 0.100              427645              397610              100086
 0.150              380987              463963               63806
 0.200              358549              486746               38538
 0.250              347423              478657               23523
 0.300              342178              450407               15616
 0.350              343085              418941               11108
 0.400              346996              397806                8765
 0.450              353733              390346                7583
 0.500              363802              393763                7466
 0.550              379953              406410                7631
 0.600              400966              425369                7974
 0.650              430330              455167                8923
 0.700              470882              496644                9950
 0.750              529110              556868               11257
 0.800              608214              647663               12516
 0.850              736851              785130               14589
 0.900              998416             1009931               16785
 0.950             1721128             1550682               19622
 1.000             8141054             6973653             4751858
 1.050             8159854             7940986             7878591
 1.100             1709305             2747932             4957562
 1.150              132565              656963             2690152
 1.200                3666              163654             1845803
 1.250                 180               53479             1437229
 1.300                  75               22219             1155958
 1.350                  28               10124              933885
 1.400                  18                4888              749294
 1.450                   6                2189              587992
 1.500                   0                1005              447918
 1.550                   2                 460              325291
 1.600                   0                 187              225671
 1.650                   0                 105              147055
 1.700                   0                  32               89724
 1.750                   0                  25               50898
 1.800                   0                   9               26414
 1.850                   0                  10               12603
 1.900                   0                   2                5415
 1.950                   0                   1                2094
 2.000                   0                   1                 651
 2.050                   0                   0                 184
 2.100                   0                   1                  39
 2.150                   0                   1                  12
 2.200                   0                   0                   1
 2.250                   0                   0                   0
 2.300                   0                   0                   0
 2.350                   0                   1                   0
 2.400                   0                   0                   0
 2.450                   0                   0                   0
 2.500                   0                   0                   0
 2.550                   0                   0                   0
 2.600                   0                   0                   0
 2.650                   0                   0                   0
 2.700                   0                   0                   0
 2.750                   0                   0                   0
 2.800                   0                   0                   0
 2.850                   0                   0                   0
 2.900                   0                   0                   0
 2.950                   0                   0                   0
 3.000                   0                   0                   0
 3.050                   0                   0                   0
 3.100                   0                   0                   0
 3.150                   0                   0                   0
 3.200                   0                   0                   0
 3.250                   0                   0                   0
 3.300                   0                   0                   0
 3.350                   0                   0                   0
 3.400                   0                   0                   0
 3.450                   0                   0                   0
 3.500                   0                   0                   0
 3.550                   0                   0                   0
 3.600                   0                   0                   0
 3.650                   0                   0                   0
 3.700                   0                   0                   0
 3.750                   0                   0                   0
 3.800                   0                   0                   0
 3.850                   0                   0                   0
 3.900                   0                   0                   0
 3.950                   0                   0                   0
 4.000                   0                   0                   0
 4.050                   0                   0                   0
 4.100                   0                   0                   0
 4.150                   0                   0                   0
 4.200                   0                   0                   0
 4.250                   0                   0                   0
 4.300                   0                   0                   0
 4.350                   0                   0                   0
 4.400                   0                   0                   0
 4.450                   0                   0                   0
 4.500                   0                   0                   0
 4.550                   0                   0                   0
 4.600                   0                   0                   0
 4.650                   0                   0                   0
 4.700                   0                   0                   0
 4.750                   0                   0                   0
 4.800                   0                   0                   0
 4.850                   0                   0                   0
 4.900                   0                   0                   0
 4.950                   0                   0                   0
