 0.000             9362040             8542009             8773165
 0.050              514402              267014               94241
 0.100              407469              366477               79280
 0.150              363603              444532               48425
 0.200              339932              478197               27264
 0.250              327659              471406               17029
 0.300              324661              440853               12686
 0.350              325569              407270               10549
 0.400              329464              383043                9802
 0.450              337920              376374                9709
 0.500              352233              380799               10373
 0.550              370445              393164               11150
 0.600              395593              415351               12170
 0.650              426964              442893               13643
 0.700              468970              481724               15292
 0.750              528699              534818               17351
 0.800              617078              616106               19945
 0.850              751478              737503               22962
 0.900              960517              940220               26240
 0.950             1399003             1326042               30791
 1.000             4075933             3871989             2738329
 1.050             7622568             6888550             6669237
 1.100             4188393             4502912             4974986
 1.150              949886             1645419             3104507
 1.200               80737              357623             2097860
 1.250                5936               75860             1594537
 1.300                 335               22517             1325110
 1.350                  13                9445             1119521
 1.400                   3                4185              927723
 1.450                   1                1852              726170
 1.500                   0                 827              533350
 1.550                   0                 330              357407
 1.600                   0                 121              213366
 1.650                   0                  41              111244
 1.700                   0                  21               48690
 1.750                   0                   8               17377
 1.800                   0                   6                4912
 1.850                   0                   0                 978
 1.900                   0                   0                 120
 1.950                   0                   1                  10
 2.000                   0                   0                   3
 2.050                   0                   0                   0
 2.100                   0                   0                   0
 2.150                   0                   0                   0
 2.200                   0                   1                   0
 2.250                   0                   0                   0
 2.300                   0                   0                   0
 2.350                   0                   0                   0
 2.400                   0                   0                   0
 2.450                   0                   1                   0
 2.500                   0                   0                   0
 2.550                   0                   0                   0
 2.600                   0                   0                   0
 2.650                   0                   0                   0
 2.700                   0                   0                   0
 2.750                   0                   0                   0
 2.800                   0                   0                   0
 2.850                   0                   0                   0
 2.900                   0                   0                   0
 2.950                   0                   0                   0
 3.000                   0                   0                   0
 3.050                   0                   0                   0
 3.100                   0                   0                   0
 3.150                   0                   0                   0
 3.200                   0                   0                   0
 3.250                   0                   0                   0
 3.300                   0                   0                   0
 3.350                   0                   0                   0
 3.400                   0                   0                   0
 3.450                   0                   0                   0
 3.500                   0                   0                   0
 3.550                   0                   0                   0
 3.600                   0                   0                   0
 3.650                   0                   0                   0
 3.700                   0                   0                   0
 3.750                   0                   0                   0
 3.800                   0                   0                   0
 3.850                   0                   0                   0
 3.900                   0                   0                   0
 3.950                   0                   0                   0
 4.000                   0                   0                   0
 4.050                   0                   0                   0
 4.100                   0                   0                   0
 4.150                   0                   0                   0
 4.200                   0                   0                   0
 4.250                   0                   0                   0
 4.300                   0                   0                   0
 4.350                   0                   0                   0
 4.400                   0                   0                   0
 4.450                   0                   0                   0
 4.500                   0                   0                   0
 4.550                   0                   0                   0
 4.600                   0                   0                   0
 4.650                   0                   0                   0
 4.700                   0                   0                   0
 4.750                   0                   0                   0
 4.800                   0                   0                   0
 4.850                   0                   0                   0
 4.900                   0                   0                   0
 4.950                   0                   0                   0
