 0.000             8838061             8094575             8311148
 0.050              454496              189098               46068
 0.100              361734              294571               23542
 0.150              324129              393715               16460
 0.200              303097              443727               15641
 0.250              294568              439566               13886
 0.300              290985              411123               11064
 0.350              291825              377078                9990
 0.400              295896              355432               10383
 0.450              304909              348529               11027
 0.500              317612              351624               11964
 0.550              336391              362372               13597
 0.600              358423              381607               15000
 0.650              389019              406799               17250
 0.700              429628              440342               19482
 0.750              485619              487659               22428
 0.800              561902              549941               25951
 0.850              668739              644148               29458
 0.900              824161              786690               34657
 0.950             1082354             1029397               40661
 1.000             1878040             1796015              485881
 1.050             5644705             5735486             5243832
 1.100             5664010             5413356             6391272
 1.150             3205212             3394916             4253250
 1.200              954030             1280297             2485356
 1.250              149082              268602             1898753
 1.300                9115               33145             1568423
 1.350                  66                5046             1312850
 1.400                   0                1847             1035157
 1.450                   0                 691              734814
 1.500                   0                 282              412226
 1.550                   0                  88              160256
 1.600                   0                  28               33733
 1.650                   0                  15                2316
 1.700                   0                   1                  32
 1.750                   0                   0                   0
 1.800                   0                   0                   0
 1.850                   0                   0                   0
 1.900                   0                   0                   0
 1.950                   0                   0                   0
 2.000                   0                   0                   0
 2.050                   0                   0                   0
 2.100                   0                   0                   0
 2.150                   0                   0                   0
 2.200                   0                   0                   0
 2.250                   0                   0                   0
 2.300                   0                   0                   0
 2.350                   0                   0                   0
 2.400                   0                   0                   0
 2.450                   0                   0                   0
 2.500                   0                   0                   0
 2.550                   0                   0                   0
 2.600                   0                   0                   0
 2.650                   0                   0                   0
 2.700                   0                   0                   0
 2.750                   0                   0                   0
 2.800                   0                   0                   0
 2.850                   0                   0                   0
 2.900                   0                   0                   0
 2.950                   0                   0                   0
 3.000                   0                   0                   0
 3.050                   0                   0                   0
 3.100                   0                   0                   0
 3.150                   0                   0                   0
 3.200                   0                   0                   0
 3.250                   0                   0                   0
 3.300                   0                   0                   0
 3.350                   0                   0                   0
 3.400                   0                   0                   0
 3.450                   0                   0                   0
 3.500                   0                   0                   0
 3.550                   0                   0                   0
 3.600                   0                   0                   0
 3.650                   0                   0                   0
 3.700                   0                   0                   0
 3.750                   0                   0                   0
 3.800                   0                   0                   0
 3.850                   0                   0                   0
 3.900                   0                   0                   0
 3.950                   0                   0                   0
 4.000                   0                   0                   0
 4.050                   0                   0                   0
 4.100                   0                   0                   0
 4.150                   0                   0                   0
 4.200                   0                   0                   0
 4.250                   0                   0                   0
 4.300                   0                   0                   0
 4.350                   0                   0                   0
 4.400                   0                   0                   0
 4.450                   0                   0                   0
 4.500                   0                   0                   0
 4.550                   0                   0                   0
 4.600                   0                   0                   0
 4.650                   0                   0                   0
 4.700                   0                   0                   0
 4.750                   0                   0                   0
 4.800                   0                   0                   0
 4.850                   0                   0                   0
 4.900                   0                   0                   0
 4.950                   0                   0                   0
