 0.000               11363               11364               10948
 0.050                 513                 473                 416
 0.100                 424                 393                 318
 0.150                 409                 384                 314
 0.200                 422                 432                 245
 0.250                 400                 358                 200
 0.300                 448                 407                 214
 0.350                 419                 444                 225
 0.400                 474                 474                 228
 0.450                 504                 452                 249
 0.500                 507                 507                 288
 0.550                 549                 539                 303
 0.600                 582                 577                 278
 0.650                 616                 611                 334
 0.700                 673                 663                 366
 0.750                 705                 721                 394
 0.800                 741                 731                 414
 0.850                 824                 854                 396
 0.900                 879                 932                 516
 0.950                1032                1072                 549
 1.000              793465              793546              794154
 1.050               48097               48493               53021
 1.100               33303               33005               31883
 1.150               48521               47838               28291
 1.200               43609               43212               26007
 1.250               21189               21808               24232
 1.300               10746               10923               19932
 1.350                2540                2738               15425
 1.400                  46                  49               10408
 1.450                   0                   0                3297
 1.500                   0                   0                 155
 1.550                   0                   0                   0
 1.600                   0                   0                   0
 1.650                   0                   0                   0
 1.700                   0                   0                   0
 1.750                   0                   0                   0
 1.800                   0                   0                   0
 1.850                   0                   0                   0
 1.900                   0                   0                   0
 1.950                   0                   0                   0
 2.000                   0                   0                   0
 2.050                   0                   0                   0
 2.100                   0                   0                   0
 2.150                   0                   0                   0
 2.200                   0                   0                   0
 2.250                   0                   0                   0
 2.300                   0                   0                   0
 2.350                   0                   0                   0
 2.400                   0                   0                   0
 2.450                   0                   0                   0
 2.500                   0                   0                   0
 2.550                   0                   0                   0
 2.600                   0                   0                   0
 2.650                   0                   0                   0
 2.700                   0                   0                   0
 2.750                   0                   0                   0
 2.800                   0                   0                   0
 2.850                   0                   0                   0
 2.900                   0                   0                   0
 2.950                   0                   0                   0
 3.000                   0                   0                   0
 3.050                   0                   0                   0
 3.100                   0                   0                   0
 3.150                   0                   0                   0
 3.200                   0                   0                   0
 3.250                   0                   0                   0
 3.300                   0                   0                   0
 3.350                   0                   0                   0
 3.400                   0                   0                   0
 3.450                   0                   0                   0
 3.500                   0                   0                   0
 3.550                   0                   0                   0
 3.600                   0                   0                   0
 3.650                   0                   0                   0
 3.700                   0                   0                   0
 3.750                   0                   0                   0
 3.800                   0                   0                   0
 3.850                   0                   0                   0
 3.900                   0                   0                   0
 3.950                   0                   0                   0
 4.000                   0                   0                   0
 4.050                   0                   0                   0
 4.100                   0                   0                   0
 4.150                   0                   0                   0
 4.200                   0                   0                   0
 4.250                   0                   0                   0
 4.300                   0                   0                   0
 4.350                   0                   0                   0
 4.400                   0                   0                   0
 4.450                   0                   0                   0
 4.500                   0                   0                   0
 4.550                   0                   0                   0
 4.600                   0                   0                   0
 4.650                   0                   0                   0
 4.700                   0                   0                   0
 4.750                   0                   0                   0
 4.800                   0                   0                   0
 4.850                   0                   0                   0
 4.900                   0                   0                   0
 4.950                   0                   0                   0
