 0.000                9886                9812                9425
 0.050                 504                 445                 201
 0.100                 383                 394                 255
 0.150                 392                 373                 186
 0.200                 380                 370                 166
 0.250                 367                 363                 141
 0.300                 402                 389                 129
 0.350                 404                 367                 133
 0.400                 422                 393                 168
 0.450                 430                 451                 153
 0.500                 484                 493                 195
 0.550                 458                 491                 199
 0.600                 551                 544                 210
 0.650                 516                 533                 244
 0.700                 641                 590                 269
 0.750                 684                 682                 272
 0.800                 805                 769                 288
 0.850                 832                 853                 346
 0.900                 842                 879                 357
 0.950                 960                1028                 369
 1.000              786248              786436              788427
 1.050               44310               44721               50095
 1.100               34023               34072               31802
 1.150               47353               46549               29513
 1.200               43779               43322               25093
 1.250               27955               28179               25712
 1.300               14994               15410               20193
 1.350                4232                4277               17041
 1.400                 763                 815               13469
 1.450                   0                   0                7244
 1.500                   0                   0                1597
 1.550                   0                   0                 108
 1.600                   0                   0                   0
 1.650                   0                   0                   0
 1.700                   0                   0                   0
 1.750                   0                   0                   0
 1.800                   0                   0                   0
 1.850                   0                   0                   0
 1.900                   0                   0                   0
 1.950                   0                   0                   0
 2.000                   0                   0                   0
 2.050                   0                   0                   0
 2.100                   0                   0                   0
 2.150                   0                   0                   0
 2.200                   0                   0                   0
 2.250                   0                   0                   0
 2.300                   0                   0                   0
 2.350                   0                   0                   0
 2.400                   0                   0                   0
 2.450                   0                   0                   0
 2.500                   0                   0                   0
 2.550                   0                   0                   0
 2.600                   0                   0                   0
 2.650                   0                   0                   0
 2.700                   0                   0                   0
 2.750                   0                   0                   0
 2.800                   0                   0                   0
 2.850                   0                   0                   0
 2.900                   0                   0                   0
 2.950                   0                   0                   0
 3.000                   0                   0                   0
 3.050                   0                   0                   0
 3.100                   0                   0                   0
 3.150                   0                   0                   0
 3.200                   0                   0                   0
 3.250                   0                   0                   0
 3.300                   0                   0                   0
 3.350                   0                   0                   0
 3.400                   0                   0                   0
 3.450                   0                   0                   0
 3.500                   0                   0                   0
 3.550                   0                   0                   0
 3.600                   0                   0                   0
 3.650                   0                   0                   0
 3.700                   0                   0                   0
 3.750                   0                   0                   0
 3.800                   0                   0                   0
 3.850                   0                   0                   0
 3.900                   0                   0                   0
 3.950                   0                   0                   0
 4.000                   0                   0                   0
 4.050                   0                   0                   0
 4.100                   0                   0                   0
 4.150                   0                   0                   0
 4.200                   0                   0                   0
 4.250                   0                   0                   0
 4.300                   0                   0                   0
 4.350                   0                   0                   0
 4.400                   0                   0                   0
 4.450                   0                   0                   0
 4.500                   0                   0                   0
 4.550                   0                   0                   0
 4.600                   0                   0                   0
 4.650                   0                   0                   0
 4.700                   0                   0                   0
 4.750                   0                   0                   0
 4.800                   0                   0                   0
 4.850                   0                   0                   0
 4.900                   0                   0                   0
 4.950                   0                   0                   0
