 0.000             9130320             8616013             9304786
 0.050              611302              441275              539941
 0.100              543572              504053              362030
 0.150              540534              540561              245330
 0.200              555475              556992              151258
 0.250              581071              570178               93900
 0.300              615192              595764               64622
 0.350              655492              630672               51098
 0.400              704797              672579               46401
 0.450              759535              725732               44568
 0.500              821302              796947               44298
 0.550              902201              873653               44042
 0.600              993355              963250               45265
 0.650             1096346             1068659               46884
 0.700             1219797             1190450               48904
 0.750             1355355             1336188               51660
 0.800             1513786             1506795               54275
 0.850             1707430             1705264               57146
 0.900             1937844             1951093               59523
 0.950             2252495             2279102               62199
 1.000             4344594             4540024             7863307
 1.050             9491840            10359350            13522450
 1.100            15241668            14894253            12588247
 1.150            17568507            15797106             9847082
 1.200            10863238            11006062             7447116
 1.250             3991966             4961594             5665437
 1.300              459380             1217766             4622198
 1.350               31988              165186             3891584
 1.400                  32               18328             3265101
 1.450                   1                3676             2707239
 1.500                   0                1197             2227354
 1.550                   0                 381             1785261
 1.600                   0                 164             1364002
 1.650                   0                  65              982299
 1.700                   0                  23              647158
 1.750                   0                  16              373863
 1.800                   0                   2              182983
 1.850                   0                   2               69613
 1.900                   0                   0               17691
 1.950                   0                   0                2228
 2.000                   0                   0                  72
 2.050                   0                   0                   0
 2.100                   0                   0                   0
 2.150                   0                   0                   0
 2.200                   0                   0                   0
 2.250                   0                   0                   0
 2.300                   0                   0                   0
 2.350                   0                   0                   0
 2.400                   0                   0                   0
 2.450                   0                   0                   0
 2.500                   0                   0                   0
 2.550                   0                   0                   0
 2.600                   0                   0                   0
 2.650                   0                   0                   0
 2.700                   0                   0                   0
 2.750                   0                   0                   0
 2.800                   0                   0                   0
 2.850                   0                   0                   0
 2.900                   0                   0                   0
 2.950                   0                   0                   0
 3.000                   0                   0                   0
 3.050                   0                   0                   0
 3.100                   0                   0                   0
 3.150                   0                   0                   0
 3.200                   0                   0                   0
 3.250                   0                   0                   0
 3.300                   0                   0                   0
 3.350                   0                   0                   0
 3.400                   0                   0                   0
 3.450                   0                   0                   0
 3.500                   0                   0                   0
 3.550                   0                   0                   0
 3.600                   0                   0                   0
 3.650                   0                   0                   0
 3.700                   0                   0                   0
 3.750                   0                   0                   0
 3.800                   0                   0                   0
 3.850                   0                   0                   0
 3.900                   0                   0                   0
 3.950                   0                   0                   0
 4.000                   0                   0                   0
 4.050                   0                   0                   0
 4.100                   0                   0                   0
 4.150                   0                   0                   0
 4.200                   0                   0                   0
 4.250                   0                   0                   0
 4.300                   0                   0                   0
 4.350                   0                   0                   0
 4.400                   0                   0                   0
 4.450                   0                   0                   0
 4.500                   0                   0                   0
 4.550                   0                   0                   0
 4.600                   0                   0                   0
 4.650                   0                   0                   0
 4.700                   0                   0                   0
 4.750                   0                   0                   0
 4.800                   0                   0                   0
 4.850                   0                   0                   0
 4.900                   0                   0                   0
 4.950                   0                   0                   0
