 0.000             9104171             8550634             9336134
 0.050              621448              438877              571240
 0.100              561368              510158              359726
 0.150              559462              550216              245310
 0.200              574955              576074              162236
 0.250              606753              597953               98249
 0.300              647078              624661               65390
 0.350              693838              662704               47891
 0.400              747316              711340               41493
 0.450              810004              772978               38656
 0.500              880331              848185               37933
 0.550              957148              931757               37828
 0.600             1047017             1024341               38446
 0.650             1152723             1128568               39791
 0.700             1282366             1253591               41661
 0.750             1442119             1399202               43898
 0.800             1607778             1580165               46505
 0.850             1784739             1784268               48747
 0.900             1993163             2024369               51123
 0.950             2293448             2336879               53614
 1.000             4044805             4271173             7533746
 1.050             7664091             8714945            14592909
 1.100            16980812            16793429            13086052
 1.150            20335025            17665662             9836303
 1.200             9734686            10348329             7195546
 1.250             2395749             3750788             5498961
 1.300              259473              813898             4419155
 1.350                4678              103028             3747765
 1.400                   3               13228             3201955
 1.450                   0                3311             2674137
 1.500                   0                1158             2182106
 1.550                   0                 405             1734678
 1.600                   0                 170             1325970
 1.650                   0                  55              959276
 1.700                   0                  25              645103
 1.750                   0                  14              393240
 1.800                   0                   6              211726
 1.850                   0                   2               97753
 1.900                   0                   1               34809
 1.950                   0                   0                8413
 2.000                   0                   0                1037
 2.050                   0                   0                  35
 2.100                   0                   0                   1
 2.150                   0                   0                   0
 2.200                   0                   0                   0
 2.250                   0                   0                   0
 2.300                   0                   0                   0
 2.350                   0                   0                   0
 2.400                   0                   0                   0
 2.450                   0                   0                   0
 2.500                   0                   0                   0
 2.550                   0                   0                   0
 2.600                   0                   0                   0
 2.650                   0                   0                   0
 2.700                   0                   0                   0
 2.750                   0                   0                   0
 2.800                   0                   0                   0
 2.850                   0                   0                   0
 2.900                   0                   0                   0
 2.950                   0                   0                   0
 3.000                   0                   0                   0
 3.050                   0                   0                   0
 3.100                   0                   0                   0
 3.150                   0                   0                   0
 3.200                   0                   0                   0
 3.250                   0                   0                   0
 3.300                   0                   0                   0
 3.350                   0                   0                   0
 3.400                   0                   0                   0
 3.450                   0                   0                   0
 3.500                   0                   0                   0
 3.550                   0                   0                   0
 3.600                   0                   0                   0
 3.650                   0                   0                   0
 3.700                   0                   0                   0
 3.750                   0                   0                   0
 3.800                   0                   0                   0
 3.850                   0                   0                   0
 3.900                   0                   0                   0
 3.950                   0                   0                   0
 4.000                   0                   0                   0
 4.050                   0                   0                   0
 4.100                   0                   0                   0
 4.150                   0                   0                   0
 4.200                   0                   0                   0
 4.250                   0                   0                   0
 4.300                   0                   0                   0
 4.350                   0                   0                   0
 4.400                   0                   0                   0
 4.450                   0                   0                   0
 4.500                   0                   0                   0
 4.550                   0                   0                   0
 4.600                   0                   0                   0
 4.650                   0                   0                   0
 4.700                   0                   0                   0
 4.750                   0                   0                   0
 4.800                   0                   0                   0
 4.850                   0                   0                   0
 4.900                   0                   0                   0
 4.950                   0                   0                   0
