 0.000             9198757             8860347             9263727
 0.050              545376              433401              524847
 0.100              481735              458501              299329
 0.150              472240              469212              173687
 0.200              481776              478189              109811
 0.250              502250              486944               82014
 0.300              528363              502200               73930
 0.350              557156              530171               70538
 0.400              596869              567794               68449
 0.450              643046              611539               67705
 0.500              694523              668631               67788
 0.550              756030              731351               69509
 0.600              828878              808794               72088
 0.650              912554              896621               75980
 0.700             1009608              999467               80239
 0.750             1133991             1123119               84472
 0.800             1285570             1277852               87900
 0.850             1481694             1471097               91638
 0.900             1709065             1707705               95378
 0.950             2015305             2022970               99596
 1.000             4215409             4267194             4227819
 1.050             8047293             8509750            12182698
 1.100            11512162            11768170            12172983
 1.150            15554063            14763228            10708232
 1.200            15483035            14364832             8601086
 1.250             7435518             8243597             6716765
 1.300             1658472             2494309             5323836
 1.350              145764              347142             4354433
 1.400                3017               23012             3658466
 1.450                   0                1820             3053974
 1.500                   0                 411             2528945
 1.550                   0                 106             2001555
 1.600                   0                  34             1430994
 1.650                   0                   7              857034
 1.700                   0                   0              387103
 1.750                   0                   2              110680
 1.800                   0                   0               13949
 1.850                   0                   0                 342
 1.900                   0                   0                   0
 1.950                   0                   0                   0
 2.000                   0                   0                   0
 2.050                   0                   0                   0
 2.100                   0                   0                   0
 2.150                   0                   0                   0
 2.200                   0                   0                   0
 2.250                   0                   0                   0
 2.300                   0                   0                   0
 2.350                   0                   0                   0
 2.400                   0                   0                   0
 2.450                   0                   0                   0
 2.500                   0                   0                   0
 2.550                   0                   0                   0
 2.600                   0                   0                   0
 2.650                   0                   0                   0
 2.700                   0                   0                   0
 2.750                   0                   0                   0
 2.800                   0                   0                   0
 2.850                   0                   0                   0
 2.900                   0                   0                   0
 2.950                   0                   0                   0
 3.000                   0                   0                   0
 3.050                   0                   0                   0
 3.100                   0                   0                   0
 3.150                   0                   0                   0
 3.200                   0                   0                   0
 3.250                   0                   0                   0
 3.300                   0                   0                   0
 3.350                   0                   0                   0
 3.400                   0                   0                   0
 3.450                   0                   0                   0
 3.500                   0                   0                   0
 3.550                   0                   0                   0
 3.600                   0                   0                   0
 3.650                   0                   0                   0
 3.700                   0                   0                   0
 3.750                   0                   0                   0
 3.800                   0                   0                   0
 3.850                   0                   0                   0
 3.900                   0                   0                   0
 3.950                   0                   0                   0
 4.000                   0                   0                   0
 4.050                   0                   0                   0
 4.100                   0                   0                   0
 4.150                   0                   0                   0
 4.200                   0                   0                   0
 4.250                   0                   0                   0
 4.300                   0                   0                   0
 4.350                   0                   0                   0
 4.400                   0                   0                   0
 4.450                   0                   0                   0
 4.500                   0                   0                   0
 4.550                   0                   0                   0
 4.600                   0                   0                   0
 4.650                   0                   0                   0
 4.700                   0                   0                   0
 4.750                   0                   0                   0
 4.800                   0                   0                   0
 4.850                   0                   0                   0
 4.900                   0                   0                   0
 4.950                   0                   0                   0
