 0.000             9233240             8915978             9292403
 0.050              537840              435128              507060
 0.100              471146              452323              282464
 0.150              462934              459434              165371
 0.200              471421              466141              106291
 0.250              489725              472544               83371
 0.300              514773              487915               76976
 0.350              545880              516806               74234
 0.400              586003              552250               71718
 0.450              629319              598189               71313
 0.500              678215              652784               70977
 0.550              742553              717910               73540
 0.600              812454              796067               76594
 0.650              892406              878450               80458
 0.700              994691              980560               85326
 0.750             1114795             1104615               89935
 0.800             1274475             1260251               93048
 0.850             1455753             1447302               96812
 0.900             1682491             1674847              101233
 0.950             1971272             1981742              105578
 1.000             3928353             3973486             3627712
 1.050             7978326             8424365            12228514
 1.100            11029336            11332418            12013920
 1.150            15424169            14704735            10830412
 1.200            15684143            14570509             8706751
 1.250             8206217             8836360             6881235
 1.300             1858476             2752020             5434159
 1.350              165196              368560             4456172
 1.400                5669               25313             3731154
 1.450                   0                1784             3116993
 1.500                   0                 358             2589258
 1.550                   0                  85             2020943
 1.600                   0                  29             1408162
 1.650                   0                   5              794555
 1.700                   0                   1              318038
 1.750                   0                   7               72994
 1.800                   0                   0                5558
 1.850                   0                   0                  39
 1.900                   0                   0                   0
 1.950                   0                   0                   0
 2.000                   0                   0                   0
 2.050                   0                   0                   0
 2.100                   0                   0                   0
 2.150                   0                   0                   0
 2.200                   0                   0                   0
 2.250                   0                   0                   0
 2.300                   0                   0                   0
 2.350                   0                   0                   0
 2.400                   0                   0                   0
 2.450                   0                   0                   0
 2.500                   0                   0                   0
 2.550                   0                   0                   0
 2.600                   0                   0                   0
 2.650                   0                   0                   0
 2.700                   0                   0                   0
 2.750                   0                   0                   0
 2.800                   0                   0                   0
 2.850                   0                   0                   0
 2.900                   0                   0                   0
 2.950                   0                   0                   0
 3.000                   0                   0                   0
 3.050                   0                   0                   0
 3.100                   0                   0                   0
 3.150                   0                   0                   0
 3.200                   0                   0                   0
 3.250                   0                   0                   0
 3.300                   0                   0                   0
 3.350                   0                   0                   0
 3.400                   0                   0                   0
 3.450                   0                   0                   0
 3.500                   0                   0                   0
 3.550                   0                   0                   0
 3.600                   0                   0                   0
 3.650                   0                   0                   0
 3.700                   0                   0                   0
 3.750                   0                   0                   0
 3.800                   0                   0                   0
 3.850                   0                   0                   0
 3.900                   0                   0                   0
 3.950                   0                   0                   0
 4.000                   0                   0                   0
 4.050                   0                   0                   0
 4.100                   0                   0                   0
 4.150                   0                   0                   0
 4.200                   0                   0                   0
 4.250                   0                   0                   0
 4.300                   0                   0                   0
 4.350                   0                   0                   0
 4.400                   0                   0                   0
 4.450                   0                   0                   0
 4.500                   0                   0                   0
 4.550                   0                   0                   0
 4.600                   0                   0                   0
 4.650                   0                   0                   0
 4.700                   0                   0                   0
 4.750                   0                   0                   0
 4.800                   0                   0                   0
 4.850                   0                   0                   0
 4.900                   0                   0                   0
 4.950                   0                   0                   0
