 0.000             9182782             8817218             9245276
 0.050              548272              429583              536918
 0.100              485995              460494              314158
 0.150              477356              475036              182164
 0.200              490434              485362              115225
 0.250              514824              497370               82185
 0.300              545210              516476               71111
 0.350              575966              547654               67365
 0.400              612459              584678               65637
 0.450              657592              630277               64320
 0.500              710234              686037               64396
 0.550              771583              751868               66145
 0.600              845779              829460               67777
 0.650              933279              916869               71818
 0.700             1038371             1026684               75853
 0.750             1158282             1156095               79654
 0.800             1319535             1306465               83357
 0.850             1522949             1505713               86634
 0.900             1745573             1750872               90471
 0.950             2037008             2061773               93994
 1.000             4364385             4420245             4746562
 1.050             8039192             8537969            12195753
 1.100            11842417            12104018            12353598
 1.150            16234580            15120224            10547670
 1.200            14903336            14026281             8467871
 1.250             6830435             7705628             6575716
 1.300             1428799             2249038             5232881
 1.350              116037              312272             4272681
 1.400                1638               19917             3583894
 1.450                   0                2046             3007714
 1.500                   0                 471             2474083
 1.550                   0                 149             1976550
 1.600                   0                  47             1440223
 1.650                   0                  11              905941
 1.700                   0                   2              448039
 1.750                   0                   0              152180
 1.800                   0                   0               27027
 1.850                   0                   0                1457
 1.900                   0                   0                   4
 1.950                   0                   0                   0
 2.000                   0                   0                   0
 2.050                   0                   0                   0
 2.100                   0                   0                   0
 2.150                   0                   0                   0
 2.200                   0                   0                   0
 2.250                   0                   0                   0
 2.300                   0                   0                   0
 2.350                   0                   0                   0
 2.400                   0                   0                   0
 2.450                   0                   0                   0
 2.500                   0                   0                   0
 2.550                   0                   0                   0
 2.600                   0                   0                   0
 2.650                   0                   0                   0
 2.700                   0                   0                   0
 2.750                   0                   0                   0
 2.800                   0                   0                   0
 2.850                   0                   0                   0
 2.900                   0                   0                   0
 2.950                   0                   0                   0
 3.000                   0                   0                   0
 3.050                   0                   0                   0
 3.100                   0                   0                   0
 3.150                   0                   0                   0
 3.200                   0                   0                   0
 3.250                   0                   0                   0
 3.300                   0                   0                   0
 3.350                   0                   0                   0
 3.400                   0                   0                   0
 3.450                   0                   0                   0
 3.500                   0                   0                   0
 3.550                   0                   0                   0
 3.600                   0                   0                   0
 3.650                   0                   0                   0
 3.700                   0                   0                   0
 3.750                   0                   0                   0
 3.800                   0                   0                   0
 3.850                   0                   0                   0
 3.900                   0                   0                   0
 3.950                   0                   0                   0
 4.000                   0                   0                   0
 4.050                   0                   0                   0
 4.100                   0                   0                   0
 4.150                   0                   0                   0
 4.200                   0                   0                   0
 4.250                   0                   0                   0
 4.300                   0                   0                   0
 4.350                   0                   0                   0
 4.400                   0                   0                   0
 4.450                   0                   0                   0
 4.500                   0                   0                   0
 4.550                   0                   0                   0
 4.600                   0                   0                   0
 4.650                   0                   0                   0
 4.700                   0                   0                   0
 4.750                   0                   0                   0
 4.800                   0                   0                   0
 4.850                   0                   0                   0
 4.900                   0                   0                   0
 4.950                   0                   0                   0
