 0.000             9259120             8970294             9322381
 0.050              529222              434263              485603
 0.100              465259              445878              264853
 0.150              455330              448703              155416
 0.200              464693              456224              103582
 0.250              482398              465449               85997
 0.300              507371              483011               81103
 0.350              541927              508002               78339
 0.400              579581              544301               76079
 0.450              622606              591060               75422
 0.500              673597              646070               75592
 0.550              733196              710794               78373
 0.600              798717              779623               81985
 0.650              880405              861654               85881
 0.700              976616              962789               91439
 0.750             1096345             1085713               95928
 0.800             1249046             1235736               99222
 0.850             1423685             1415696              103624
 0.900             1628090             1632387              107892
 0.950             1887366             1910603              113044
 1.000             3643585             3694782             2959426
 1.050             7880630             8273045            12194080
 1.100            10713785            11120392            11963593
 1.150            14944271            14258631            10883672
 1.200            15895976            14792810             8947384
 1.250             9072682             9530920             7027866
 1.300             2180121             3087864             5557829
 1.350              203907              420673             4570564
 1.400                7412               27442             3792271
 1.450                   0                1681             3185609
 1.500                   0                 330             2651606
 1.550                   0                  75             2038532
 1.600                   0                  32             1370692
 1.650                   0                   4              710146
 1.700                   0                   4              240998
 1.750                   0                   4               39696
 1.800                   0                   0                1219
 1.850                   0                   0                   1
 1.900                   0                   0                   0
 1.950                   0                   0                   0
 2.000                   0                   0                   0
 2.050                   0                   0                   0
 2.100                   0                   0                   0
 2.150                   0                   0                   0
 2.200                   0                   0                   0
 2.250                   0                   0                   0
 2.300                   0                   0                   0
 2.350                   0                   0                   0
 2.400                   0                   0                   0
 2.450                   0                   0                   0
 2.500                   0                   0                   0
 2.550                   0                   0                   0
 2.600                   0                   0                   0
 2.650                   0                   0                   0
 2.700                   0                   0                   0
 2.750                   0                   0                   0
 2.800                   0                   0                   0
 2.850                   0                   0                   0
 2.900                   0                   0                   0
 2.950                   0                   0                   0
 3.000                   0                   0                   0
 3.050                   0                   0                   0
 3.100                   0                   0                   0
 3.150                   0                   0                   0
 3.200                   0                   0                   0
 3.250                   0                   0                   0
 3.300                   0                   0                   0
 3.350                   0                   0                   0
 3.400                   0                   0                   0
 3.450                   0                   0                   0
 3.500                   0                   0                   0
 3.550                   0                   0                   0
 3.600                   0                   0                   0
 3.650                   0                   0                   0
 3.700                   0                   0                   0
 3.750                   0                   0                   0
 3.800                   0                   0                   0
 3.850                   0                   0                   0
 3.900                   0                   0                   0
 3.950                   0                   0                   0
 4.000                   0                   0                   0
 4.050                   0                   0                   0
 4.100                   0                   0                   0
 4.150                   0                   0                   0
 4.200                   0                   0                   0
 4.250                   0                   0                   0
 4.300                   0                   0                   0
 4.350                   0                   0                   0
 4.400                   0                   0                   0
 4.450                   0                   0                   0
 4.500                   0                   0                   0
 4.550                   0                   0                   0
 4.600                   0                   0                   0
 4.650                   0                   0                   0
 4.700                   0                   0                   0
 4.750                   0                   0                   0
 4.800                   0                   0                   0
 4.850                   0                   0                   0
 4.900                   0                   0                   0
 4.950                   0                   0                   0
