 0.000             9137531             8666848             9247396
 0.050              588079              434298              541749
 0.100              526544              492243              357482
 0.150              523809              524399              227342
 0.200              537842              538843              135349
 0.250              561897              551407               88842
 0.300              594301              571315               64691
 0.350              633149              602866               55586
 0.400              674303              646426               52384
 0.450              724296              699813               51478
 0.500              783327              756401               50784
 0.550              853091              828027               51529
 0.600              934723              910837               52555
 0.650             1031387             1007468               54548
 0.700             1135693             1126327               57681
 0.750             1269688             1261461               60459
 0.800             1440457             1419691               63495
 0.850             1610540             1612386               66578
 0.900             1818310             1844981               69355
 0.950             2087250             2141703               72491
 1.000             4475219             4624282             6628039
 1.050             8915211             9598591            13227446
 1.100            13691793            13629635            12369393
 1.150            16963033            15456564            10126889
 1.200            12970453            12515880             7655449
 1.250             4972189             6002297             6017419
 1.300              762380             1561020             4920095
 1.350               36073              204507             4044207
 1.400                   1               17360             3346300
 1.450                   0                3182             2802838
 1.500                   0                 979             2322969
 1.550                   0                 352             1851950
 1.600                   0                 114             1409689
 1.650                   0                  47              996843
 1.700                   0                  12              616760
 1.750                   0                   3              322548
 1.800                   0                   3              131299
 1.850                   0                   1               35741
 1.900                   0                   0                4759
 1.950                   0                   0                 162
 2.000                   0                   0                   0
 2.050                   0                   0                   0
 2.100                   0                   0                   0
 2.150                   0                   0                   0
 2.200                   0                   0                   0
 2.250                   0                   0                   0
 2.300                   0                   0                   0
 2.350                   0                   0                   0
 2.400                   0                   0                   0
 2.450                   0                   0                   0
 2.500                   0                   0                   0
 2.550                   0                   0                   0
 2.600                   0                   0                   0
 2.650                   0                   0                   0
 2.700                   0                   0                   0
 2.750                   0                   0                   0
 2.800                   0                   0                   0
 2.850                   0                   0                   0
 2.900                   0                   0                   0
 2.950                   0                   0                   0
 3.000                   0                   0                   0
 3.050                   0                   0                   0
 3.100                   0                   0                   0
 3.150                   0                   0                   0
 3.200                   0                   0                   0
 3.250                   0                   0                   0
 3.300                   0                   0                   0
 3.350                   0                   0                   0
 3.400                   0                   0                   0
 3.450                   0                   0                   0
 3.500                   0                   0                   0
 3.550                   0                   0                   0
 3.600                   0                   0                   0
 3.650                   0                   0                   0
 3.700                   0                   0                   0
 3.750                   0                   0                   0
 3.800                   0                   0                   0
 3.850                   0                   0                   0
 3.900                   0                   0                   0
 3.950                   0                   0                   0
 4.000                   0                   0                   0
 4.050                   0                   0                   0
 4.100                   0                   0                   0
 4.150                   0                   0                   0
 4.200                   0                   0                   0
 4.250                   0                   0                   0
 4.300                   0                   0                   0
 4.350                   0                   0                   0
 4.400                   0                   0                   0
 4.450                   0                   0                   0
 4.500                   0                   0                   0
 4.550                   0                   0                   0
 4.600                   0                   0                   0
 4.650                   0                   0                   0
 4.700                   0                   0                   0
 4.750                   0                   0                   0
 4.800                   0                   0                   0
 4.850                   0                   0                   0
 4.900                   0                   0                   0
 4.950                   0                   0                   0
