 0.000             9142025             8652022             9265626
 0.050              589999              431828              539508
 0.100              527326              494392              359195
 0.150              524435              523976              236540
 0.200              539282              541622              139419
 0.250              566440              558280               90766
 0.300              599802              580218               64404
 0.350              639473              613573               53959
 0.400              688265              657140               50039
 0.450              739739              712432               48952
 0.500              807726              775991               48746
 0.550              881040              849065               48712
 0.600              957930              932693               49931
 0.650             1054096             1031556               51683
 0.700             1158466             1146824               54464
 0.750             1293257             1280998               57373
 0.800             1455764             1444217               60145
 0.850             1645266             1637881               62996
 0.900             1858103             1878713               65814
 0.950             2143552             2189121               68810
 1.000             4797041             4981162             6967039
 1.050             8610888             9280806            13583024
 1.100            14157747            14194277            12299925
 1.150            17376629            15532414            10018002
 1.200            12237563            12056716             7596233
 1.250             4655324             5690917             5836911
 1.300              659761             1448822             4825477
 1.350               27801              194641             4007441
 1.400                  13               17420             3319430
 1.450                   2                3360             2763354
 1.500                   0                1051             2291143
 1.550                   0                 385             1831304
 1.600                   0                 150             1396180
 1.650                   0                  53              996720
 1.700                   0                  27              631867
 1.750                   0                   7              345172
 1.800                   0                   3              151760
 1.850                   0                   2               47777
 1.900                   0                   0                8393
 1.950                   0                   0                 516
 2.000                   0                   0                   5
 2.050                   0                   0                   0
 2.100                   0                   0                   0
 2.150                   0                   0                   0
 2.200                   0                   0                   0
 2.250                   0                   0                   0
 2.300                   0                   0                   0
 2.350                   0                   0                   0
 2.400                   0                   0                   0
 2.450                   0                   0                   0
 2.500                   0                   0                   0
 2.550                   0                   0                   0
 2.600                   0                   0                   0
 2.650                   0                   0                   0
 2.700                   0                   0                   0
 2.750                   0                   0                   0
 2.800                   0                   0                   0
 2.850                   0                   0                   0
 2.900                   0                   0                   0
 2.950                   0                   0                   0
 3.000                   0                   0                   0
 3.050                   0                   0                   0
 3.100                   0                   0                   0
 3.150                   0                   0                   0
 3.200                   0                   0                   0
 3.250                   0                   0                   0
 3.300                   0                   0                   0
 3.350                   0                   0                   0
 3.400                   0                   0                   0
 3.450                   0                   0                   0
 3.500                   0                   0                   0
 3.550                   0                   0                   0
 3.600                   0                   0                   0
 3.650                   0                   0                   0
 3.700                   0                   0                   0
 3.750                   0                   0                   0
 3.800                   0                   0                   0
 3.850                   0                   0                   0
 3.900                   0                   0                   0
 3.950                   0                   0                   0
 4.000                   0                   0                   0
 4.050                   0                   0                   0
 4.100                   0                   0                   0
 4.150                   0                   0                   0
 4.200                   0                   0                   0
 4.250                   0                   0                   0
 4.300                   0                   0                   0
 4.350                   0                   0                   0
 4.400                   0                   0                   0
 4.450                   0                   0                   0
 4.500                   0                   0                   0
 4.550                   0                   0                   0
 4.600                   0                   0                   0
 4.650                   0                   0                   0
 4.700                   0                   0                   0
 4.750                   0                   0                   0
 4.800                   0                   0                   0
 4.850                   0                   0                   0
 4.900                   0                   0                   0
 4.950                   0                   0                   0
