 0.000             9098127             8532146             9340804
 0.050              626331              437766              571964
 0.100              566888              510624              358728
 0.150              566280              556546              242342
 0.200              582744              581949              161397
 0.250              610307              601508               99582
 0.300              647387              628193               64889
 0.350              695877              667600               47222
 0.400              751999              718585               39731
 0.450              817745              783830               36915
 0.500              898649              859127               35856
 0.550              983167              945964               35550
 0.600             1072416             1041814               36222
 0.650             1177401             1148273               37739
 0.700             1303550             1275054               39145
 0.750             1450659             1419658               41557
 0.800             1612414             1584558               43817
 0.850             1772972             1786442               46146
 0.900             1975698             2019166               48480
 0.950             2244421             2311945               50794
 1.000             4294876             4561057             7890979
 1.050             7778508             8673765            14407046
 1.100            16038053            16101525            13435726
 1.150            21235012            18367050             9837272
 1.200             9979543            10500444             7105252
 1.250             1939348             3493275             5395275
 1.300              181678              693174             4378629
 1.350                4234               88039             3677662
 1.400                   0               12256             3165367
 1.450                   0                3162             2658838
 1.500                   0                1090             2171721
 1.550                   0                 424             1720632
 1.600                   0                 162             1316328
 1.650                   0                  57              953418
 1.700                   0                  28              643131
 1.750                   0                  15              395097
 1.800                   0                   7              217543
 1.850                   0                   4              104422
 1.900                   0                   1               40068
 1.950                   0                   1               11079
 2.000                   0                   0                1796
 2.050                   0                   0                 122
 2.100                   0                   0                   1
 2.150                   0                   0                   0
 2.200                   0                   0                   0
 2.250                   0                   0                   0
 2.300                   0                   0                   0
 2.350                   0                   0                   0
 2.400                   0                   0                   0
 2.450                   0                   0                   0
 2.500                   0                   0                   0
 2.550                   0                   0                   0
 2.600                   0                   0                   0
 2.650                   0                   0                   0
 2.700                   0                   0                   0
 2.750                   0                   0                   0
 2.800                   0                   0                   0
 2.850                   0                   0                   0
 2.900                   0                   0                   0
 2.950                   0                   0                   0
 3.000                   0                   0                   0
 3.050                   0                   0                   0
 3.100                   0                   0                   0
 3.150                   0                   0                   0
 3.200                   0                   0                   0
 3.250                   0                   0                   0
 3.300                   0                   0                   0
 3.350                   0                   0                   0
 3.400                   0                   0                   0
 3.450                   0                   0                   0
 3.500                   0                   0                   0
 3.550                   0                   0                   0
 3.600                   0                   0                   0
 3.650                   0                   0                   0
 3.700                   0                   0                   0
 3.750                   0                   0                   0
 3.800                   0                   0                   0
 3.850                   0                   0                   0
 3.900                   0                   0                   0
 3.950                   0                   0                   0
 4.000                   0                   0                   0
 4.050                   0                   0                   0
 4.100                   0                   0                   0
 4.150                   0                   0                   0
 4.200                   0                   0                   0
 4.250                   0                   0                   0
 4.300                   0                   0                   0
 4.350                   0                   0                   0
 4.400                   0                   0                   0
 4.450                   0                   0                   0
 4.500                   0                   0                   0
 4.550                   0                   0                   0
 4.600                   0                   0                   0
 4.650                   0                   0                   0
 4.700                   0                   0                   0
 4.750                   0                   0                   0
 4.800                   0                   0                   0
 4.850                   0                   0                   0
 4.900                   0                   0                   0
 4.950                   0                   0                   0
