 0.000             9598132             9411804             9431755
 0.050              501626              450701              328099
 0.100              435707              433391              183052
 0.150              425362              422150              131497
 0.200              431476              424151              115463
 0.250              446628              429868              110267
 0.300              464680              442437              109456
 0.350              487446              458766              106829
 0.400              513101              485034              100467
 0.450              542456              516442              101921
 0.500              578950              553328              107168
 0.550              620346              596764              111926
 0.600              668301              645883              117316
 0.650              727038              708962              123864
 0.700              791905              780326              131766
 0.750              869611              862914              137068
 0.800              963478              966223              142780
 0.850             1081791             1091790              149059
 0.900             1232054             1252457              157174
 0.950             1434791             1458307              165493
 1.000             1723031             1756673              185468
 1.050             6862929             7003201             9401112
 1.100             9224686             9635227            11321232
 1.150            12526656            12508810            10955345
 1.200            15786747            14842163             9816027
 1.250            13925229            13622506             8271531
 1.300             5758455             6490515             6845046
 1.350              907600             1236692             5606814
 1.400               28704               68465             4808953
 1.450                 214                2660             4087100
 1.500                   0                 378             3224175
 1.550                   0                 101             2105048
 1.600                   0                  32              787052
 1.650                   0                   8               81566
 1.700                   0                   1                 241
 1.750                   0                   0                   0
 1.800                   0                   0                   0
 1.850                   0                   0                   0
 1.900                   0                   0                   0
 1.950                   0                   0                   0
 2.000                   0                   0                   0
 2.050                   0                   0                   0
 2.100                   0                   0                   0
 2.150                   0                   0                   0
 2.200                   0                   0                   0
 2.250                   0                   0                   0
 2.300                   0                   0                   0
 2.350                   0                   0                   0
 2.400                   0                   0                   0
 2.450                   0                   0                   0
 2.500                   0                   0                   0
 2.550                   0                   0                   0
 2.600                   0                   0                   0
 2.650                   0                   0                   0
 2.700                   0                   0                   0
 2.750                   0                   0                   0
 2.800                   0                   0                   0
 2.850                   0                   0                   0
 2.900                   0                   0                   0
 2.950                   0                   0                   0
 3.000                   0                   0                   0
 3.050                   0                   0                   0
 3.100                   0                   0                   0
 3.150                   0                   0                   0
 3.200                   0                   0                   0
 3.250                   0                   0                   0
 3.300                   0                   0                   0
 3.350                   0                   0                   0
 3.400                   0                   0                   0
 3.450                   0                   0                   0
 3.500                   0                   0                   0
 3.550                   0                   0                   0
 3.600                   0                   0                   0
 3.650                   0                   0                   0
 3.700                   0                   0                   0
 3.750                   0                   0                   0
 3.800                   0                   0                   0
 3.850                   0                   0                   0
 3.900                   0                   0                   0
 3.950                   0                   0                   0
 4.000                   0                   0                   0
 4.050                   0                   0                   0
 4.100                   0                   0                   0
 4.150                   0                   0                   0
 4.200                   0                   0                   0
 4.250                   0                   0                   0
 4.300                   0                   0                   0
 4.350                   0                   0                   0
 4.400                   0                   0                   0
 4.450                   0                   0                   0
 4.500                   0                   0                   0
 4.550                   0                   0                   0
 4.600                   0                   0                   0
 4.650                   0                   0                   0
 4.700                   0                   0                   0
 4.750                   0                   0                   0
 4.800                   0                   0                   0
 4.850                   0                   0                   0
 4.900                   0                   0                   0
 4.950                   0                   0                   0
