 0.000             9163050             8750215             9243094
 0.050              568354              431382              535873
 0.100              503015              470143              342797
 0.150              493444              491089              199561
 0.200              505626              505764              122797
 0.250              526476              519015               83452
 0.300              554837              535865               67280
 0.350              592051              564009               62036
 0.400              637108              605783               60008
 0.450              686683              654475               59077
 0.500              745308              714008               58379
 0.550              814664              790088               59898
 0.600              892858              872720               61118
 0.650              981581              965392               64630
 0.700             1088421             1079346               67682
 0.750             1213057             1211349               71356
 0.800             1370508             1362943               74715
 0.850             1557594             1554759               77895
 0.900             1787937             1797755               81454
 0.950             2088694             2111559               84823
 1.000             4657447             4751998             5670775
 1.050             8323606             8844410            12621963
 1.100            12237915            12450305            12261095
 1.150            16960663            15610055            10381192
 1.200            14130468            13392389             8071931
 1.250             5845381             6885080             6415618
 1.300             1047861             1856322             5076288
 1.350               68058              243893             4137685
 1.400                 434               17668             3462855
 1.450                   0                2410             2917368
 1.500                   0                 636             2401275
 1.550                   0                 179             1911351
 1.600                   0                  72             1440091
 1.650                   0                  17              958565
 1.700                   0                   5              536365
 1.750                   0                   1              228984
 1.800                   0                   0               63231
 1.850                   0                   0                8296
 1.900                   0                   0                 246
 1.950                   0                   0                   0
 2.000                   0                   0                   0
 2.050                   0                   0                   0
 2.100                   0                   0                   0
 2.150                   0                   0                   0
 2.200                   0                   0                   0
 2.250                   0                   0                   0
 2.300                   0                   0                   0
 2.350                   0                   0                   0
 2.400                   0                   0                   0
 2.450                   0                   0                   0
 2.500                   0                   0                   0
 2.550                   0                   0                   0
 2.600                   0                   0                   0
 2.650                   0                   0                   0
 2.700                   0                   0                   0
 2.750                   0                   0                   0
 2.800                   0                   0                   0
 2.850                   0                   0                   0
 2.900                   0                   0                   0
 2.950                   0                   0                   0
 3.000                   0                   0                   0
 3.050                   0                   0                   0
 3.100                   0                   0                   0
 3.150                   0                   0                   0
 3.200                   0                   0                   0
 3.250                   0                   0                   0
 3.300                   0                   0                   0
 3.350                   0                   0                   0
 3.400                   0                   0                   0
 3.450                   0                   0                   0
 3.500                   0                   0                   0
 3.550                   0                   0                   0
 3.600                   0                   0                   0
 3.650                   0                   0                   0
 3.700                   0                   0                   0
 3.750                   0                   0                   0
 3.800                   0                   0                   0
 3.850                   0                   0                   0
 3.900                   0                   0                   0
 3.950                   0                   0                   0
 4.000                   0                   0                   0
 4.050                   0                   0                   0
 4.100                   0                   0                   0
 4.150                   0                   0                   0
 4.200                   0                   0                   0
 4.250                   0                   0                   0
 4.300                   0                   0                   0
 4.350                   0                   0                   0
 4.400                   0                   0                   0
 4.450                   0                   0                   0
 4.500                   0                   0                   0
 4.550                   0                   0                   0
 4.600                   0                   0                   0
 4.650                   0                   0                   0
 4.700                   0                   0                   0
 4.750                   0                   0                   0
 4.800                   0                   0                   0
 4.850                   0                   0                   0
 4.900                   0                   0                   0
 4.950                   0                   0                   0
