 0.000             9432550             9198371             9411381
 0.050              513867              443349              396244
 0.100              451529              442164              215411
 0.150              441647              439140              134705
 0.200              450298              441530              107771
 0.250              469331              451197               98956
 0.300              488899              462786               96072
 0.350              516214              481835               94394
 0.400              546321              512235               91218
 0.450              584477              552400               89810
 0.500              625722              597673               92364
 0.550              672753              652072               96985
 0.600              733062              714801              101220
 0.650              803708              788277              106472
 0.700              885820              879282              113233
 0.750              985946              984323              118207
 0.800             1112004             1110670              122354
 0.850             1261521             1261151              127746
 0.900             1451613             1455117              134550
 0.950             1689485             1701630              140490
 1.000             2371641             2408760              810408
 1.050             7987377             8215549            11770846
 1.100             9765425            10253278            11410749
 1.150            13380750            13079740            11289582
 1.200            15763486            14787442             9579914
 1.250            12128317            12012798             7614838
 1.300             3756021             4651315             6122321
 1.350              387576              653437             4962889
 1.400                6516               29740             4150290
 1.450                   0                1387             3533960
 1.500                   0                 300             2878409
 1.550                   0                  95             2086013
 1.600                   0                  20             1157792
 1.650                   0                   8              365532
 1.700                   0                   3               40482
 1.750                   0                   1                 268
 1.800                   0                   0                   0
 1.850                   0                   0                   0
 1.900                   0                   0                   0
 1.950                   0                   0                   0
 2.000                   0                   0                   0
 2.050                   0                   0                   0
 2.100                   0                   0                   0
 2.150                   0                   0                   0
 2.200                   0                   0                   0
 2.250                   0                   0                   0
 2.300                   0                   0                   0
 2.350                   0                   0                   0
 2.400                   0                   0                   0
 2.450                   0                   0                   0
 2.500                   0                   0                   0
 2.550                   0                   0                   0
 2.600                   0                   0                   0
 2.650                   0                   0                   0
 2.700                   0                   0                   0
 2.750                   0                   0                   0
 2.800                   0                   0                   0
 2.850                   0                   0                   0
 2.900                   0                   0                   0
 2.950                   0                   0                   0
 3.000                   0                   0                   0
 3.050                   0                   0                   0
 3.100                   0                   0                   0
 3.150                   0                   0                   0
 3.200                   0                   0                   0
 3.250                   0                   0                   0
 3.300                   0                   0                   0
 3.350                   0                   0                   0
 3.400                   0                   0                   0
 3.450                   0                   0                   0
 3.500                   0                   0                   0
 3.550                   0                   0                   0
 3.600                   0                   0                   0
 3.650                   0                   0                   0
 3.700                   0                   0                   0
 3.750                   0                   0                   0
 3.800                   0                   0                   0
 3.850                   0                   0                   0
 3.900                   0                   0                   0
 3.950                   0                   0                   0
 4.000                   0                   0                   0
 4.050                   0                   0                   0
 4.100                   0                   0                   0
 4.150                   0                   0                   0
 4.200                   0                   0                   0
 4.250                   0                   0                   0
 4.300                   0                   0                   0
 4.350                   0                   0                   0
 4.400                   0                   0                   0
 4.450                   0                   0                   0
 4.500                   0                   0                   0
 4.550                   0                   0                   0
 4.600                   0                   0                   0
 4.650                   0                   0                   0
 4.700                   0                   0                   0
 4.750                   0                   0                   0
 4.800                   0                   0                   0
 4.850                   0                   0                   0
 4.900                   0                   0                   0
 4.950                   0                   0                   0
