 0.000             9339554             9273658             8998670
 0.050              467491              398850              286031
 0.100              385265              363418              248622
 0.150              355332              351177              166303
 0.200              348351              346741              152651
 0.250              354631              350062              157981
 0.300              366370              359101              163971
 0.350              382773              374206              176449
 0.400              400231              392632              192536
 0.450              421833              415139              207897
 0.500              447189              442238              223031
 0.550              475703              470675              229761
 0.600              510103              505773              239698
 0.650              546983              547721              259738
 0.700              594306              597350              282682
 0.750              654366              657069              316088
 0.800              725407              736238              333921
 0.850              817600              839659              348238
 0.900              943353              979319              384107
 0.950             1121806             1181208              454318
 1.000             1402217             1485889              483306
 1.050             1950022             2054331              729837
 1.100             7751567             7947103             8796303
 1.150            19728462            18981026            13265249
 1.200            31511205            30069263            15021290
 1.250             7346701             9120597            17274098
 1.300               15607              115914            16520052
 1.350                   0                6451             3451600
 1.400                   0                1239                   0
 1.450                   0                 284                   0
 1.500                   0                  71                   0
 1.550                   0                  20                   0
 1.600                   0                   6                   0
 1.650                   0                   0                   0
 1.700                   0                   0                   0
 1.750                   0                   0                   0
 1.800                   0                   0                   0
 1.850                   0                   0                   0
 1.900                   0                   0                   0
 1.950                   0                   0                   0
 2.000                   0                   0                   0
 2.050                   0                   0                   0
 2.100                   0                   0                   0
 2.150                   0                   0                   0
 2.200                   0                   0                   0
 2.250                   0                   0                   0
 2.300                   0                   0                   0
 2.350                   0                   0                   0
 2.400                   0                   0                   0
 2.450                   0                   0                   0
 2.500                   0                   0                   0
 2.550                   0                   0                   0
 2.600                   0                   0                   0
 2.650                   0                   0                   0
 2.700                   0                   0                   0
 2.750                   0                   0                   0
 2.800                   0                   0                   0
 2.850                   0                   0                   0
 2.900                   0                   0                   0
 2.950                   0                   0                   0
 3.000                   0                   0                   0
 3.050                   0                   0                   0
 3.100                   0                   0                   0
 3.150                   0                   0                   0
 3.200                   0                   0                   0
 3.250                   0                   0                   0
 3.300                   0                   0                   0
 3.350                   0                   0                   0
 3.400                   0                   0                   0
 3.450                   0                   0                   0
 3.500                   0                   0                   0
 3.550                   0                   0                   0
 3.600                   0                   0                   0
 3.650                   0                   0                   0
 3.700                   0                   0                   0
 3.750                   0                   0                   0
 3.800                   0                   0                   0
 3.850                   0                   0                   0
 3.900                   0                   0                   0
 3.950                   0                   0                   0
 4.000                   0                   0                   0
 4.050                   0                   0                   0
 4.100                   0                   0                   0
 4.150                   0                   0                   0
 4.200                   0                   0                   0
 4.250                   0                   0                   0
 4.300                   0                   0                   0
 4.350                   0                   0                   0
 4.400                   0                   0                   0
 4.450                   0                   0                   0
 4.500                   0                   0                   0
 4.550                   0                   0                   0
 4.600                   0                   0                   0
 4.650                   0                   0                   0
 4.700                   0                   0                   0
 4.750                   0                   0                   0
 4.800                   0                   0                   0
 4.850                   0                   0                   0
 4.900                   0                   0                   0
 4.950                   0                   0                   0
