 0.000             9726065             9583274             9400107
 0.050              485790              446982              257014
 0.100              414153              420743              163832
 0.150              397773              402698              136434
 0.200              401387              397806              126385
 0.250              413671              401104              125503
 0.300              429261              411089              127807
 0.350              448333              427467              114971
 0.400              468235              449604              112193
 0.450              495434              471496              119673
 0.500              522731              499087              125247
 0.550              555206              532348              130695
 0.600              594751              572361              136676
 0.650              638389              619889              146393
 0.700              691039              676072              155694
 0.750              755383              746479              162221
 0.800              831053              831262              168535
 0.850              929264              936325              178354
 0.900             1052227             1072638              188424
 0.950             1221095             1250798              201380
 1.000             1457392             1489165              213348
 1.050             4708019             4767496             5503766
 1.100             8912405             9217288            11076963
 1.150            11373604            11489049            10363845
 1.200            15122185            14460769             9915058
 1.250            16129283            15575058             9050365
 1.300             8744272             9286345             7880712
 1.350             1515710             1944875             6908277
 1.400               37566               88415             6028093
 1.450                  13                2977             5032093
 1.500                   0                 539             3652153
 1.550                   0                 126             1480453
 1.600                   0                  41               89001
 1.650                   0                  19                  24
 1.700                   0                   4                   0
 1.750                   0                   1                   0
 1.800                   0                   0                   0
 1.850                   0                   0                   0
 1.900                   0                   0                   0
 1.950                   0                   0                   0
 2.000                   0                   0                   0
 2.050                   0                   0                   0
 2.100                   0                   0                   0
 2.150                   0                   0                   0
 2.200                   0                   0                   0
 2.250                   0                   0                   0
 2.300                   0                   0                   0
 2.350                   0                   0                   0
 2.400                   0                   0                   0
 2.450                   0                   0                   0
 2.500                   0                   0                   0
 2.550                   0                   0                   0
 2.600                   0                   0                   0
 2.650                   0                   0                   0
 2.700                   0                   0                   0
 2.750                   0                   0                   0
 2.800                   0                   0                   0
 2.850                   0                   0                   0
 2.900                   0                   0                   0
 2.950                   0                   0                   0
 3.000                   0                   0                   0
 3.050                   0                   0                   0
 3.100                   0                   0                   0
 3.150                   0                   0                   0
 3.200                   0                   0                   0
 3.250                   0                   0                   0
 3.300                   0                   0                   0
 3.350                   0                   0                   0
 3.400                   0                   0                   0
 3.450                   0                   0                   0
 3.500                   0                   0                   0
 3.550                   0                   0                   0
 3.600                   0                   0                   0
 3.650                   0                   0                   0
 3.700                   0                   0                   0
 3.750                   0                   0                   0
 3.800                   0                   0                   0
 3.850                   0                   0                   0
 3.900                   0                   0                   0
 3.950                   0                   0                   0
 4.000                   0                   0                   0
 4.050                   0                   0                   0
 4.100                   0                   0                   0
 4.150                   0                   0                   0
 4.200                   0                   0                   0
 4.250                   0                   0                   0
 4.300                   0                   0                   0
 4.350                   0                   0                   0
 4.400                   0                   0                   0
 4.450                   0                   0                   0
 4.500                   0                   0                   0
 4.550                   0                   0                   0
 4.600                   0                   0                   0
 4.650                   0                   0                   0
 4.700                   0                   0                   0
 4.750                   0                   0                   0
 4.800                   0                   0                   0
 4.850                   0                   0                   0
 4.900                   0                   0                   0
 4.950                   0                   0                   0
