 0.000             9753542             9641025             9197096
 0.050              481244              429706              232609
 0.100              394232              398651              181904
 0.150              370315              377854              164188
 0.200              364986              368683              177756
 0.250              372685              369775              145743
 0.300              386011              377839              130411
 0.350              401349              389258              138551
 0.400              418526              405482              150349
 0.450              438199              426829              159310
 0.500              461748              450554              167665
 0.550              488635              478446              176065
 0.600              517494              510019              189273
 0.650              552689              545928              201585
 0.700              595190              587292              213167
 0.750              644535              640964              223114
 0.800              705848              706135              237797
 0.850              780230              785502              263264
 0.900              874564              888411              280758
 0.950              999750             1022481              293269
 1.000             1177209             1214990              320974
 1.050             1624601             1692414              798673
 1.100             6626015             6857462             8831959
 1.150            11001481            11229907            10289649
 1.200            18005837            17226567            10546060
 1.250            22455943            21403664            10800097
 1.300             8282247             9486016            11261561
 1.350              204583              452493            11085108
 1.400                   0               12531             9323901
 1.450                   0                2160             3184066
 1.500                   0                 446               13766
 1.550                   0                 137                   0
 1.600                   0                  47                   0
 1.650                   0                  16                   0
 1.700                   0                   4                   0
 1.750                   0                   0                   0
 1.800                   0                   0                   0
 1.850                   0                   0                   0
 1.900                   0                   0                   0
 1.950                   0                   0                   0
 2.000                   0                   0                   0
 2.050                   0                   0                   0
 2.100                   0                   0                   0
 2.150                   0                   0                   0
 2.200                   0                   0                   0
 2.250                   0                   0                   0
 2.300                   0                   0                   0
 2.350                   0                   0                   0
 2.400                   0                   0                   0
 2.450                   0                   0                   0
 2.500                   0                   0                   0
 2.550                   0                   0                   0
 2.600                   0                   0                   0
 2.650                   0                   0                   0
 2.700                   0                   0                   0
 2.750                   0                   0                   0
 2.800                   0                   0                   0
 2.850                   0                   0                   0
 2.900                   0                   0                   0
 2.950                   0                   0                   0
 3.000                   0                   0                   0
 3.050                   0                   0                   0
 3.100                   0                   0                   0
 3.150                   0                   0                   0
 3.200                   0                   0                   0
 3.250                   0                   0                   0
 3.300                   0                   0                   0
 3.350                   0                   0                   0
 3.400                   0                   0                   0
 3.450                   0                   0                   0
 3.500                   0                   0                   0
 3.550                   0                   0                   0
 3.600                   0                   0                   0
 3.650                   0                   0                   0
 3.700                   0                   0                   0
 3.750                   0                   0                   0
 3.800                   0                   0                   0
 3.850                   0                   0                   0
 3.900                   0                   0                   0
 3.950                   0                   0                   0
 4.000                   0                   0                   0
 4.050                   0                   0                   0
 4.100                   0                   0                   0
 4.150                   0                   0                   0
 4.200                   0                   0                   0
 4.250                   0                   0                   0
 4.300                   0                   0                   0
 4.350                   0                   0                   0
 4.400                   0                   0                   0
 4.450                   0                   0                   0
 4.500                   0                   0                   0
 4.550                   0                   0                   0
 4.600                   0                   0                   0
 4.650                   0                   0                   0
 4.700                   0                   0                   0
 4.750                   0                   0                   0
 4.800                   0                   0                   0
 4.850                   0                   0                   0
 4.900                   0                   0                   0
 4.950                   0                   0                   0
