 0.000             8880589             8878306             8930339
 0.050              451849              368684              310931
 0.100              373773              332485              169970
 0.150              347219              326957              172010
 0.200              341838              331924              179067
 0.250              347105              338853              184831
 0.300              360690              352206              190116
 0.350              377271              368504              207343
 0.400              395475              389462              235599
 0.450              420646              414025              249305
 0.500              447560              443909              253519
 0.550              479897              477600              260473
 0.600              519426              519660              276214
 0.650              565867              570274              316646
 0.700              626846              635380              358989
 0.750              699087              718196              365092
 0.800              795525              826249              374422
 0.850              929679              969316              443105
 0.900             1129880             1175148              513803
 0.950             1430851             1480107              534097
 1.000             1932067             1957660              653888
 1.050             3138178             3082432             1428240
 1.100            14676679            14502100            13734211
 1.150            34877403            33116780            19222217
 1.200            14774525            16638674            22037738
 1.250               43696              144168            17704520
 1.300                   0                3796               56936
 1.350                   0                 599                   0
 1.400                   0                 127                   0
 1.450                   0                  31                   0
 1.500                   0                   9                   0
 1.550                   0                   0                   0
 1.600                   0                   0                   0
 1.650                   0                   0                   0
 1.700                   0                   0                   0
 1.750                   0                   0                   0
 1.800                   0                   0                   0
 1.850                   0                   0                   0
 1.900                   0                   0                   0
 1.950                   0                   0                   0
 2.000                   0                   0                   0
 2.050                   0                   0                   0
 2.100                   0                   0                   0
 2.150                   0                   0                   0
 2.200                   0                   0                   0
 2.250                   0                   0                   0
 2.300                   0                   0                   0
 2.350                   0                   0                   0
 2.400                   0                   0                   0
 2.450                   0                   0                   0
 2.500                   0                   0                   0
 2.550                   0                   0                   0
 2.600                   0                   0                   0
 2.650                   0                   0                   0
 2.700                   0                   0                   0
 2.750                   0                   0                   0
 2.800                   0                   0                   0
 2.850                   0                   0                   0
 2.900                   0                   0                   0
 2.950                   0                   0                   0
 3.000                   0                   0                   0
 3.050                   0                   0                   0
 3.100                   0                   0                   0
 3.150                   0                   0                   0
 3.200                   0                   0                   0
 3.250                   0                   0                   0
 3.300                   0                   0                   0
 3.350                   0                   0                   0
 3.400                   0                   0                   0
 3.450                   0                   0                   0
 3.500                   0                   0                   0
 3.550                   0                   0                   0
 3.600                   0                   0                   0
 3.650                   0                   0                   0
 3.700                   0                   0                   0
 3.750                   0                   0                   0
 3.800                   0                   0                   0
 3.850                   0                   0                   0
 3.900                   0                   0                   0
 3.950                   0                   0                   0
 4.000                   0                   0                   0
 4.050                   0                   0                   0
 4.100                   0                   0                   0
 4.150                   0                   0                   0
 4.200                   0                   0                   0
 4.250                   0                   0                   0
 4.300                   0                   0                   0
 4.350                   0                   0                   0
 4.400                   0                   0                   0
 4.450                   0                   0                   0
 4.500                   0                   0                   0
 4.550                   0                   0                   0
 4.600                   0                   0                   0
 4.650                   0                   0                   0
 4.700                   0                   0                   0
 4.750                   0                   0                   0
 4.800                   0                   0                   0
 4.850                   0                   0                   0
 4.900                   0                   0                   0
 4.950                   0                   0                   0
