  0.000000000000000E+000       83037       45065       44195
  5.000000000000000E-002        5857       19477        3779
  0.100000000000000             5285       16633        3943
  0.150000000000000             5235       10447        3782
  0.200000000000000             4930        6877        3314
  0.250000000000000             5379        5580        2622
  0.300000000000000             4628        5466        2498
  0.350000000000000             5214        5073        2403
  0.400000000000000             5723        5504        1993
  0.450000000000000             6946        6124        1887
  0.500000000000000             7171        6721        1761
  0.550000000000000             7926        7807        1749
  0.600000000000000             8617        8740        1901
  0.650000000000000            10855       10266        1929
  0.700000000000000            11479       11855        1952
  0.750000000000000            14104       13265        2018
  0.800000000000000            17247       16359        2239
  0.850000000000000            23491       22125        2352
  0.900000000000000            33672       31966        2531
  0.950000000000000            55478       56384        2910
   1.00000000000000          5462229     5456302     5493281
   1.05000000000000           791671      758375      450593
   1.10000000000000           539870      547507      264463
   1.15000000000000           379808      391501      247283
   1.20000000000000           229196      244389      313147
   1.25000000000000           124528      131427      250666
   1.30000000000000            63754       67286      212978
   1.35000000000000            32711       34429      199083
   1.40000000000000            12628       14873      149605
   1.45000000000000             2158        2958      114681
   1.50000000000000                0          45       83099
   1.55000000000000                0           1       49546
   1.60000000000000                0           0       25374
   1.65000000000000                0           0       10752
   1.70000000000000                0           0        2907
   1.75000000000000                0           0        1498
   1.80000000000000                0           0         113
   1.85000000000000                0           0           0
   1.90000000000000                0           0           0
   1.95000000000000                0           0           0
   2.00000000000000                0           0           0
   2.05000000000000                0           0           0
   2.10000000000000                0           0           0
   2.15000000000000                0           0           0
   2.20000000000000                0           0           0
   2.25000000000000                0           0           0
   2.30000000000000                0           0           0
   2.35000000000000                0           0           0
   2.40000000000000                0           0           0
   2.45000000000000                0           0           0
   2.50000000000000                0           0           0
   2.55000000000000                0           0           0
   2.60000000000000                0           0           0
   2.65000000000000                0           0           0
   2.70000000000000                0           0           0
   2.75000000000000                0           0           0
   2.80000000000000                0           0           0
   2.85000000000000                0           0           0
   2.90000000000000                0           0           0
   2.95000000000000                0           0           0
   3.00000000000000                0           0           0
   3.05000000000000                0           0           0
   3.10000000000000                0           0           0
   3.15000000000000                0           0           0
   3.20000000000000                0           0           0
   3.25000000000000                0           0           0
   3.30000000000000                0           0           0
   3.35000000000000                0           0           0
   3.40000000000000                0           0           0
   3.45000000000000                0           0           0
   3.50000000000000                0           0           0
   3.55000000000000                0           0           0
   3.60000000000000                0           0           0
   3.65000000000000                0           0           0
   3.69999999999999                0           0           0
   3.74999999999999                0           0           0
   3.79999999999999                0           0           0
   3.84999999999999                0           0           0
   3.89999999999999                0           0           0
   3.94999999999999                0           0           0
   3.99999999999999                0           0           0
   4.04999999999999                0           0           0
   4.09999999999999                0           0           0
   4.14999999999999                0           0           0
   4.19999999999999                0           0           0
   4.24999999999999                0           0           0
   4.29999999999999                0           0           0
   4.34999999999999                0           0           0
   4.39999999999999                0           0           0
   4.44999999999999                0           0           0
   4.49999999999999                0           0           0
   4.54999999999999                0           0           0
   4.59999999999999                0           0           0
   4.64999999999999                0           0           0
   4.69999999999999                0           0           0
   4.74999999999999                0           0           0
   4.79999999999999                0           0           0
   4.84999999999999                0           0           0
   4.89999999999999                0           0           0
   4.94999999999999                0           0           0
