 0.000              233268              233230              234422
 0.050                4828                4841                4207
 0.100                4266                4282                3673
 0.150                4190                4196                3681
 0.200                4284                4286                3745
 0.250                4268                4272                3877
 0.300                4449                4452                3978
 0.350                4354                4349                4154
 0.400                4578                4580                4154
 0.450                4565                4568                4429
 0.500                4745                4745                4446
 0.550                4929                4924                4736
 0.600                5135                5150                5029
 0.650                5516                5521                5275
 0.700                5790                5787                5697
 0.750                6328                6325                6092
 0.800                6863                6867                6737
 0.850                7505                7514                7337
 0.900                8579                8580                8277
 0.950               10080               10081                9617
 1.000              146842              147326              164555
 1.050              190016              189491              172739
 1.100              187716              187310              174906
 1.150              124008              124212              113886
 1.200               12898               13111               28884
 1.250                   0                   0               11371
 1.300                   0                   0                  96
 1.350                   0                   0                   0
 1.400                   0                   0                   0
 1.450                   0                   0                   0
 1.500                   0                   0                   0
 1.550                   0                   0                   0
 1.600                   0                   0                   0
 1.650                   0                   0                   0
 1.700                   0                   0                   0
 1.750                   0                   0                   0
 1.800                   0                   0                   0
 1.850                   0                   0                   0
 1.900                   0                   0                   0
 1.950                   0                   0                   0
 2.000                   0                   0                   0
 2.050                   0                   0                   0
 2.100                   0                   0                   0
 2.150                   0                   0                   0
 2.200                   0                   0                   0
 2.250                   0                   0                   0
 2.300                   0                   0                   0
 2.350                   0                   0                   0
 2.400                   0                   0                   0
 2.450                   0                   0                   0
 2.500                   0                   0                   0
 2.550                   0                   0                   0
 2.600                   0                   0                   0
 2.650                   0                   0                   0
 2.700                   0                   0                   0
 2.750                   0                   0                   0
 2.800                   0                   0                   0
 2.850                   0                   0                   0
 2.900                   0                   0                   0
 2.950                   0                   0                   0
 3.000                   0                   0                   0
 3.050                   0                   0                   0
 3.100                   0                   0                   0
 3.150                   0                   0                   0
 3.200                   0                   0                   0
 3.250                   0                   0                   0
 3.300                   0                   0                   0
 3.350                   0                   0                   0
 3.400                   0                   0                   0
 3.450                   0                   0                   0
 3.500                   0                   0                   0
 3.550                   0                   0                   0
 3.600                   0                   0                   0
 3.650                   0                   0                   0
 3.700                   0                   0                   0
 3.750                   0                   0                   0
 3.800                   0                   0                   0
 3.850                   0                   0                   0
 3.900                   0                   0                   0
 3.950                   0                   0                   0
 4.000                   0                   0                   0
 4.050                   0                   0                   0
 4.100                   0                   0                   0
 4.150                   0                   0                   0
 4.200                   0                   0                   0
 4.250                   0                   0                   0
 4.300                   0                   0                   0
 4.350                   0                   0                   0
 4.400                   0                   0                   0
 4.450                   0                   0                   0
 4.500                   0                   0                   0
 4.550                   0                   0                   0
 4.600                   0                   0                   0
 4.650                   0                   0                   0
 4.700                   0                   0                   0
 4.750                   0                   0                   0
 4.800                   0                   0                   0
 4.850                   0                   0                   0
 4.900                   0                   0                   0
 4.950                   0                   0                   0
