  0.000000000000000E+000       46520       34214       26580
  5.000000000000000E-002        4360        8726        4542
  0.100000000000000             3715        6768        3133
  0.150000000000000             3828        5061        2085
  0.200000000000000             3691        4205        1882
  0.250000000000000             3860        3965        1703
  0.300000000000000             3847        4023        1763
  0.350000000000000             3927        4088        1886
  0.400000000000000             4288        4280        1744
  0.450000000000000             4571        4337        1691
  0.500000000000000             5034        5091        1577
  0.550000000000000             6555        5845        1676
  0.600000000000000             7307        6629        1799
  0.650000000000000             7399        7710        1829
  0.700000000000000             7846        7960        1973
  0.750000000000000             8528        8366        2021
  0.800000000000000             9848        9899        2170
  0.850000000000000            11158       12034        2234
  0.900000000000000            14188       14633        2508
  0.950000000000000            17354       17806        2681
   1.00000000000000          4447146     4463429     5125520
   1.05000000000000           719108      718809      430730
   1.10000000000000           748535      717170      394730
   1.15000000000000           708550      708925      351101
   1.20000000000000           516262      515746      266192
   1.25000000000000           291913      303510      257142
   1.30000000000000           192737      190497      238054
   1.35000000000000            78390       84719      174825
   1.40000000000000            38911       39532      157137
   1.45000000000000            20395       21426      133937
   1.50000000000000             7268        7504      109818
   1.55000000000000             1111        1243       87291
   1.60000000000000                0           0       66478
   1.65000000000000                0           0       45119
   1.70000000000000                0           0       23677
   1.75000000000000                0           0       12136
   1.80000000000000                0           0        4848
   1.85000000000000                0           0        1572
   1.90000000000000                0           0         327
   1.95000000000000                0           0          39
   2.00000000000000                0           0           0
   2.05000000000000                0           0           0
   2.10000000000000                0           0           0
   2.15000000000000                0           0           0
   2.20000000000000                0           0           0
   2.25000000000000                0           0           0
   2.30000000000000                0           0           0
   2.35000000000000                0           0           0
   2.40000000000000                0           0           0
   2.45000000000000                0           0           0
   2.50000000000000                0           0           0
   2.55000000000000                0           0           0
   2.60000000000000                0           0           0
   2.65000000000000                0           0           0
   2.70000000000000                0           0           0
   2.75000000000000                0           0           0
   2.80000000000000                0           0           0
   2.85000000000000                0           0           0
   2.90000000000000                0           0           0
   2.95000000000000                0           0           0
   3.00000000000000                0           0           0
   3.05000000000000                0           0           0
   3.10000000000000                0           0           0
   3.15000000000000                0           0           0
   3.20000000000000                0           0           0
   3.25000000000000                0           0           0
   3.30000000000000                0           0           0
   3.35000000000000                0           0           0
   3.40000000000000                0           0           0
   3.45000000000000                0           0           0
   3.50000000000000                0           0           0
   3.55000000000000                0           0           0
   3.60000000000000                0           0           0
   3.65000000000000                0           0           0
   3.69999999999999                0           0           0
   3.74999999999999                0           0           0
   3.79999999999999                0           0           0
   3.84999999999999                0           0           0
   3.89999999999999                0           0           0
   3.94999999999999                0           0           0
   3.99999999999999                0           0           0
   4.04999999999999                0           0           0
   4.09999999999999                0           0           0
   4.14999999999999                0           0           0
   4.19999999999999                0           0           0
   4.24999999999999                0           0           0
   4.29999999999999                0           0           0
   4.34999999999999                0           0           0
   4.39999999999999                0           0           0
   4.44999999999999                0           0           0
   4.49999999999999                0           0           0
   4.54999999999999                0           0           0
   4.59999999999999                0           0           0
   4.64999999999999                0           0           0
   4.69999999999999                0           0           0
   4.74999999999999                0           0           0
   4.79999999999999                0           0           0
   4.84999999999999                0           0           0
   4.89999999999999                0           0           0
   4.94999999999999                0           0           0
