 0.0 17683866.8889
0.05 1055970.88889
 0.1 737155.111111
0.15 573607.222222
 0.2 420946.0
0.25 315360.666667
 0.3 241231.666667
0.35 191505.666667
 0.4 158102.0
0.45 134631.777778
 0.5 121470.666667
0.55 114414.777778
 0.6 110527.777778
0.65 111557.666667
 0.7 115518.777778
0.75 123292.777778
 0.8 133586.555556
0.85 145559.333333
 0.9 162385.111111
0.95 189882.888889
 1.0 16865271.3333
1.05 15182369.0
 1.1 11964295.8889
1.15 8854762.33333
 1.2 6746142.77778
1.25 5157691.22222
 1.3 4104628.55556
1.35 3284336.11111
 1.4 2606071.22222
1.45 2067999.0
 1.5 1634681.55556
1.55 1287877.33333
 1.6 936589.158233
1.65 720939.280366
 1.7 552005.56767
1.75 420420.064545
 1.8 318506.733325
1.85 240020.871409
 1.9 179917.996097
1.95 134151.461827
 2.0 99497.3285977
2.05 73404.492183
 2.1 53867.778227
2.15 39321.5560265
 2.2 28551.408262
2.25 20621.4680612
 2.3 14815.1765936
2.35 10587.3992876
 2.4 7526.04756367
2.45 5321.57064832
 2.5 3742.89731487
2.55 2618.61227831
 2.6 1822.34120097
2.65 1261.48878937
 2.7 868.624957651
2.75 594.944451465
 2.8 405.336525637
2.85 274.694693283
 2.9 185.1739989
2.95 124.166645471
 3.0 82.8180685751
3.05 54.9465532446
 3.1 36.2619386052
3.15 23.8043753041
 3.2 15.5438202818
3.25 10.0961071411
 3.3 6.52296941284
3.35 4.19210295767
 3.4 2.67987011454
3.45 1.70408305406
 3.5 1.07786154244
3.55 0.678157240271
 3.6 0.424417258529
3.65 0.264210988347
 3.7 0.163607768981
3.75 0.100774853674
 3.8 0.0617441244976
3.85 0.0376300074707
 3.9 0.022812252979
3.95 0.0137561613323
 4.0 0.00825128426046
4.05 0.00492312705814
 4.1 0.00292183540081
4.15 0.00172490688582
 4.2 0.0010129097978
4.25 0.000591658482297
 4.3 0.000343768932213
4.35 0.000198681468883
 4.4 0.000114220302507
4.45 6.53167334091e-05
 4.5 3.7153592601e-05
4.55 2.10219200149e-05
 4.6 1.18314820987e-05
4.65 6.62370724966e-06
 4.7 3.68857242329e-06
4.75 2.04319918869e-06
 4.8 1.12579238533e-06
4.85 6.17022659235e-07
 4.9 3.36386940094e-07
4.95 1.82419955963e-07
