 0.0 17722512.0
0.05 1042774.0
 0.1 743094.222222
0.15 542038.444444
 0.2 413933.555556
0.25 316477.444444
 0.3 237896.666667
0.35 182957.333333
 0.4 149487.222222
0.45 127207.888889
 0.5 113568.888889
0.55 104624.444444
 0.6 102056.111111
0.65 102117.444444
 0.7 106408.222222
0.75 113050.111111
 0.8 122745.888889
0.85 135222.111111
 0.9 151041.0
0.95 175262.555556
 1.0 15406946.1111
1.05 14763799.6667
 1.1 11515430.4444
1.15 8955029.55556
 1.2 6966605.44444
1.25 5361599.0
 1.3 4175683.22222
1.35 3288895.22222
 1.4 2595642.0
1.45 2047339.88889
 1.5 1633319.44444
1.55 1302359.66667
 1.6 1027417.66667
1.65 797604.222222
 1.7 605812.333333
1.75 452594.0
 1.8 333558.777778
1.85 235366.666667
 1.9 162947.333333
1.95 108772.111111
 2.0 69623.5555556
2.05 41898.3333333
 2.1 24546.1111111
2.15 13605.7777778
 2.2 7027.77777778
2.25 3327.33333333
 2.3 1561.44444444
2.35 628.666666667
 2.4 278.555555556
2.45  92.0
 2.5 15.3333333333
2.55 7.66666666667
 2.6 2.55555555556
2.65   0.0
 2.7   0.0
2.75   0.0
 2.8   0.0
2.85   0.0
 2.9   0.0
2.95   0.0
 3.0   0.0
3.05   0.0
 3.1   0.0
3.15   0.0
 3.2   0.0
3.25   0.0
 3.3   0.0
3.35   0.0
 3.4   0.0
3.45   0.0
 3.5   0.0
3.55   0.0
 3.6   0.0
3.65   0.0
 3.7   0.0
3.75   0.0
 3.8   0.0
3.85   0.0
 3.9   0.0
3.95   0.0
 4.0   0.0
4.05   0.0
 4.1   0.0
4.15   0.0
 4.2   0.0
4.25   0.0
 4.3   0.0
4.35   0.0
 4.4   0.0
4.45   0.0
 4.5   0.0
4.55   0.0
 4.6   0.0
4.65   0.0
 4.7   0.0
4.75   0.0
 4.8   0.0
4.85   0.0
 4.9   0.0
4.95   0.0
