 0.0 17683866.8889
0.05 1055970.88889
 0.1 737155.111111
0.15 573607.222222
 0.2 420946.0
0.25 315360.666667
 0.3 241231.666667
0.35 191505.666667
 0.4 158102.0
0.45 134631.777778
 0.5 121470.666667
0.55 114414.777778
 0.6 110527.777778
0.65 111557.666667
 0.7 115518.777778
0.75 123292.777778
 0.8 133586.555556
0.85 145559.333333
 0.9 162385.111111
0.95 189882.888889
 1.0 16865271.3333
1.05 15182369.0
 1.1 11964295.8889
1.15 8854762.33333
 1.2 6746142.77778
1.25 5157691.22222
 1.3 4104628.55556
1.35 3284336.11111
 1.4 2606071.22222
1.45 2067999.0
 1.5 1634681.55556
1.55 1287877.33333
 1.6 1010152.33333
1.65 783640.666667
 1.7 601991.777778
1.75 457613.111111
 1.8 339789.222222
1.85 246422.0
 1.9 174107.444444
1.95 120514.888889
 2.0 80952.3333333
2.05 52112.8888889
 2.1 32557.7777778
2.15 19741.6666667
 2.2 11111.5555556
2.25 6325.0
 2.3 3179.11111111
2.35 1469.44444444
 2.4 835.666666667
2.45 281.111111111
 2.5 104.777777778
2.55 33.2222222222
 2.6 20.4444444444
2.65 7.66666666667
 2.7 2.55555555556
2.75 2.55555555556
 2.8   0.0
2.85   0.0
 2.9   0.0
2.95   0.0
 3.0   0.0
3.05   0.0
 3.1   0.0
3.15   0.0
 3.2   0.0
3.25   0.0
 3.3   0.0
3.35   0.0
 3.4   0.0
3.45   0.0
 3.5   0.0
3.55   0.0
 3.6   0.0
3.65   0.0
 3.7   0.0
3.75   0.0
 3.8   0.0
3.85   0.0
 3.9   0.0
3.95   0.0
 4.0   0.0
4.05   0.0
 4.1   0.0
4.15   0.0
 4.2   0.0
4.25   0.0
 4.3   0.0
4.35   0.0
 4.4   0.0
4.45   0.0
 4.5   0.0
4.55   0.0
 4.6   0.0
4.65   0.0
 4.7   0.0
4.75   0.0
 4.8   0.0
4.85   0.0
 4.9   0.0
4.95   0.0
