 0.000                5514                5445                4874
 0.050                 383                 358                  23
 0.100                 306                 338                  33
 0.150                 271                 267                  27
 0.200                 261                 210                  23
 0.250                 262                 274                  36
 0.300                 268                 244                  27
 0.350                 251                 239                  29
 0.400                 281                 269                  34
 0.450                 260                 278                  33
 0.500                 276                 273                  32
 0.550                 287                 303                  59
 0.600                 324                 317                  38
 0.650                 321                 327                  51
 0.700                 343                 362                  52
 0.750                 391                 390                  68
 0.800                 435                 455                  71
 0.850                 501                 469                  73
 0.900                 545                 559                 103
 0.950                 588                 638                 105
 1.000              714302              714434              715562
 1.050               15847               16152               17356
 1.100               12382               12386               10204
 1.150               15138               14608                9018
 1.200               16680               16408                9648
 1.250                8408                8702                8934
 1.300                2147                2249                7507
 1.350                  31                  48                6304
 1.400                   0                   1                4145
 1.450                   0                   0                2283
 1.500                   0                   0                 251
 1.550                   0                   0                   0
 1.600                   0                   0                   0
 1.650                   0                   0                   0
 1.700                   0                   0                   0
 1.750                   0                   0                   0
 1.800                   0                   0                   0
 1.850                   0                   0                   0
 1.900                   0                   0                   0
 1.950                   0                   0                   0
 2.000                   0                   0                   0
 2.050                   0                   0                   0
 2.100                   0                   0                   0
 2.150                   0                   0                   0
 2.200                   0                   0                   0
 2.250                   0                   0                   0
 2.300                   0                   0                   0
 2.350                   0                   0                   0
 2.400                   0                   0                   0
 2.450                   0                   0                   0
 2.500                   0                   0                   0
 2.550                   0                   0                   0
 2.600                   0                   0                   0
 2.650                   0                   0                   0
 2.700                   0                   0                   0
 2.750                   0                   0                   0
 2.800                   0                   0                   0
 2.850                   0                   0                   0
 2.900                   0                   0                   0
 2.950                   0                   0                   0
 3.000                   0                   0                   0
 3.050                   0                   0                   0
 3.100                   0                   0                   0
 3.150                   0                   0                   0
 3.200                   0                   0                   0
 3.250                   0                   0                   0
 3.300                   0                   0                   0
 3.350                   0                   0                   0
 3.400                   0                   0                   0
 3.450                   0                   0                   0
 3.500                   0                   0                   0
 3.550                   0                   0                   0
 3.600                   0                   0                   0
 3.650                   0                   0                   0
 3.700                   0                   0                   0
 3.750                   0                   0                   0
 3.800                   0                   0                   0
 3.850                   0                   0                   0
 3.900                   0                   0                   0
 3.950                   0                   0                   0
 4.000                   0                   0                   0
 4.050                   0                   0                   0
 4.100                   0                   0                   0
 4.150                   0                   0                   0
 4.200                   0                   0                   0
 4.250                   0                   0                   0
 4.300                   0                   0                   0
 4.350                   0                   0                   0
 4.400                   0                   0                   0
 4.450                   0                   0                   0
 4.500                   0                   0                   0
 4.550                   0                   0                   0
 4.600                   0                   0                   0
 4.650                   0                   0                   0
 4.700                   0                   0                   0
 4.750                   0                   0                   0
 4.800                   0                   0                   0
 4.850                   0                   0                   0
 4.900                   0                   0                   0
 4.950                   0                   0                   0
